3000
571 147
-380 -686
74 493
507 -651
-302 -254
442 -71
-409 -537
-453 -269
-269 666
335 728
-445 576
662 -186
-578 284
-580 123
-259 -394
96 491
-1 498
291 173
325 -726
-298 -270
-373 -714
-372 -218
113 -229
-524 -153
-197 122
589 577
-407 -125
-751 -319
492 533
33 621
-319 -762
551 590
-379 -522
-58 653
-34 -712
504 -529
-385 81
211 -493
-457 -583
-739 762
32 169
-746 365
-364 -379
619 -706
311 464
-745 -68
477 177
-84 -503
-697 42
-171 472
745 344
-173 -54
388 -244
-236 26
-343 410
-669 -375
-342 -17
-212 755
-610 -30
-436 592
-473 -295
100 -148
237 -282
-728 -563
-641 40
-666 -28
-57 -306
665 140
-680 -610
-649 509
284 -244
-38 -490
-422 145
-320 600
309 -248
163 752
566 330
-277 -379
669 615
545 202
121 -680
151 41
-32 -737
386 -277
-656 160
277 8
-72 -100
420 501
-737 -535
-404 328
325 -503
-138 236
142 -701
295 -528
468 575
-67 -257
753 11
583 -242
388 -92
-415 -149
332 747
94 -123
205 146
392 668
518 210
-427 -52
-9 663
238 -626
-681 -13
-724 384
129 -701
398 110
354 -85
-273 -615
-108 -522
-480 131
386 74
39 -684
357 -515
656 -675
-189 362
535 -624
245 -501
255 297
611 35
296 2
-98 160
515 419
-192 401
-610 -479
535 -707
309 -578
-590 -704
-496 -691
177 198
-55 -454
-326 359
502 -502
-590 2
-606 497
-271 -165
375 3
33 483
-663 -254
-154 -190
663 -482
544 685
-126 421
403 -39
429 -314
617 21
179 748
-499 -62
679 -550
110 161
51 -684
-532 -460
-730 502
243 -683
494 -754
-151 -185
-276 -304
91 -750
-235 -209
-685 -106
248 15
608 321
290 -318
-681 300
126 723
168 332
-1 656
-71 -97
431 -208
-31 -90
282 462
481 347
-342 -245
192 -292
-463 388
54 510
-669 -272
725 -219
-73 -209
-259 -585
339 -133
-477 154
-640 -347
189 -691
524 -577
-634 718
-604 -168
-566 -127
178 -541
-665 -518
-479 -163
-235 -344
22 525
1 -465
-631 -8
-364 303
-93 231
271 -693
699 628
742 704
-470 -633
-444 -610
160 718
174 -543
282 105
3 498
-229 -279
-722 440
369 391
-396 -107
199 -525
663 241
626 82
-135 528
729 720
594 -528
-581 42
567 566
-42 282
60 -15
172 629
728 391
-214 270
572 -500
-738 593
-362 -624
635 196
352 550
632 -222
308 -315
-432 200
-312 -479
528 542
65 31
672 0
601 140
-646 600
-436 -263
520 381
451 412
-706 -306
-231 610
-758 -519
-301 390
505 556
-177 -521
70 -163
587 -365
231 646
447 133
588 150
166 -281
55 -622
-135 -645
-490 -67
216 425
-279 538
611 184
-573 148
-702 448
-540 -494
518 -489
303 540
217 410
-7 573
-61 49
-754 -338
-341 655
-757 630
35 -92
516 -179
-673 -695
-686 -299
-225 656
-575 56
-699 -219
-71 555
58 -694
499 717
708 -247
-532 -43
-303 515
33 -238
-198 -332
-337 -709
-700 737
-485 -307
513 -211
-12 569
-646 425
-160 698
133 -496
692 310
-661 591
117 494
-388 -185
503 636
-534 201
-208 752
715 -50
328 -200
-337 -538
421 -507
378 -345
519 -255
436 -392
-271 -183
-599 -374
-59 541
248 -360
217 599
723 -548
-297 -470
125 440
540 -435
721 -747
-57 20
-522 -34
-443 260
613 -199
158 122
-70 608
-432 -22
238 -303
612 136
-382 216
511 484
-249 -379
65 582
-660 69
616 277
501 42
-423 313
-21 -209
-135 -421
123 -637
-20 339
325 268
400 -333
573 219
-282 -30
710 -169
234 254
-300 419
502 18
199 175
305 -551
375 632
3 -333
371 -351
-63 -7
145 746
401 237
409 -429
682 351
-37 239
-211 -591
-453 -368
-253 320
-409 388
-162 -199
-754 442
604 -302
-116 -749
-211 198
-208 -26
602 -126
-578 170
-532 -541
459 382
12 600
-461 284
-279 -319
-555 -194
-105 268
693 -367
61 519
-304 -664
-312 -391
-356 411
257 221
33 -249
68 326
-689 321
-464 -147
584 -101
563 122
-326 -40
118 365
394 322
560 52
-178 679
-350 -404
-532 -402
-683 -317
-606 685
534 276
-135 691
500 623
509 -625
-552 -496
-190 -409
122 -24
-57 -648
254 -291
-136 -608
18 377
153 -628
-133 -574
-188 -729
-229 -125
-133 -353
-540 -742
-717 -26
110 533
508 595
-307 -296
535 -353
-369 504
-160 -316
344 280
486 300
-412 -689
-73 -544
-383 -523
-538 258
145 -559
-695 -629
-218 437
-51 508
-263 341
-519 -166
692 521
-20 292
-726 17
254 141
44 129
194 716
-57 319
231 440
217 -139
199 -661
-595 576
-103 132
-607 -38
270 625
-479 112
-731 -288
320 131
738 -711
-87 362
-384 48
724 -39
-111 -467
-339 -308
-207 -30
247 -465
-520 -223
-283 631
-262 -109
97 504
417 -224
-630 -280
107 152
-183 -456
718 -653
712 -497
-48 271
-616 402
-312 -102
679 698
-283 -10
322 -138
589 -704
-118 338
-750 679
373 -232
464 413
217 -365
-384 377
-204 416
629 -471
565 133
-22 -701
84 23
495 -721
749 -502
-193 -40
-526 -225
667 150
199 591
762 459
-428 -444
-703 -29
-90 -570
199 107
43 608
21 -387
288 736
-373 740
229 226
241 118
418 -731
243 -14
-82 -664
-638 153
460 0
-293 -498
-175 375
384 363
562 86
421 38
101 -362
215 635
-512 -376
-755 256
480 223
29 -106
57 716
-566 126
385 -541
573 -291
246 -701
-571 -119
-435 -158
2 -26
-117 -543
-662 -12
609 337
325 122
269 -277
-451 686
185 395
378 264
737 -589
270 459
-636 -609
-254 457
-26 420
-667 -354
9 -535
641 99
41 670
84 -629
-710 580
187 244
-471 407
-718 498
-329 317
-247 164
-255 711
351 414
639 -523
-647 99
-335 230
548 -59
209 16
745 -16
513 -39
482 -75
-71 -499
-554 -2
291 758
-239 -232
241 605
-62 377
591 318
-239 348
-254 151
753 203
-12 279
177 704
482 689
503 222
-656 -334
-325 81
734 -86
475 319
-579 559
-516 -690
367 -600
4 -311
-606 719
449 -650
188 155
-138 -503
-490 538
11 158
508 564
736 -685
-294 612
-594 749
260 -719
-163 -695
495 501
183 549
276 319
157 -547
-544 -622
279 -116
-97 83
341 156
314 -7
762 -338
-282 -703
-474 124
480 -136
-21 -330
-505 -262
353 389
-19 115
-73 76
-350 -200
275 -260
689 597
31 -527
-156 600
128 -428
663 -459
124 162
-39 95
274 316
-223 -92
25 271
166 608
-477 -84
109 -484
695 205
692 -386
715 -657
478 660
505 -70
-405 -98
62 -325
629 -477
731 -603
-213 -249
688 363
759 276
70 -89
719 -728
55 -81
-369 385
-58 462
-267 320
-684 -457
-125 -315
376 566
-144 -455
-455 248
-664 -425
574 563
180 762
-677 73
-81 629
-743 250
721 446
-175 257
588 77
-285 531
-552 47
-161 -472
-110 512
-614 -212
-417 388
601 608
576 747
-557 370
346 -172
-183 482
517 29
448 86
-97 299
-655 708
592 243
-271 -637
449 151
-188 180
58 712
-741 516
-2 -735
489 555
-617 760
27 750
408 -20
653 409
-657 4
-690 -387
-501 281
-645 747
-397 -599
392 -353
-211 -584
494 -517
-693 633
-729 -424
202 184
337 530
-145 707
623 -32
253 606
-594 -143
154 -758
94 -636
-228 400
666 107
-172 36
455 -702
-671 -285
-690 -639
627 -17
206 745
-335 327
-727 -502
188 319
-711 -250
675 428
-736 -389
432 -278
154 -106
-178 -664
215 84
297 -346
29 491
-339 224
-199 -446
-271 -229
-76 -434
-64 -287
14 -302
-159 81
271 -545
721 -282
-439 80
244 -126
-388 714
-308 -94
77 -481
-181 -605
-228 -363
-667 14
-518 -108
400 427
377 -556
-498 -594
-44 -53
-187 -450
-134 143
351 237
-749 -632
-317 699
-387 -10
179 26
459 675
702 -337
-675 -536
-562 -112
-195 270
101 681
124 -487
83 502
-206 386
643 -528
470 270
-691 -178
-374 -272
94 475
-208 -437
352 -292
-440 659
-491 -399
-456 509
-208 420
110 -132
761 265
-181 53
-39 -712
723 362
-339 99
-508 -239
-217 -56
180 -459
-3 -654
-433 75
423 -352
294 341
-71 343
-581 -509
477 728
-41 172
465 314
-699 -486
280 -52
-660 121
-349 262
349 283
696 308
-207 -220
-635 113
192 -104
-733 590
-520 337
490 -106
-167 611
-450 -447
712 -376
-332 -34
34 -76
-112 578
77 217
4 251
-153 172
375 299
228 544
108 639
-56 -603
339 399
656 -726
-205 -543
468 209
661 153
249 -300
525 -181
673 -656
120 -208
-556 156
-720 -628
727 -741
-8 -312
-318 -90
-305 736
753 -125
39 -486
215 443
-515 -169
526 -409
114 696
635 -450
-636 49
-499 326
-353 -492
-19 -666
82 351
552 -82
127 75
-668 -378
-752 670
337 197
-261 -447
237 -619
337 105
208 348
576 678
-216 547
-251 -701
669 -687
-752 -641
598 242
-576 -733
-335 -309
-372 -502
-49 -652
220 421
366 310
244 -378
716 -324
638 163
-95 426
-348 465
671 -585
375 420
-135 -325
-289 -524
-144 268
-292 626
-744 -53
-190 -24
-714 -665
291 -290
107 -596
89 -523
179 552
-87 -627
154 109
561 95
-71 396
508 204
-301 -408
507 -533
34 -528
611 -330
158 44
271 587
-645 -754
716 319
21 -573
681 425
133 479
358 626
-690 -384
702 335
113 755
80 -293
-56 499
742 -310
-270 10
-619 509
-624 -113
25 445
-747 -727
703 10
-6 185
19 -671
-424 2
-127 -130
-404 506
-718 -39
-174 -103
551 79
725 -447
-643 225
-549 194
-485 -60
-425 187
-577 -606
-598 507
178 -580
-144 -181
-636 180
-565 -756
-386 -710
197 231
-395 -126
-115 111
432 689
386 -390
649 615
324 4
369 -506
-503 442
-229 -532
448 -45
263 565
692 586
-1 493
148 749
73 -92
267 -362
-74 362
-453 456
722 -474
204 151
748 375
529 -273
-263 -74
413 727
656 -519
-112 55
-52 -9
-754 164
-758 -192
-16 -646
-539 -495
-355 571
318 654
-392 549
428 477
725 -352
-753 249
110 -631
236 -470
-419 -334
-415 -464
121 642
-380 -508
-99 497
-612 -180
248 279
495 466
339 -349
-380 757
178 537
483 8
385 206
-613 -325
454 351
-313 -690
-263 -715
-26 193
502 -682
-746 -732
-52 636
677 686
568 -151
-392 88
-387 -398
-741 -520
722 327
-742 531
-529 -741
-119 -441
-34 338
553 -230
-475 -76
116 -647
-714 191
413 -528
32 -535
-430 -376
-484 543
-170 -58
623 -22
198 -679
-647 -445
-468 140
258 309
-337 -255
-363 -492
315 -16
-72 511
-354 570
-595 516
-129 -519
99 742
4 -581
562 -666
26 756
-597 -661
658 -76
503 -145
-562 -119
306 50
380 278
237 -36
-617 481
-728 -407
699 -735
-243 -558
-761 -557
691 592
-519 -600
509 -322
133 -416
76 -291
682 -96
489 264
-576 -411
216 631
482 370
277 -201
628 -723
-348 166
668 193
-571 -108
113 -453
417 156
310 -632
11 -126
-455 -64
327 -404
-131 -541
-237 -510
-703 571
-23 -173
759 -319
-706 130
515 -674
417 35
-556 597
-319 545
-29 45
293 720
278 -276
-358 475
-696 -216
491 -17
414 679
681 465
617 -68
631 258
-47 337
376 694
-691 -25
29 -300
-190 56
538 -758
-484 518
-294 -411
-679 -696
-266 252
494 190
-285 385
252 -532
-85 410
687 -645
602 -451
287 578
-267 -746
-162 -152
212 338
-566 409
-277 202
111 -100
736 449
-666 68
-509 571
322 -603
475 271
685 -414
-47 -34
-482 -582
424 -433
44 -168
-94 -609
-609 496
179 -510
393 362
-72 674
441 323
-456 115
179 371
-114 -154
-334 -67
150 -295
-472 -2
-1 -639
-74 -762
598 -383
613 -19
-676 -753
687 131
-724 -288
-333 -23
114 -333
48 -485
-137 407
-513 -351
-274 -588
680 -342
124 755
256 -243
-172 -87
-751 -72
210 -430
587 -234
-591 -698
721 325
349 -305
176 -138
-252 -152
563 739
-207 -537
-664 -685
64 -486
613 384
412 510
565 616
-154 195
107 -337
-634 716
-232 628
248 275
209 -251
179 -137
-263 -445
753 -494
96 620
719 587
-29 -177
266 619
95 461
-396 130
17 -297
371 592
600 198
-660 -287
-634 -415
69 229
59 -654
491 -412
599 -237
-434 545
574 613
219 491
371 23
-612 -613
2 327
161 -631
-739 -248
160 -531
501 403
429 120
-110 -353
53 86
142 634
-98 -248
-86 754
-237 453
592 -599
-560 -320
-416 351
-153 663
601 -310
753 -471
50 268
278 -752
593 -267
577 260
-160 -349
-759 747
328 221
357 -54
-734 7
-474 286
-286 -219
590 -153
362 648
-342 -270
-73 16
17 -484
-103 122
-434 -480
-286 -613
-669 158
-309 93
-640 -554
-728 299
609 -490
-273 -228
-301 -304
467 -449
592 514
-187 283
688 389
559 185
-434 313
-292 -608
35 83
203 -329
-487 100
572 583
-295 596
24 107
-406 -680
707 133
423 336
440 -84
-752 -500
661 569
-649 272
370 511
136 -485
-24 438
-712 154
355 -358
503 -68
647 -408
448 -54
-353 331
594 -238
-422 465
17 -639
388 -585
510 226
368 311
-554 -227
-691 -85
12 366
-752 590
480 -128
-122 575
-86 664
-120 -477
593 2
-581 660
-638 -521
-310 133
-753 461
-630 -709
-699 -22
-644 -270
-196 -452
-705 -47
314 210
-523 -681
182 -483
-23 -508
589 738
-525 360
-280 286
550 -384
478 -560
-688 -61
211 -262
-194 461
-432 275
-731 599
-502 310
327 464
395 -480
-84 84
-152 -512
-358 259
88 670
530 162
547 547
654 -263
-617 163
-363 -219
-69 -213
-425 -266
-430 -303
520 -510
744 321
375 541
65 -506
-584 722
-211 -481
325 -502
737 -687
429 -611
-8 181
140 -224
250 -312
-159 92
-85 148
104 515
-749 -322
569 106
376 -233
642 273
-437 418
-529 -135
-32 187
703 728
617 37
660 -136
-656 -87
212 -115
-445 -58
503 -501
-260 711
2 -134
-741 391
591 433
379 -229
-641 213
260 -744
421 -456
59 599
-186 280
592 -642
140 -39
-81 -308
110 -79
-634 144
186 -681
526 -206
108 730
701 438
725 494
-630 669
86 57
48 217
-86 -603
257 -100
-545 -96
-141 744
-8 -331
-501 376
-319 47
59 123
398 -314
31 601
151 524
-425 354
644 178
72 -499
-586 -373
158 142
-220 -731
-193 -469
-294 317
-76 199
-84 334
189 94
-319 567
-108 -193
626 -528
714 144
-757 324
254 -749
-633 -636
-731 483
-149 620
531 601
-61 -473
-658 172
-222 91
158 63
-84 589
274 512
-240 -527
-85 -493
262 44
248 284
157 -467
-754 -142
408 333
-141 297
554 -46
554 -631
681 609
-597 -576
-348 -139
244 696
-270 671
566 144
285 -90
499 -593
-261 612
-422 -307
671 508
205 574
-605 263
-714 93
-453 668
521 -515
-376 290
-267 -584
-603 -303
311 560
544 -123
-704 622
343 94
141 -173
-611 449
-454 329
-627 175
727 504
-116 -264
69 -70
-280 694
-690 726
108 -672
-676 -82
-707 262
324 96
-147 -654
-8 -1
-453 -742
-386 741
599 350
-212 -608
720 753
-248 688
-550 -184
-252 92
348 711
440 -499
513 250
283 -146
662 184
232 283
-724 -481
275 550
621 -235
-741 499
85 271
-63 379
-496 -146
-397 -35
-578 -124
-106 119
48 532
585 177
-388 -716
259 -443
-106 259
-658 421
-589 -117
-273 547
534 -673
80 -85
197 -728
49 459
-361 -339
-336 -747
106 -746
642 113
502 -656
207 -297
-384 391
-651 759
-37 -697
-473 -273
41 -536
-627 536
705 745
-494 -519
147 -755
279 8
138 100
-52 475
-157 -343
538 -233
265 -283
-306 461
-685 -426
156 -299
-141 -118
26 -300
-457 -370
391 -314
-341 -445
111 391
210 280
-220 660
185 386
-664 153
-607 711
215 -320
9 211
-679 -524
180 422
-552 -690
26 -421
642 -375
-323 6
552 545
189 -129
-712 236
583 -164
-569 -418
359 -190
690 536
-538 -688
731 383
-623 -601
-37 -266
-489 -39
409 -721
-600 -217
-394 451
429 -245
546 -713
485 499
-519 125
-524 292
733 -262
82 -700
-76 154
513 439
-386 598
713 659
9 -608
-419 -383
-269 603
-664 11
-192 298
216 -408
424 -391
-230 105
-609 383
-395 492
-610 -418
370 671
280 356
292 -276
-122 -676
-192 -565
642 53
-745 209
-139 231
637 581
575 -137
-119 12
-172 -55
110 111
-375 49
180 254
-544 279
-252 570
-129 443
-260 355
-42 187
303 220
-296 546
95 727
663 198
-143 -8
-672 -552
-156 258
532 -272
-166 707
12 189
350 -464
-710 -44
62 398
-157 -358
519 238
-317 -200
-134 -753
36 622
-501 -585
-530 734
60 654
118 -199
-477 -406
574 325
-70 699
678 353
335 -104
-402 -585
-665 248
-429 -147
245 -261
-634 -246
23 -54
282 -687
-149 172
-473 244
-503 155
53 656
598 -669
-163 631
525 -378
-655 362
300 608
70 -570
637 -310
221 -1
692 -476
-337 -467
-51 209
183 156
142 -86
-642 632
-690 55
-649 48
318 -483
291 -473
-363 634
49 -183
-31 119
-203 354
356 -677
-49 303
-22 675
680 -636
201 220
534 401
538 -440
-315 -353
-165 191
-40 495
-662 -561
-625 628
338 436
-242 -122
531 -207
-1 -571
123 38
535 -317
-761 -519
296 762
-422 394
-677 -720
116 521
425 -747
690 -153
371 679
-388 423
-618 -519
362 -218
141 -276
-305 -729
-121 -478
-331 2
-496 28
-604 -249
-631 216
345 75
-686 -581
-113 454
-14 -492
115 -303
334 88
21 227
-685 525
-744 -494
279 -132
-301 207
-657 355
-419 10
-181 551
198 -10
64 427
550 24
-386 -145
544 425
-121 -692
-358 -93
246 -128
376 404
-295 -295
198 360
-704 135
-705 110
-572 -390
264 474
491 536
39 -400
387 -598
758 -403
205 500
-616 653
-556 -589
385 565
-233 -156
86 721
565 -95
368 553
-267 -80
247 652
455 -600
131 681
154 -218
-419 -218
130 176
-592 -747
-392 -268
251 58
471 131
86 -216
263 -661
636 412
103 -323
391 171
-485 752
-679 -17
-594 -236
664 342
-115 -162
38 598
-20 -88
-422 -758
-580 386
-207 -375
383 -205
75 217
362 325
-314 208
304 -491
-711 255
-107 447
-656 -478
261 548
19 391
673 -128
714 338
-152 -395
-264 578
444 -284
440 427
-81 57
-728 -447
-74 617
-348 559
-455 -293
-658 -430
453 249
-323 -684
720 -513
-386 -50
142 -585
319 207
-504 -703
516 700
-384 -34
-273 -639
-626 -226
-383 78
191 55
271 604
-302 569
-486 -206
-539 508
-348 248
-514 184
-732 180
697 349
618 647
-82 153
51 528
-154 -149
210 -616
162 330
74 685
99 -190
-443 -557
271 262
322 -750
-480 185
-286 -589
-250 -491
734 -278
144 490
121 -77
-610 -328
738 127
-681 553
317 665
-459 -494
535 346
-502 -579
101 -311
-586 -433
304 -394
289 175
281 -62
-288 156
-212 71
-162 156
-751 -405
-573 -131
-1 -325
-167 265
-305 133
-189 -140
401 -730
49 665
-660 -417
263 -230
-632 -397
-413 -249
-158 266
639 -425
431 -507
-128 320
139 48
-689 -571
106 -319
644 169
733 -573
-23 -458
-560 -683
-731 19
442 -406
-267 -232
-166 239
-177 -118
-78 -603
422 -526
-638 -77
-389 33
-405 -135
519 369
455 447
728 517
177 -140
367 664
-594 594
595 163
-480 648
-556 64
629 25
-51 -311
115 -106
132 -678
181 -638
500 673
-423 526
-272 192
-233 749
240 505
-193 -312
411 141
333 341
-202 -605
-436 34
622 -124
-136 161
366 -252
5 -594
616 -246
-625 295
491 319
145 -345
-660 68
565 353
-276 449
-417 -239
199 -435
626 190
-374 66
713 319
-234 -398
-312 -204
-544 87
309 -232
-111 652
531 560
-88 -466
-720 300
494 45
704 229
54 147
694 -745
-216 620
-554 490
-737 -461
458 684
324 -533
-267 -328
14 435
211 57
431 -31
323 248
470 296
-445 -380
-140 -394
-635 478
120 -483
223 -204
747 -276
-131 -68
-177 142
686 -279
738 440
434 449
-332 -269
34 -425
462 -560
-334 198
432 -402
319 -325
-574 499
-735 551
-186 18
304 -316
-608 201
586 552
-87 117
259 516
18 -150
-489 235
377 -562
96 78
-283 357
390 -266
-263 565
-199 694
243 -331
452 227
757 704
-269 -465
517 -695
577 -259
-398 546
543 -293
-487 -76
-106 538
371 -6
337 -405
-126 121
-391 -246
-243 -37
-500 -335
15 -282
-541 -160
158 -348
67 -457
-71 395
-22 -195
552 -675
-508 189
-659 344
83 753
585 -443
706 755
-345 228
121 451
-753 -678
174 371
569 311
-116 -284
676 695
304 560
-253 -47
176 -18
-687 -366
246 184
145 705
548 -465
-332 -399
-757 38
-182 -232
211 -170
212 54
140 -209
-669 -516
-673 413
-301 -415
-76 -176
61 -236
93 -93
-335 -675
635 -159
-464 670
200 -41
416 614
105 676
-202 353
-536 595
-715 -667
418 -343
-131 294
-11 630
742 -108
-343 -322
511 30
-662 -746
-194 -607
246 -546
-54 -600
-263 220
188 67
-547 375
-357 -372
-751 -511
-311 469
-34 472
308 -60
180 485
-323 681
-42 233
-431 -650
589 -332
112 -526
602 -37
493 275
-368 322
405 308
-436 -355
-304 -760
-613 303
-429 -372
-694 -647
-710 -540
329 -552
694 219
257 468
701 41
543 -163
-520 200
36 -356
264 -355
434 390
13 444
-695 196
-497 -123
147 157
-625 -738
344 -702
-351 467
603 -402
-512 420
478 48
-556 485
-72 477
48 235
-25 718
-677 714
-759 -250
406 -353
611 -458
521 93
451 -545
-655 -591
-692 -606
645 -396
-703 513
753 -121
283 412
237 449
549 -604
475 150
-208 -64
477 755
667 -189
416 -287
492 72
458 485
-130 381
-738 437
295 -479
113 531
-406 -520
-169 -151
596 503
459 -455
50 -465
665 -541
60 -240
-397 420
-416 83
-301 753
551 600
568 -525
-136 58
520 444
590 -297
420 746
331 105
210 316
-196 -629
-372 -517
-359 -542
-380 498
447 480
-383 106
-283 -448
-160 691
523 -649
-16 538
-307 -262
-227 -459
-368 236
-57 536
-284 326
-249 -123
-152 -461
214 -512
374 -137
171 -654
-77 713
-729 122
-549 316
117 104
176 742
-47 356
707 -521
151 290
-419 -476
544 467
-195 -499
557 -559
-634 447
69 89
200 176
727 402
751 198
-495 92
-267 -200
109 205
459 80
-298 627
726 -299
334 -217
570 289
580 -353
-443 140
-220 591
-195 295
-669 38
-598 485
1 -329
-454 297
-133 659
557 509
57 54
-696 -509
683 -741
-150 449
-325 -753
-259 -199
-674 -661
-686 -262
-515 120
74 166
486 117
694 -342
-562 -675
413 690
283 -166
-275 709
411 636
417 232
-629 660
-573 -96
-531 687
216 656
662 -317
-60 150
514 604
-392 -237
24 57
-592 334
321 168
-89 -128
535 -729
2 -398
667 552
-90 341
670 -694
230 -269
441 -292
-537 -528
714 263
-315 -586
137 356
648 13
689 -718
361 -594
92 -597
193 -525
502 617
245 210
449 97
-327 659
32 708
-97 545
-537 474
-205 730
694 -116
-572 -412
-346 -571
629 320
94 -59
422 641
134 -128
54 191
-361 -411
-479 -691
-149 -5
121 -567
-87 406
288 -360
746 -624
-214 -637
649 176
-467 122
519 245
559 -343
-74 19
-715 591
573 210
473 -10
269 634
426 -550
536 -612
-184 -140
-474 352
284 175
364 -25
187 701
91 -713
528 -420
-268 -136
463 -88
650 -581
328 -317
424 -507
209 727
-565 312
-524 416
-27 660
424 120
603 112
147 -241
508 -255
-78 5
-627 54
-54 -313
-302 -217
131 -656
44 709
35 338
29 -393
-170 251
-182 437
-407 588
163 -193
247 -599
218 -474
431 -376
85 430
484 -633
325 642
635 -564
569 -294
659 531
106 -59
-464 -247
-328 745
371 540
68 622
479 581
345 413
697 116
-411 580
195 -680
-162 -648
397 -560
-2 -327
-11 646
-573 -271
631 750
-522 -400
123 217
494 717
-291 -186
-392 732
429 40
-377 -564
-178 210
-56 -611
518 -209
581 -219
-382 -434
449 587
-245 558
-611 220
706 -68
369 -567
-455 379
56 -406
398 659
-340 -467
436 -237
356 -332
312 -39
667 275
-350 -413
664 715
99 177
-559 -7
-139 432
-341 -590
-204 207
-554 231
-273 -538
-644 562
-64 627
411 193
-97 6
102 92
-22 379
-274 121
-409 -534
334 -378
-494 -123
230 -341
593 -328
45 -615
-342 114
-679 -750
1 719
-82 -700
109 356
515 -215
743 -437
-417 715
-246 -677
-560 -595
-292 136
716 524
-583 -625
732 -562
-537 -148
168 625
-452 253
-533 91
266 412
131 87
337 266
365 -636
46 174
730 561
270 595
-704 268
257 756
545 -39
562 69
262 104
-499 361
-598 371
-721 545
58 476
310 413
-37 609
-628 -465
60 -437
280 -499
-601 -561
716 -632
179 -746
587 -281
-269 -352
346 376
-623 -666
16 -622
653 -640
-12 -207
514 626
-83 221
352 435
-679 419
-359 0
426 111
191 513
-19 427
240 634
-394 -734
655 73
284 414
520 633
308 194
-370 195
-440 555
304 182
-273 437
298 -444
-271 -403
90 -553
82 -597
24 -111
94 565
663 -13
92 164
-457 -579
478 -158
232 181
-418 -5
-705 363
-500 -449
526 475
-190 -665
-703 755
64 118
533 -182
-244 117
-114 -172
-258 709
-5 577
2 217
-43 -632
-571 -491
469 327
671 744
669 -265
347 183
141 -68
518 -604
535 528
-89 -295
759 225
384 257
620 -110
758 511
-85 -12
-177 -384
-397 -559
717 -718
-706 -524
-740 -504
489 -296
-593 -131
609 -618
-455 -696
-399 593
-70 -359
-59 -546
579 556
-567 -545
112 -185
-433 391
7 -537
757 -240
601 -298
670 -502
-185 -714
329 8
-102 -478
581 522
411 474
-120 342
519 706
685 696
720 494
-614 -466
-553 -656
-195 -239
680 -514
131 -36
-718 -190
575 183
234 -570
-320 -630
-489 37
552 561
350 584
-264 731
-275 -141
129 282
204 -333
-176 742
133 631
576 628
601 -388
-697 435
709 328
-160 546
142 328
486 -26
-432 -432
601 -193
331 92
283 -221
-467 -109
88 58
10 -101
-247 505
587 615
583 -252
-75 741
676 -296
-575 -43
-576 -606
-716 -140
236 477
-309 684
453 -623
580 353
196 -506
730 24
-323 683
-48 517
470 201
487 722
-748 -81
683 207
-385 233
217 91
-487 -330
-294 -294
-450 460
-678 28
292 -361
-86 -551
429 -132
37 -539
-638 285
-284 465
-198 -687
-384 -64
-556 -351
408 186
223 -260
374 -421
-611 -131
-431 229
-171 -433
18 53
-717 -564
411 -539
550 -310
228 174
-324 -43
682 -332
-706 -489
545 -698
261 398
225 101
-145 26
194 -556
-439 -83
-76 682
184 421
-648 188
-565 635
652 -736
413 -307
-360 -220
697 -637
-648 -369
-12 349
-146 -430
-227 -710
4 464
326 -191
483 707
120 208
38 206
-338 135
-692 -560
-442 -272
391 248
-464 324
755 442
-756 712
-171 222
453 279
-29 -391
16 -588
364 -154
43 525
-652 -68
-181 -149
-412 -445
256 -662
179 -245
643 -7
-108 650
306 303
-278 216
549 -223
-365 282
185 -23
390 138
567 -524
-672 250
637 676
371 -737
514 289
103 559
0 -230
-191 -531
-187 53
22 -239
-272 508
-491 414
202 563
655 495
702 316
357 617
499 -467
448 -496
629 99
235 455
172 502
-478 240
550 -405
-303 -274
299 -49
76 -134
254 -533
-575 13
407 213
-470 -581
-221 -419
-762 -57
-422 -200
300 -319
526 426
-28 -357
335 607
-263 -579
268 148
-340 -563
-730 363
-622 -220
7 310
650 -37
-459 621
139 -571
174 602
736 -580
216 260
-343 -503
-459 193
193 -325
662 129
-370 -115
292 -286
-635 192
-658 -474
-310 -154
567 155
327 658
-735 -538
-602 -322
-710 332
-472 418
-486 -500
147 -322
694 -112
152 317
303 70
-436 -739
664 279
613 -316
-541 82
719 37
238 100
148 127
188 253
-248 521
-579 39
730 -289
378 405
155 -61
-98 98
592 -96
48 -348
521 390
298 -212
-271 -328
295 -85
-539 382
301 724
441 659
-179 339
-443 -477
467 -536
447 -657
501 -156
645 -230
230 455
-241 -730
668 -87
-566 108
733 410
511 -589
-271 502
-555 603
-172 -128
-400 -624
439 -549
-547 466
-495 -632
646 441
432 472
-459 -16
-545 -678
-695 349
482 453
546 131
8 -718
520 546
-250 -723
-602 519
391 354
394 -570
-584 -138
386 199
281 283
393 -658
187 410
590 464
-258 354
291 -571
-212 -19
44 417
-539 -174
-533 576
412 -474
-561 -300
-643 109
230 579
140 -293
-697 695
576 485
45 -275
-321 473
117 188
-204 -15
-49 -515
-25 672
477 -621
646 -569
743 -760
651 -317
413 -605
702 -99
501 -304
-713 -750
-631 489
174 -695
114 -421
-72 -52
469 -463
-57 89
-112 376
314 -416
-25 -557
-54 -752
-21 -384
-147 172
-571 653
670 -416
-77 -342
-731 287
-435 614
436 -313
-640 281
418 -749
-182 333
386 47
-207 500
124 629
550 -360
732 -496
306 -728
201 341
-153 159
124 -298
-700 707
81 222
335 628
56 -695
-247 -328
313 281
-494 514
203 244
-467 725
141 -113
372 -369
346 146
-613 496
613 731
722 550
-654 -727
-565 177
-452 615
-722 -27
740 731
-5 -391
410 -82
-57 274
162 258
505 -59
98 635
553 -66
747 726
106 -73
622 -6
703 154
-284 440
-218 633
426 -262
-162 102
-83 -489
475 553
-256 -459
329 -203
194 -708
93 512
120 182
464 -154
68 -482
648 317
408 219
-337 254
44 158
-573 461
-34 -398
-609 -264
-540 433
-155 -7
612 41
662 -719
683 457
645 -745
-204 326
-66 712
195 -493
608 155
106 -716
-445 -602
-243 -578
309 468
74 23
-560 40
-72 -499
-21 745
608 661
-80 -266
-46 546
-636 520
-410 282
695 -720
-132 -120
228 -672
-165 750
-62 674
-177 -479
569 572
-76 -437
-183 -119
134 206
-510 223
687 118
-401 -60
127 412
326 -459
-75 -482
-588 121
731 494
406 -572
533 106
363 -85
-168 592
-699 309
10 262
-282 -515
538 68
220 270
247 15
378 314
14 -692
-202 93
-481 -159
-208 -167
422 -541
404 255
-584 -751
466 589
439 -590
576 101
-665 -561
-469 266
-235 -711
-762 -515
627 -136
-453 -137
-520 693
-217 -636
588 595
-456 -545
164 661
-621 127
-53 349
-686 495
458 129
-103 223
-523 517
353 -680
-481 -504
-112 -10
188 489
-125 36
-53 483
-562 -483
-454 752
-581 -646
-630 674
200 9
-310 504
68 542
-710 -117
414 560
239 241
-292 -50
-419 189
753 -240
-673 591
-587 170
-403 471
-530 180
-158 212
-688 -568
180 -681
302 -752
268 -664
173 600
127 -482
-618 -428
663 -474
224 54
-324 529
593 -597
142 137
365 -193
-5 -374
-350 -653
-395 365
-303 114
555 314
68 -302
-210 -269
611 656
182 -133
-193 139
-730 -200
-757 -410
567 375
-487 572
-752 -26
413 250
-248 -100
158 -423
-99 -700
-751 -483
