3000
-153 424
687 -22
495 238
-74 -446
88 -478
795 -314
23 481
273 -476
-63 -776
766 546
63 382
-651 496
581 -203
237 20
-82 197
-368 -731
-21 867
110 31
226 550
-156 -19
297 113
546 209
-760 734
-266 -510
-465 -751
854 469
593 -367
495 -391
777 -185
-781 -701
27 -723
679 -131
-106 -399
526 617
-325 -725
66 -350
581 28
-100 -755
609 663
692 736
375 594
-609 377
638 341
-35 -239
-186 0
404 71
-516 347
684 -680
-248 -372
-871 -433
793 -724
564 -646
-188 567
-355 -223
-237 -763
-618 -180
704 -36
676 620
-533 -304
189 479
-513 444
-701 714
188 637
-18 469
817 -309
26 454
-78 -218
-240 -103
-765 -562
691 452
603 -702
709 -151
101 -553
860 -35
-209 -509
-652 -454
-352 -92
793 419
-615 -239
-167 -853
395 585
-738 -153
292 -462
-855 -812
621 -827
-334 -427
-367 273
575 -416
764 -44
331 -445
180 -503
751 322
-790 -171
-101 675
-779 -819
-742 660
-274 808
266 59
171 -389
439 -754
-280 58
32 -702
-139 197
-622 641
-853 -302
606 -601
359 40
557 304
-306 309
-631 77
-484 -180
-140 50
-377 -69
-326 832
-605 319
706 652
-708 522
-277 -378
-584 -81
-769 -570
239 652
598 -256
-547 -247
-208 791
-143 -311
88 143
-811 522
19 -467
642 777
183 483
314 -96
704 -101
-68 -216
-72 344
-422 646
-664 289
-804 -825
-473 4
734 746
-319 20
-164 50
579 -628
541 96
505 264
-381 -503
660 -707
-272 819
-691 369
2 776
135 -624
-531 436
719 -554
351 395
647 -468
107 37
831 144
657 861
34 -187
-622 111
-370 -491
-803 -752
-564 -446
-555 688
-818 173
-552 -253
-399 729
-555 -648
-683 -695
-212 850
-64 735
469 -706
-694 -627
211 51
854 124
539 815
-406 527
334 866
-652 -651
660 -609
289 596
729 590
-85 -262
372 491
70 327
-277 345
658 186
-605 801
588 144
583 648
188 -251
211 -503
-795 592
184 216
-514 419
-177 -279
-702 -294
-354 -88
293 550
-741 403
454 76
785 -476
-279 -296
611 181
-861 -28
-156 649
233 -98
557 -148
-666 -179
-321 721
-365 -349
-457 -503
74 350
750 617
-308 805
-426 -577
435 233
-175 31
-394 205
-512 -822
312 663
128 361
870 -533
-53 284
-143 500
469 603
-408 -766
81 231
-263 -811
558 -440
-475 -836
-585 210
589 -574
660 -115
589 -612
293 -572
620 258
316 382
59 718
-282 780
732 -661
-731 87
-575 686
695 -16
-45 713
523 340
-350 204
631 -441
614 -560
185 -327
-118 574
-809 60
137 -586
-111 -817
-239 -798
383 -718
38 -270
-227 -504
-367 574
736 -599
-685 251
-593 4
586 192
-468 231
425 691
314 159
280 -759
651 -517
-562 -634
-727 500
367 349
623 -692
-817 -23
-861 179
415 771
3 835
-4 730
526 845
304 -205
842 78
-677 423
160 -732
-303 -626
-497 -794
308 595
-691 -81
245 100
-231 94
298 -662
850 569
-512 -58
-810 -498
-460 -39
-406 -155
269 -639
187 -711
-376 -278
-82 -693
811 -740
-72 -646
440 -5
-784 24
-278 526
-817 -110
-107 -868
54 -650
664 -477
-808 767
160 -565
-312 -177
294 327
641 -573
-47 623
-587 -735
-454 120
159 -50
268 735
137 -474
91 209
456 -552
-708 -614
-685 -775
366 -667
662 57
-779 -426
380 -620
-47 -190
-101 866
-375 335
838 -252
-848 -330
420 662
-51 -124
765 398
-575 52
673 625
-514 834
-33 783
741 -571
775 -702
-109 609
-837 -286
-597 -474
293 -613
-301 -657
-261 -545
-262 -197
164 -407
180 818
-107 -61
-301 -162
264 376
-28 415
-346 192
403 -5
750 -35
473 625
-846 -758
157 -268
647 45
-403 164
690 -677
596 -790
346 -644
372 118
-245 498
-233 -193
754 -841
-275 -250
-37 -563
-222 456
-323 -583
832 615
811 -675
-420 487
22 771
-850 818
366 -155
-259 463
-339 -761
65 739
859 392
-108 -500
-370 747
418 -410
-174 -411
-379 469
-203 317
-413 -162
177 -217
-323 -530
-772 68
-697 -698
681 737
570 -106
-744 731
-414 -190
-692 -499
-791 688
-414 631
-369 431
617 -59
180 -171
-861 -496
-607 278
511 137
744 -386
341 522
27 457
-224 -602
-299 610
165 639
-718 -762
-150 -311
-744 -210
399 760
139 -404
151 -858
811 207
-366 -348
254 -790
-720 -241
447 -789
42 420
79 181
573 -11
1 75
-47 740
571 -509
-39 795
738 309
566 534
339 -380
720 106
-111 676
600 -766
21 -363
737 -289
465 138
692 -595
-605 157
-574 442
-673 289
-237 154
-601 750
599 309
842 -521
624 242
-545 -494
206 144
397 696
480 -93
-841 565
-74 499
-252 806
-613 -253
-558 186
648 -753
-829 -399
161 662
291 -864
-252 613
-647 -499
58 -275
852 73
-637 159
528 -383
389 452
595 -577
186 -513
65 -147
-374 -795
-405 -529
684 538
-580 702
266 -119
143 -593
389 735
800 468
175 -628
723 -107
749 747
-29 562
-673 181
-695 460
-700 -145
204 588
-224 -182
374 499
347 808
-857 -553
-277 -834
-213 -216
-194 -735
315 399
-183 -270
-737 -211
-511 91
-30 525
560 687
624 -804
-568 336
675 -242
256 17
464 670
-110 228
-639 763
467 -426
624 24
346 -696
307 -787
-772 -437
705 -626
565 -126
350 228
722 -649
483 122
-755 -245
449 -248
-182 -813
804 505
245 556
-745 -192
833 -89
-133 -268
-624 -126
-535 -390
298 39
-839 750
-275 331
278 383
413 -797
728 561
-586 -298
867 157
189 -864
707 -189
629 79
-17 363
9 856
211 163
-806 172
-527 94
430 253
404 -728
228 -9
-485 206
-371 -113
752 350
-629 -188
-262 407
-330 -753
-438 -487
535 -708
38 227
-244 176
647 -103
-429 542
232 -64
-752 469
151 -7
-374 636
224 -294
251 -531
80 334
-23 -702
-421 791
463 541
619 659
172 16
-333 149
-439 -615
11 867
54 449
359 -88
179 82
-631 410
539 617
409 -813
771 271
-847 -641
-674 41
868 628
-421 -170
-403 -24
-380 -69
-836 722
792 102
-858 -140
119 353
519 -196
592 210
-767 -304
67 865
-51 543
-222 -613
-574 376
48 611
674 468
551 -101
-177 379
312 -346
448 -282
-690 -782
257 814
625 830
-655 -275
-401 761
109 -787
-576 842
165 739
-55 594
173 -224
625 -301
748 -832
58 -465
91 402
-385 -484
-510 376
-714 132
-801 -256
-257 -142
-641 318
-761 288
539 442
-23 69
295 -671
414 630
619 -788
-189 300
77 429
435 -825
92 123
473 865
677 -863
-513 -145
-205 -17
278 -242
501 -403
-505 -770
656 -270
-768 155
-304 -547
-216 10
-411 -335
-149 -349
389 562
528 392
-373 462
-388 252
-166 151
-619 -349
233 -258
-223 251
-271 -485
270 660
674 749
165 399
447 764
0 807
425 227
-855 -263
-601 848
786 446
-347 -713
-168 -55
-515 421
351 101
845 -662
290 -826
-614 23
586 487
-675 -316
-305 616
-159 -461
-318 841
-816 -523
-251 -282
800 -465
-356 -470
652 624
-656 -122
-415 -264
208 -98
392 203
-630 420
770 -538
60 -647
554 436
154 -672
-788 18
349 -729
809 -700
-456 359
-208 314
-142 -443
-607 862
-607 293
-203 694
774 -808
-532 660
686 -77
-388 122
347 -847
768 603
450 866
653 -570
-592 496
-541 -112
385 -699
583 -308
605 354
247 543
-237 -534
-273 466
-347 834
-676 -482
790 -434
-690 666
691 6
-543 558
15 727
-575 284
304 -414
-739 668
-629 -632
-309 -355
786 839
648 574
375 -757
652 380
362 607
838 -491
523 -806
477 -843
210 -591
-70 783
-821 287
730 -29
-412 -730
563 89
-267 -145
643 -382
-614 -459
-184 482
-564 316
781 174
-87 84
-790 -568
-498 -529
-601 311
-420 507
-366 -350
685 -31
618 219
-344 -247
624 727
-733 561
-324 -522
-576 313
-790 -797
-737 -599
117 -192
-258 855
-593 534
-192 -188
-616 55
718 -50
542 303
699 -570
282 -721
43 -774
31 -637
672 487
-14 -476
600 -291
-406 -594
304 -349
49 -106
-836 -815
-788 -604
-222 250
-394 699
413 489
470 630
-717 181
46 690
-780 58
698 108
635 -367
-186 604
503 458
696 374
536 262
101 726
631 401
786 237
-18 410
237 125
-139 -165
623 -746
-180 -547
422 -710
266 -149
-760 247
-781 180
479 -359
404 -257
-579 -63
-802 165
158 209
301 507
-260 87
-301 681
-590 479
-861 464
-294 179
-570 832
729 -416
-323 116
-340 327
597 429
-860 -188
439 283
509 190
815 -665
109 814
-640 -579
628 341
412 -155
681 103
474 -581
521 717
-805 557
798 765
-594 122
-845 -92
441 410
-831 -351
769 851
118 -174
267 -108
-619 -561
-774 -576
393 -398
-308 -817
488 -405
225 759
-255 565
-453 299
534 246
-192 -504
-292 -267
-408 97
421 576
-293 -207
804 846
49 -457
664 583
-714 22
-664 -790
717 -586
44 1
68 -864
605 682
642 -322
826 -860
329 -312
-83 123
-531 647
57 500
796 124
-711 97
-374 303
35 291
606 577
-760 412
-220 -182
561 -775
-530 305
114 -577
141 -267
272 -829
411 495
811 605
-588 18
827 493
-261 313
-741 113
-350 -404
445 -130
532 -50
-142 341
744 152
463 -518
-384 276
801 -519
198 -375
715 486
-754 -806
73 546
-548 582
-750 823
834 72
-385 -97
-625 -231
744 -558
-861 -421
-724 430
-541 474
8 -230
-191 -547
386 -408
463 749
-506 -382
-694 -97
441 128
448 -136
-226 -77
-330 394
-682 -224
-411 -155
-442 758
256 586
203 -146
-691 222
-498 636
602 394
-374 377
841 -592
-744 185
-19 -480
-402 -168
-711 -597
369 79
664 442
-824 -210
-531 -489
-643 -589
788 -817
734 -285
-30 868
-454 833
-497 255
-540 583
618 432
-538 -498
268 83
-375 673
-70 -232
507 79
150 -279
414 394
270 -272
513 836
56 258
-259 510
-346 573
-62 -455
-125 -546
-705 433
276 192
128 282
265 518
-775 -699
-661 -236
-150 197
-17 -752
45 -213
-462 -744
-598 -316
167 -254
623 450
847 -420
-574 -837
-717 575
325 106
-35 -621
-801 -268
-519 -501
739 -569
-725 -637
314 -773
-10 -206
-608 -814
-724 -210
683 -197
773 595
229 839
-832 688
383 -248
529 264
-467 800
127 747
826 559
-869 191
-167 -814
-45 -148
265 218
322 167
307 -810
859 -497
660 130
183 -181
619 -240
497 64
747 828
-700 -314
680 620
-722 389
-253 713
-403 162
24 36
831 398
819 -264
78 -269
349 569
406 -676
359 -554
-466 -65
222 348
279 757
-106 102
-261 643
540 -273
791 -32
809 159
332 407
135 110
-24 -662
-653 -377
254 -571
657 -72
-129 662
339 781
-30 348
-219 -8
-238 -869
-324 -57
-698 -692
-761 753
-759 727
517 282
-285 -305
754 502
-553 251
97 740
75 23
28 108
23 387
530 -208
288 -621
-471 -545
75 -828
-749 -254
-154 -778
833 -785
224 -753
830 -842
-818 -840
-450 -420
388 59
-214 -105
646 431
203 -426
345 48
-524 22
495 233
705 -109
406 -131
506 -242
555 545
542 310
677 -426
168 662
740 -817
476 -20
276 -325
-777 -88
434 139
-700 179
-426 -186
437 829
246 137
343 763
-505 16
241 -331
-477 -140
-84 -231
-803 -383
782 89
-294 -291
-625 482
-423 -226
-4 779
-183 481
-516 -509
82 -175
681 -548
-335 489
398 -496
226 227
-226 -154
-638 -412
246 -93
-351 593
-529 -470
433 -36
-644 322
-261 140
-232 -34
-800 734
-540 -750
498 352
479 645
517 472
-147 530
-72 -84
-136 776
-466 -76
-544 84
-114 -706
621 -734
-406 -685
481 512
334 -186
318 253
-860 286
-248 -15
-551 516
253 428
-729 -505
-139 266
490 413
-830 -184
-723 440
297 -589
-212 367
-846 305
-829 -419
-837 544
-306 -865
-4 179
-695 -787
-577 416
-623 -809
-84 243
-534 160
-117 445
55 -789
269 344
-519 -119
-670 507
-716 -869
-151 152
-809 217
851 561
-177 630
-777 -457
-408 -548
614 -313
420 42
255 316
395 -548
293 -648
548 588
152 691
-502 162
-453 -838
575 -275
-864 -268
-227 -770
-483 441
-744 -242
-826 -595
-12 -793
730 -752
310 -806
-220 329
-34 -624
-492 644
-183 749
-770 560
-181 339
347 -711
-119 415
439 -198
-268 62
244 -469
370 633
-690 -480
638 446
-432 863
-612 -228
534 -708
-44 -511
629 215
253 -700
-455 -389
-28 -294
307 55
-783 690
-149 62
-577 -788
757 166
1 743
542 -459
811 661
-382 683
-383 767
418 601
-728 -675
-538 -558
241 556
332 -454
204 -509
295 -568
-708 -285
-759 293
392 -553
-325 -714
832 503
76 429
115 -776
-53 386
37 -121
-6 267
-152 429
362 20
-11 -113
-626 17
230 -233
416 -209
-317 535
-310 20
303 -242
-357 116
-572 -727
495 -65
-153 750
836 105
55 -847
-863 80
-493 -468
30 331
740 159
-191 -99
116 563
243 -140
-401 665
-433 493
305 -783
753 -741
458 432
580 33
-66 -455
99 167
-614 14
-436 19
102 -113
816 32
-641 410
-316 -659
-329 -533
39 -377
744 -867
-336 17
-736 -81
-608 -781
2 -72
-92 -590
-566 -355
805 240
443 -857
336 123
-522 215
385 -782
731 849
114 21
482 498
443 284
313 206
122 519
286 -603
-115 -129
-827 659
772 409
-555 -39
-561 23
416 137
-208 -730
-832 70
-847 218
801 -253
-838 -610
-720 617
805 -785
-217 31
-450 36
510 -17
350 -309
470 128
90 770
-613 -413
-307 837
-320 -120
608 -817
186 -271
-440 537
69 671
595 699
825 -659
-186 -369
594 114
-289 229
79 -77
-142 417
-454 595
678 -776
794 -379
-72 790
102 -596
229 -765
-379 -259
208 825
-434 -30
151 799
420 -62
11 -392
-53 280
512 -282
43 561
-724 157
-122 -678
573 630
814 351
598 95
306 -582
564 -445
-374 168
-431 753
-627 232
313 -266
-710 -871
500 764
-519 610
61 646
-71 -371
459 -849
156 -437
-23 -235
486 743
-123 -871
149 322
653 -186
-521 377
-65 516
-577 154
-830 -467
-67 -213
512 -134
121 320
-641 -268
-70 -317
-670 649
-557 -182
187 -597
-772 -138
179 -333
171 275
637 194
289 -367
-534 -756
210 241
-784 719
-55 -561
235 151
-392 -802
-25 454
-533 352
-245 -13
-648 799
829 473
278 632
752 -346
200 -765
353 817
-449 -525
726 -460
-693 487
338 502
471 528
-301 292
238 723
321 18
-74 594
697 503
-553 443
-165 -314
853 210
373 -630
-360 -84
562 128
428 -220
-2 -525
95 149
-785 383
-825 -188
644 -302
466 303
-54 756
-664 702
441 -20
563 93
234 -3
329 -526
-710 478
111 581
-743 397
185 394
192 -290
314 -436
718 123
-861 -581
-661 470
-37 -206
97 -480
-708 135
69 282
-683 653
325 519
-142 -339
823 597
21 131
506 31
18 -370
-585 222
-108 865
287 863
-204 528
-451 -338
573 169
-55 -18
226 317
318 20
730 502
-31 564
-608 714
817 361
-168 501
-642 18
-144 585
-596 805
-837 243
257 -10
-541 -157
-371 -852
569 -586
-114 -455
763 -23
331 -337
-150 -281
69 -691
-207 254
-7 677
668 702
448 320
482 -271
115 730
461 62
-295 530
-759 -301
812 322
-604 -119
451 639
-830 592
733 623
592 681
-843 739
608 -8
-230 83
80 -336
262 596
620 -609
439 198
472 71
-526 -212
-287 52
525 -661
137 304
-609 172
322 478
-255 707
-95 792
-658 120
-167 22
-215 -129
502 180
-483 -865
149 -758
711 543
-503 -31
85 -507
195 -720
-168 -27
-675 569
140 281
578 -66
541 622
237 -751
265 437
-646 -593
-263 641
537 357
464 -752
-266 513
635 -190
-182 370
490 656
90 756
-665 -647
658 -393
-460 22
-572 -581
-256 820
120 -617
213 -331
282 234
-354 -534
630 44
798 -754
-394 368
-798 -864
481 -757
360 726
519 611
397 30
727 -740
494 201
739 62
711 36
573 639
132 -691
-861 -168
747 -413
423 399
418 -721
241 498
634 762
-357 446
-360 -303
-421 526
448 -210
-251 -62
478 -464
566 -298
-562 -298
-192 -128
257 -546
-581 -441
-367 -239
495 307
18 -826
140 304
-729 -367
854 761
188 -201
301 -224
132 -412
582 -194
16 39
142 -629
430 98
581 52
-299 -338
-48 -396
444 -473
219 683
-171 -442
-798 -184
389 -373
624 -434
647 359
-413 109
-700 -461
-603 -2
699 -847
-88 -124
74 528
619 258
-796 160
598 -184
-399 -48
345 -9
-838 38
731 486
862 -621
868 158
-764 181
594 524
237 576
-419 -324
522 -644
676 824
-183 -394
818 9
-128 -231
22 725
439 -708
358 831
-724 -221
73 203
180 452
563 -332
66 22
831 -432
763 -454
-433 190
-36 -797
458 -212
-804 -232
-98 303
-35 -53
484 -212
575 -243
-280 -303
435 65
-177 399
-336 822
475 187
500 -854
110 -534
-105 575
766 -604
-336 748
131 540
-589 -118
175 481
-605 223
-357 530
521 736
-191 -378
792 193
-851 70
205 758
-557 -822
758 289
88 805
-732 554
-72 51
630 -468
-509 -377
581 662
-403 68
-642 -592
-317 -820
504 -759
-819 643
666 -356
-655 245
629 443
-442 -294
579 -8
726 493
679 -386
-642 -207
815 -375
-105 462
-549 -379
-70 -286
865 631
-195 -265
-371 -192
-306 -498
777 -304
-472 546
-187 -72
105 405
818 -110
-868 -521
-504 -401
329 584
-138 -415
-265 679
-415 -735
-253 794
-264 -339
-463 -299
609 300
-812 66
797 -430
-496 -471
-514 -758
-44 -817
-341 -520
749 -128
864 -44
255 -713
56 -622
-235 428
-536 -391
101 -18
-36 -700
583 -619
765 522
135 94
-366 837
-453 742
319 -707
-478 15
-119 -303
-113 -332
-270 394
-809 -102
-378 -317
814 819
97 -46
168 400
-492 489
719 312
-355 -382
37 657
442 722
-773 -119
148 -814
464 -75
-795 13
468 -678
-66 -792
-550 -355
-200 -793
-91 842
-763 -586
125 -188
566 33
-172 -132
-324 453
577 771
-537 -649
-268 460
-434 -82
-272 111
244 -829
-662 761
153 720
-841 566
827 -391
-667 327
-111 -464
-613 -660
-155 120
-31 -400
349 694
697 741
498 565
-86 208
-344 -745
651 -659
-295 554
695 -529
-92 209
-259 -107
-688 778
-289 -439
147 453
577 -372
-64 -129
161 141
64 -174
-72 -512
-139 -535
-356 678
-485 -746
-762 303
-614 -425
403 -319
386 -578
218 339
-853 -464
-187 -698
652 -779
-199 -311
227 385
783 236
-82 -209
729 378
-644 -253
249 -538
111 750
-556 668
-196 246
-488 733
-750 807
559 278
-677 -456
-608 -199
857 701
120 -698
511 -777
797 -338
-866 852
516 632
-654 97
-1 -849
857 -524
298 78
-250 326
-124 569
868 -322
169 -596
267 455
-661 -125
160 -623
-607 543
-231 -466
-194 697
-9 -500
320 148
583 438
413 502
-806 259
338 -626
-530 -268
-488 509
-429 358
238 -90
-232 103
538 256
338 -205
-735 423
620 210
-537 -362
666 -853
-590 -32
-333 -436
-636 -154
402 401
655 -524
-529 666
-742 -513
94 221
-111 -442
12 177
-312 173
564 -681
775 389
191 678
-696 -326
811 116
-732 194
523 693
69 672
205 -459
-22 -143
-722 -602
-621 -819
-466 -185
-621 474
-776 452
-639 -489
733 611
505 -46
740 -825
-550 -137
713 -858
-645 -744
264 -754
-285 -312
-677 -584
453 -33
566 -556
-242 -617
-221 145
373 -328
-545 229
-705 20
860 565
816 -272
-224 -325
426 88
705 -634
245 -652
-232 -250
-854 -752
695 580
87 246
-204 848
-663 597
-482 -342
-260 342
-683 431
772 -143
-173 287
-19 -176
-458 805
-163 -304
-773 131
188 -38
-806 -416
-401 -414
700 -126
-722 -340
-638 176
785 210
304 829
-666 -209
820 614
255 273
-443 -193
-170 7
-81 340
102 -438
448 -787
774 642
701 -539
-593 -49
-784 -109
-618 350
-773 -139
-111 -788
-543 -317
782 177
-771 -37
-261 -345
779 550
60 634
146 340
651 283
-807 -713
-779 595
-420 265
-112 189
394 570
-221 -453
162 425
224 -436
453 195
289 282
-102 -761
-111 -482
-466 836
-36 616
-761 644
-267 -387
-440 458
217 391
65 639
-143 -459
-419 748
726 240
-141 169
-42 -475
-234 -867
47 475
15 526
486 836
-534 690
551 547
746 -718
-291 209
-702 501
182 829
339 -150
375 618
264 853
-622 454
497 390
96 473
-18 -242
549 559
-585 -681
-163 574
410 435
255 -34
-72 -740
643 -542
615 784
112 512
487 -447
253 532
149 572
852 -411
481 -804
-695 -259
827 -389
456 351
743 -341
-548 -777
-509 819
-561 -454
-487 -392
-30 -442
329 182
-498 532
739 835
7 -752
487 354
859 534
-734 -792
-383 -68
-704 -720
305 68
-144 -105
-730 266
-383 609
540 -701
116 -868
575 280
72 60
-674 -696
-436 -192
-254 -23
-127 -129
-494 -162
845 335
304 -787
731 40
-111 61
-523 -194
-495 841
-623 -238
-320 16
757 657
-741 791
826 -770
541 295
-167 -769
745 -342
-762 614
503 -823
-242 -41
-839 -164
535 -264
-672 406
244 -446
394 859
544 -546
-253 282
480 139
-701 676
-158 -223
-692 433
-605 -21
641 400
-171 -70
-472 -98
-392 389
-488 -776
-265 -225
525 -212
-272 -862
-231 -55
707 568
-672 700
318 266
-589 616
200 -566
25 571
-621 -278
-763 861
538 -314
460 -320
122 -654
297 -706
-117 115
779 -572
-288 -259
170 231
-171 -152
-191 162
-66 717
584 773
-284 -158
-603 23
-599 565
-29 72
409 -539
457 178
532 1
291 278
-100 281
110 718
-617 393
-755 805
644 -514
382 765
829 116
-721 -724
-143 -128
321 707
-260 219
784 -180
-101 731
469 -675
-127 -777
-559 386
-753 432
-751 289
74 761
799 -381
529 530
716 -292
346 -467
282 -382
372 -245
383 -665
781 284
25 805
-644 -589
114 -107
-376 -94
694 -806
738 -315
-745 142
695 6
765 -777
-229 -164
446 427
651 200
494 -117
740 177
-482 -624
-784 105
556 740
-665 -448
-168 759
-628 -41
-63 81
418 -29
247 274
183 315
-404 765
-542 -444
795 158
645 495
644 -806
774 484
-239 409
574 -812
322 -130
-232 -392
496 -480
450 759
816 388
438 -320
126 -646
653 137
777 374
87 -152
-216 136
121 335
623 36
-669 417
113 727
496 263
-450 214
-315 208
-664 276
756 17
392 -127
-625 451
-520 90
389 4
-124 -424
507 806
226 813
-214 340
-50 -32
-453 706
473 -269
-51 644
-871 -513
665 85
849 -382
-717 -414
-414 773
728 -73
-444 695
-620 93
-124 732
753 -795
107 -731
-702 206
621 -181
-670 827
835 -612
-458 -623
-304 99
287 -836
-162 788
550 -776
129 -659
-691 -862
699 -786
381 81
678 -757
94 129
-69 -737
-328 708
-93 -69
-466 83
-856 -688
9 304
-679 435
58 -778
-167 164
563 19
276 -756
733 -117
-175 -181
-537 -709
-153 735
-828 777
-676 582
727 -863
-519 437
380 1
205 356
801 632
503 -570
-239 755
807 566
-593 642
-579 464
-49 671
55 459
216 -813
383 321
434 -842
-145 -417
-841 -636
601 298
116 -813
245 595
-421 180
-153 -656
-588 746
829 735
203 -73
129 -698
-10 221
280 107
65 -864
215 438
-821 -6
-856 293
416 -736
144 16
-647 -50
403 311
709 -500
-513 528
-674 -406
551 476
-154 -452
-283 -515
94 -473
561 -304
-151 -395
774 -238
411 -280
-544 370
558 184
827 -328
326 -817
699 -89
-330 -435
-602 -75
-258 -626
278 -160
-738 18
-253 668
-422 -768
-640 -489
-110 858
564 -56
127 257
-324 -639
856 340
865 -693
179 705
530 838
-532 -800
-731 765
39 -380
81 -62
364 -754
542 -114
757 803
-18 -720
12 -122
-49 353
-12 181
-630 -649
411 -449
63 -556
-171 172
559 -594
-525 338
267 -335
800 -39
-199 -815
-259 30
-613 315
-143 -378
-52 42
-100 268
467 478
-499 679
113 527
51 -636
723 724
-555 103
420 298
387 -19
-753 509
691 90
-241 687
193 447
-326 -719
-654 -803
-29 -286
106 -37
-20 -848
-307 853
300 732
869 -379
542 -201
-6 869
-92 -591
-759 -518
-77 -839
759 -91
-85 468
386 606
-406 11
-248 -317
-598 -464
-428 -164
-32 -457
-526 -553
550 586
-138 -673
-153 412
-533 684
870 -272
546 -850
-740 25
621 391
-322 831
225 -844
441 389
-809 -506
-815 431
-675 -526
-152 460
103 -101
-386 448
413 -305
461 -10
148 81
728 554
-151 -236
-153 -433
421 -649
-91 -468
-144 -755
-365 128
-277 0
-13 -300
-594 -337
-138 504
-731 475
526 -479
-182 330
-200 -626
856 763
389 89
789 -383
16 492
-796 68
-110 605
861 594
-186 -522
713 -674
679 568
-476 799
-463 819
-566 423
435 625
460 -363
-459 -730
-10 319
312 -568
10 511
690 -412
-383 -657
220 -852
-761 -710
-576 227
-693 -112
843 -526
516 -797
80 -566
-227 -500
-700 -357
280 -830
321 519
308 -660
700 -594
-369 667
-362 -683
358 402
686 -233
-458 -35
771 -320
369 -694
-4 -302
-820 315
-3 241
-107 -193
-475 6
-682 -493
-696 -592
-671 316
156 -232
-271 -520
858 -110
-222 4
617 -871
44 704
-147 -124
184 670
-443 -507
629 429
73 -476
-417 -660
-381 -653
-63 20
-391 -715
190 -184
106 617
-142 32
-577 -439
-216 654
-706 -182
747 -593
490 718
826 -772
-721 46
190 475
43 -741
96 -106
-41 -243
279 -564
-81 -55
-794 481
-629 809
-758 -588
175 94
-119 246
735 653
-47 98
-319 -715
134 322
-187 -771
234 -843
831 -280
-581 -476
-715 612
562 -71
-275 -405
-534 712
834 8
-849 391
334 327
80 -257
861 -398
-413 -579
-712 -13
-196 -59
537 553
-160 768
322 -205
-222 -51
-786 812
758 -432
284 760
-660 593
136 -109
443 -649
170 -394
-579 -702
201 116
-827 -824
-842 233
-354 280
870 -689
378 406
-63 828
17 -489
144 -526
-669 -598
57 -791
-50 -761
258 28
-126 545
149 761
-277 -442
-782 -433
363 385
-844 46
-145 -455
845 -858
-701 -445
-345 669
817 -21
-353 -832
277 -115
198 -632
-400 -71
-778 34
-857 -399
812 187
-417 274
810 13
-82 -558
248 -675
-550 -55
-168 764
304 -834
359 609
-386 260
-387 489
502 344
-757 754
507 -313
289 -325
-52 521
409 787
-682 -582
10 608
410 451
459 789
-762 91
-454 318
-683 507
-645 -132
-150 561
318 759
-244 -160
739 254
685 433
462 275
293 -77
-790 -639
787 -647
-417 -683
567 183
142 -274
-242 146
388 107
423 -758
628 93
311 582
-290 148
806 762
570 256
-119 -529
235 393
743 -335
-172 242
-656 -316
169 -291
-105 -790
670 -27
-234 648
69 464
-391 654
-581 648
-297 -856
554 -619
-546 283
610 -123
621 -319
-543 -230
-214 -843
133 203
380 -505
-298 -421
276 103
100 -759
47 -508
-542 -756
-248 -648
-59 566
677 502
273 -212
-607 -173
271 112
-294 -683
-677 -317
-456 -41
-151 -499
-416 -447
38 830
-653 605
-320 -830
-482 515
111 467
184 412
-738 -33
15 480
427 67
-158 -591
505 -362
562 -634
-669 321
-170 587
824 -374
778 71
189 184
4 782
456 7
-117 -724
-683 516
728 -123
537 -777
221 -748
-611 806
643 -756
-113 860
307 -390
16 694
-361 570
-500 -41
205 570
469 206
-747 -819
75 -631
737 848
273 -426
575 32
-415 -328
454 528
-858 505
-551 -44
-595 -456
-595 -85
709 185
-785 -672
-221 -393
140 -19
-137 867
453 -759
-801 208
97 -73
-587 709
-121 -844
756 51
556 529
489 600
-385 -46
-509 465
186 374
-221 803
643 -516
-592 -21
-603 -604
-531 859
-569 668
647 -135
650 -734
-682 -392
-674 -715
766 149
-249 524
446 776
-631 27
332 824
-68 309
207 -325
116 -325
518 850
515 -622
814 703
-540 171
-669 378
679 -754
31 342
-699 240
495 -725
-331 -69
388 -128
696 -80
-202 -29
582 -839
173 656
21 399
135 300
-176 -20
-504 -560
-37 -783
-85 675
-484 33
-527 466
344 -668
-143 -534
612 -455
-832 346
-739 142
27 -608
-509 -232
-578 550
262 -639
-130 180
304 -752
166 573
193 183
280 352
-138 652
833 -779
-669 419
48 -374
-47 617
313 -79
-539 -611
665 -797
-323 -250
-237 21
836 164
766 -15
-745 -791
720 795
-814 -270
-71 -165
56 154
-5 701
37 568
-533 -774
92 -86
664 436
169 -714
-216 762
-69 -832
-67 -528
-666 -363
144 -171
365 -100
860 312
233 -412
-127 -16
771 -676
-654 551
-637 -236
136 713
585 748
511 34
-269 620
-283 731
690 -325
177 201
-714 -785
-709 337
390 -770
-482 -469
-259 572
-311 -695
-128 -589
781 138
684 808
-708 -33
-171 -232
-107 -323
422 315
454 -335
115 -768
101 -614
195 82
-689 -546
364 400
-607 -467
-584 633
45 -68
109 -643
-50 -482
-719 811
342 -95
532 583
825 -240
409 852
-593 396
-831 666
560 -754
-434 -334
-447 347
-1 118
-604 -96
-549 118
550 414
-458 546
860 406
-380 399
-78 197
-98 4
-635 110
441 -864
-711 50
284 415
571 -552
-490 74
-460 301
-456 395
430 -49
-533 468
-103 743
32 -296
372 -305
384 -217
-255 -327
-411 423
-864 -316
443 642
416 -20
-404 -380
44 -8
-632 -142
-268 -582
199 -296
524 868
-539 173
-469 -528
305 -24
461 536
360 106
-312 563
159 631
761 699
135 219
474 72
45 840
-620 -363
-572 313
-828 807
-197 -7
-532 -811
-148 -511
-387 -256
315 -812
378 -264
-259 356
281 -138
-307 389
449 417
-147 467
152 -726
-614 725
-430 -62
-233 -523
-857 -519
-575 579
215 244
-8 575
101 385
22 179
-495 -515
242 -444
21 -507
-449 599
-311 -149
274 801
31 -350
-799 -232
-798 -712
-156 -624
-286 610
-155 -655
432 270
596 -529
790 834
-320 -85
611 -670
-19 -295
305 107
585 307
-493 -264
750 502
91 392
325 -436
479 -655
-473 -671
711 701
378 -730
71 664
-179 819
111 106
-584 609
-277 94
-37 250
552 499
790 -727
201 -274
-120 -524
-315 -359
865 -832
410 -84
-271 307
-745 -265
-259 421
531 -103
73 176
-502 -770
356 -63
-865 -23
-87 182
49 464
-618 -460
380 384
-38 306
782 -411
-713 419
-638 -282
-639 -569
345 459
846 162
-705 -246
-647 -209
-754 -632
-125 -629
-386 -432
-173 323
-554 -632
-869 1
-862 -103
-448 -589
423 588
246 -131
-34 464
-106 204
-390 816
416 -176
636 -113
-584 520
646 -231
492 359
525 390
-860 838
10 297
475 452
-626 193
555 592
188 231
-287 375
-854 -238
-25 787
-235 802
-95 -602
349 -279
-349 -866
-848 174
-755 -77
-103 502
571 -552
596 316
-472 -856
506 -327
290 -330
-806 202
-43 46
161 -173
786 202
-314 -527
-555 -778
738 777
462 448
-797 13
613 -215
521 709
-519 387
-315 -851
815 -720
846 -121
766 -621
-512 -413
-847 -299
310 -710
-390 -355
-436 707
-798 843
124 -831
332 -307
131 -490
75 706
461 -581
-582 764
-30 -755
90 241
21 865
-48 -77
-312 720
443 -168
