3000
199 162
-377 -386
-814 -529
339 2
-405 519
382 253
-454 686
-315 -355
-473 351
151 404
3 392
228 280
458 130
793 29
-739 -523
-825 -496
-405 -700
-308 52
-779 233
6 530
549 -538
361 716
355 -683
-416 -648
-60 -191
557 738
538 31
-649 805
-248 516
221 412
779 -78
-205 5
-59 731
73 453
-753 -530
-61 -165
-775 -115
48 62
789 384
701 -103
669 409
684 -27
539 288
-321 539
246 -310
356 52
-314 397
25 647
216 183
36 -245
-151 301
-403 -702
418 -588
-664 -455
806 225
15 -384
24 775
-819 -781
636 -136
791 576
180 -113
-544 -114
-682 750
722 594
292 666
149 340
231 -734
-573 -113
-556 115
335 587
289 574
613 742
284 -774
-726 -644
-364 19
181 -501
-342 -409
289 198
-270 -712
-708 -256
440 457
-24 45
-470 -498
189 240
-470 277
-454 -594
62 -795
492 -413
-275 230
615 289
468 -227
519 445
-472 -419
53 -628
619 492
-587 -431
258 79
660 736
247 616
-538 407
530 35
-510 638
64 662
-422 -762
58 -466
-87 -257
-701 -164
646 -557
266 23
336 44
-28 606
47 697
-54 -482
820 469
-505 -405
-606 -494
743 141
-351 -791
217 -395
509 706
500 -459
579 356
398 419
756 630
-378 -292
501 561
-353 731
130 293
466 623
92 263
-807 -132
-524 163
349 610
-284 372
-404 224
595 50
-434 -685
523 634
135 -177
163 -254
423 -50
-781 -683
-240 -276
-465 786
581 365
136 -283
463 -51
22 -601
-457 175
-814 658
450 -298
-21 628
-488 695
-550 -305
-455 88
-134 -231
-390 633
427 -139
793 -823
-230 -13
-674 234
-236 324
-625 -153
331 -436
-108 0
487 -774
-508 629
-525 155
208 -200
-232 224
279 744
428 -510
265 -426
-746 -66
337 -262
-136 -376
-451 -620
-58 167
-49 -487
356 -347
121 800
-111 -431
105 660
-799 297
742 -51
-36 374
-595 767
-259 -42
-615 -286
-564 -231
578 439
-632 -771
302 283
-393 -773
368 441
674 8
627 400
-412 416
-399 81
-88 536
-252 -600
-523 486
-142 437
132 -221
-170 -201
-333 -759
-614 708
743 -713
-39 -181
-556 313
-222 84
427 -176
535 577
-153 14
-384 195
-442 -659
159 533
798 608
-184 -424
-69 -240
-138 69
357 508
-156 -230
676 736
74 -494
-797 221
663 257
171 392
128 89
466 102
445 240
499 -6
354 824
-422 445
268 124
-687 -526
-15 240
637 630
-665 -608
-6 -801
640 525
507 117
-772 -565
-561 -629
-55 -524
272 -118
-23 307
448 -736
99 -82
-196 378
350 346
-247 363
-211 -721
-529 673
-313 -444
637 -214
-616 628
-362 -684
-552 -68
240 -542
-166 818
315 -689
-278 379
110 768
687 -179
-594 -701
603 -242
-755 809
246 378
-620 -411
562 514
43 405
-709 577
383 588
-762 80
660 -265
-229 0
-336 641
53 55
12 -582
-34 -518
282 744
-147 -446
-390 -339
-670 698
-286 -138
-157 798
342 107
44 670
-453 -333
-621 718
404 338
453 392
-386 -17
-228 738
331 -148
-754 -248
403 423
234 190
750 485
503 337
800 120
-488 779
705 735
-626 411
-84 326
-547 788
-225 -231
428 -271
82 578
-570 560
31 464
-412 351
-702 -688
-471 625
649 -165
-356 -78
636 706
695 -509
579 772
597 -735
307 -380
316 -168
681 483
-466 636
-672 -179
505 -281
694 146
527 -822
-609 -627
-341 -408
243 466
-6 -768
-228 520
315 -89
-351 725
-796 674
422 70
453 -456
232 -526
601 397
-696 -388
74 -562
311 75
404 110
-242 -36
519 -90
-581 16
662 481
571 775
-797 -673
-737 161
-605 -32
-148 -284
216 -234
-679 -218
-756 -600
-10 -665
-822 -36
531 120
-656 670
652 278
49 36
388 188
-462 137
-168 384
-13 309
589 435
785 342
-797 -768
261 -642
216 657
-250 441
-95 256
109 489
304 779
-291 484
687 64
642 411
758 12
-713 351
89 374
785 78
-109 -37
-629 -736
-207 351
-406 -780
420 683
67 -629
511 574
626 -206
-295 279
163 627
398 533
523 -455
-165 -55
-307 667
-427 226
-490 -328
-13 -704
-14 494
238 450
732 819
566 -639
383 -304
-808 283
-376 -135
75 742
-731 435
695 -311
547 -592
-466 -100
-114 -355
322 -592
-706 -735
-360 -463
626 -776
383 510
-625 524
86 80
76 347
342 677
0 85
-612 246
-681 811
-73 -536
-388 12
-775 -608
799 -631
-279 -633
566 308
-365 117
65 -25
-539 -759
442 -410
-822 -522
409 742
-607 -776
-360 684
0 -350
710 -500
174 -753
723 536
-702 -438
43 -766
-734 -588
-601 -694
-256 404
511 587
140 386
709 263
131 438
208 591
435 -322
-111 128
-245 572
428 356
319 402
799 636
-573 -678
25 604
-204 -62
121 -779
807 90
192 -263
-660 -726
2 -351
-237 493
-745 648
-754 -125
810 73
115 794
-240 767
-508 -360
-384 -779
-746 -578
513 178
793 108
-752 333
733 -737
-258 -234
734 -688
16 278
272 560
459 446
485 -450
-643 670
-84 88
170 465
137 40
763 75
652 -140
-592 -551
-652 659
-453 222
580 601
170 86
-80 380
444 288
715 641
411 315
36 114
156 177
313 -385
397 143
-767 -118
58 826
529 -585
346 421
-540 628
-67 200
-404 488
-286 -454
-775 -817
675 790
-559 140
-30 612
-108 752
340 571
-776 449
-94 -45
46 -103
-660 606
161 49
396 -465
423 -811
-265 445
603 162
-586 -396
-91 630
-577 -256
-244 62
-371 329
528 -296
490 161
543 89
557 -136
-416 -551
772 516
34 -12
-299 565
-600 223
574 -19
469 -822
-760 814
-208 735
654 633
-712 -129
-474 0
-619 158
571 -150
474 753
-49 -588
-303 -486
410 96
-625 -649
-756 -403
-546 240
-777 766
372 -478
826 -771
138 572
-704 650
449 383
154 -377
-68 653
308 598
738 813
-637 722
-353 -753
-544 98
-546 -276
-115 -546
476 -553
52 365
766 306
130 -735
170 359
-261 -780
-41 -614
566 -196
624 554
-610 -84
-590 432
466 81
-412 -615
677 265
728 535
278 -518
-125 820
-495 580
-613 -702
-644 -197
-351 -766
815 -135
274 -657
-188 632
289 485
-663 -368
-374 621
-602 -647
176 617
11 259
-314 -117
-405 212
-664 59
-488 -265
-94 389
82 -563
689 176
691 86
-514 134
-314 480
-713 -2
289 41
-544 -359
-690 -587
-404 496
-99 358
-90 -388
-553 -664
-366 4
381 -808
-184 396
720 650
-806 591
451 -538
-361 -553
201 -583
364 49
798 -443
-652 -135
-131 -776
-109 225
-59 309
497 -400
-392 -477
323 -674
-12 -57
359 -552
-624 -203
-260 -416
801 129
-790 822
27 -183
-745 -28
803 -794
685 -47
77 -88
-815 67
-135 -397
-178 -821
-217 697
770 -638
43 -104
-199 826
-813 -108
590 -619
348 128
725 127
-724 -31
228 106
193 472
698 754
533 424
631 -399
-805 -748
-705 -459
-131 -292
807 381
212 506
-690 49
342 -61
-184 379
149 646
-713 599
-795 -474
-352 273
822 -819
250 -480
69 -242
364 -67
-235 -323
589 -805
-626 684
-310 309
-196 637
543 246
-309 719
340 219
-666 591
495 322
505 420
-202 61
224 565
822 644
-185 503
136 801
-554 -358
749 -126
606 -73
751 -623
582 -1
112 277
-246 277
215 259
79 687
7 -313
-455 -528
-604 485
-676 346
304 653
-586 -77
696 364
97 -245
26 142
207 274
-525 650
-237 320
194 78
763 129
-561 -161
-729 -725
-572 561
-273 -619
153 277
109 493
-787 -126
391 -53
-340 -315
-560 706
144 654
763 -820
147 491
-678 -139
-692 734
-405 93
309 -710
742 -170
597 -702
-375 101
746 705
804 610
-64 -822
-509 65
149 -665
551 -491
176 -165
258 -115
738 238
497 739
-491 -212
691 196
-535 706
-364 -771
-171 -761
70 -510
-117 -225
-223 82
-698 -337
155 826
-791 -165
-536 -40
689 -783
807 733
58 667
558 22
-801 815
531 -500
820 -781
329 -200
809 -504
397 -12
-731 -22
-102 612
-752 316
-330 724
-403 377
588 501
-758 158
-663 -661
-409 556
-159 -607
-374 -499
58 82
-271 149
336 171
455 423
-653 -541
209 -386
759 -589
-463 615
531 -686
-30 -46
41 -439
179 -358
314 785
313 150
-516 518
-223 -324
29 215
-96 824
385 -218
1 -612
-1 -49
-220 607
-118 150
50 -803
432 -289
-324 -223
-475 -736
-217 608
246 101
257 -701
-460 791
-278 394
674 689
-599 658
632 72
630 -20
-518 -196
260 23
465 197
-614 376
-60 -248
356 404
319 -342
-774 -321
512 309
554 -349
630 -153
309 -340
-680 338
496 -617
352 1
-438 -334
-398 292
237 235
-743 -472
337 319
-747 109
131 733
-654 -4
-742 336
290 820
659 -87
-475 -381
-521 -685
426 555
-64 -445
-199 -114
138 806
783 659
-272 -293
221 -310
-195 331
185 18
-224 788
-456 -219
-229 797
-373 678
-686 -691
256 467
645 -467
676 -415
-487 -327
-735 346
610 -498
-384 490
-565 -265
-208 680
-336 293
345 592
-790 823
53 188
413 196
-645 375
346 -431
193 583
-218 -599
-332 -609
-537 -123
-360 483
-584 338
335 -447
-358 619
392 -480
398 -7
735 93
793 -696
-179 501
-226 -506
433 555
561 -300
-608 232
-542 413
611 635
124 676
795 -783
347 738
-777 325
736 -825
-318 520
-606 -434
-454 428
-108 -145
594 -267
215 -143
-629 -202
113 -760
-289 -346
187 819
184 -527
-133 -540
120 -387
-783 281
-460 -589
-777 165
-150 164
458 -682
-127 -191
-634 15
173 -756
-777 373
-476 87
398 300
-809 120
819 -725
-698 -510
-665 -733
-739 -85
-56 361
-32 -698
-646 -370
-23 -784
653 321
356 -596
209 257
-16 364
195 -686
16 53
-533 -602
-168 -784
499 341
276 111
-706 -633
-522 180
-581 697
275 790
-40 353
-599 105
-29 -64
282 -312
232 -526
685 250
-247 4
-763 294
757 -699
-644 -756
-249 104
632 84
-548 301
313 382
-722 -40
-474 504
154 805
469 -386
695 555
798 -746
-257 309
-383 -153
72 -455
678 76
399 -673
-59 -459
665 316
339 -157
-229 -148
19 555
-774 -416
284 812
314 268
-136 222
661 585
822 113
570 -739
-439 742
458 34
10 -230
-326 417
-433 -457
644 255
703 -86
551 -112
-163 124
665 -454
-252 -171
247 348
-222 97
-31 5
-777 -525
-173 656
-307 -17
-125 -639
498 129
-682 282
93 97
738 -597
179 -792
249 -592
-66 390
-140 146
-126 -530
293 301
773 -322
113 303
-354 -640
-188 -507
-771 -230
821 390
152 763
-245 552
-742 -283
-190 760
-550 -578
-672 -377
217 715
-282 128
629 -509
178 -228
658 -224
401 539
738 -707
202 -582
415 234
-710 758
-431 -737
472 381
292 169
228 -119
705 -400
110 -696
535 311
-505 767
-540 -98
-270 350
725 -805
-305 -372
-256 535
-124 -210
-177 676
100 -562
-804 292
-703 719
463 417
-557 -128
721 616
-248 57
-308 -231
-156 301
-151 -239
587 -111
-182 -122
93 510
-87 -759
-284 625
381 223
-179 768
632 824
-387 528
261 -405
492 -224
440 -37
-102 -712
220 543
639 -756
-360 94
442 248
-386 -594
603 -362
488 187
673 776
21 -509
566 444
476 -419
446 90
-442 -397
121 -507
-97 426
40 587
89 -22
638 744
-568 -805
-130 388
-390 -394
-179 102
653 396
674 -278
510 -565
-279 156
313 77
-83 -157
-242 771
818 166
-58 375
713 -336
633 334
417 -752
710 -195
576 688
-170 281
-322 422
-135 512
-271 -218
714 663
-30 661
141 -711
-489 533
337 -613
-102 -436
-271 627
-802 112
-783 -226
-306 -576
-250 723
489 536
617 247
-31 105
-817 733
-313 259
-299 -322
-282 231
-335 701
-811 -602
-500 580
3 346
814 -719
-554 -237
360 732
-433 565
240 800
122 614
228 -252
60 120
-475 -650
-698 382
387 -625
273 294
-389 -445
-188 124
790 -302
-278 -201
672 -155
-329 767
-21 -631
531 515
685 -501
593 371
-225 -44
-124 -731
384 -449
-50 482
373 -675
-84 466
95 731
-790 377
364 -492
-717 -672
207 -733
238 -287
511 -412
450 25
-808 -335
487 -157
-755 -533
-193 275
701 -687
-35 634
397 -224
162 156
-412 -303
33 183
-741 210
635 -154
448 139
708 -796
809 723
412 491
-523 -25
-245 592
-441 -782
-41 229
-346 782
472 638
284 -415
523 625
370 549
665 384
429 536
-471 386
286 -662
423 -787
-734 99
362 -651
-764 -571
-496 257
-675 -397
-709 721
684 51
764 -416
95 -510
734 676
-707 677
-618 -407
-19 -506
628 -593
441 -148
-680 -29
133 -408
149 -187
-387 -83
-27 -356
579 -495
-823 551
-785 2
-180 370
-506 427
396 257
-800 397
303 -84
554 34
598 716
273 687
285 389
489 -762
-577 616
-244 -437
435 738
430 717
503 553
-792 -655
-236 653
172 654
741 -440
-461 -124
283 -86
-596 800
-745 -799
-57 501
-103 489
294 -746
-82 -214
-705 324
100 450
-272 -60
-386 2
195 -416
-385 755
-171 517
-260 554
-337 -465
-560 784
-262 -396
-121 -445
108 88
577 793
-299 -436
-575 -537
429 -394
593 -525
-225 -342
717 -641
-87 250
-604 531
246 814
361 -369
325 -406
-534 -298
-274 479
-205 242
-727 -718
68 -25
-394 327
-273 -670
-747 170
430 -197
-692 27
368 -134
214 -100
-190 -531
581 -285
570 -259
482 625
-304 -300
151 -566
217 -45
-50 629
-100 -704
-650 -387
-119 -684
691 514
76 -646
442 -17
338 -739
474 79
-152 -824
593 80
47 694
-209 -361
269 161
-403 109
26 151
-182 -430
239 -132
-116 199
-387 -167
285 249
-113 638
-314 237
750 600
-230 -446
504 -524
-371 -650
-816 -694
-627 130
769 200
-235 535
-80 -445
224 -435
-364 -756
546 -366
717 -369
-179 -27
-764 -494
697 699
-437 660
367 45
34 782
-305 -525
689 495
-769 57
500 -230
234 -163
192 -420
-306 -107
790 643
-695 -86
-433 308
575 -391
73 270
-393 -797
-61 -811
-449 346
790 41
-405 805
430 779
822 -461
-791 -421
-454 286
-736 -755
-761 744
530 -766
418 -332
512 -374
-516 92
483 -120
-424 76
-79 -423
-698 549
287 -132
661 59
-306 339
-676 -821
817 165
-571 -759
-418 720
-673 510
350 -257
485 -784
542 823
730 473
505 470
392 336
-49 -508
209 667
-237 -78
-649 -248
-13 -148
-104 -659
765 -535
-311 -106
457 -565
-730 768
424 -150
-428 -174
-233 323
-346 260
266 -11
493 607
-719 -605
-277 -749
365 -422
-566 779
-817 -245
-399 -300
48 536
129 326
36 -306
381 107
-736 229
332 90
-273 -381
790 -286
731 -96
211 535
-511 -595
-323 -691
19 492
-710 -654
-561 803
476 640
-638 -365
-335 -595
647 -631
293 342
-314 204
255 -286
529 19
589 -697
-550 676
-780 -633
-300 -66
-260 159
188 542
15 -221
-427 -390
452 686
-811 -374
58 72
-161 744
72 -619
-175 -629
-527 -380
85 -462
576 -150
-276 -299
-65 -477
-628 630
666 735
706 397
-780 308
132 -186
461 782
707 -479
759 -641
-729 285
609 626
-788 290
51 359
510 172
-400 -93
-369 122
-118 396
-298 -764
-752 667
-234 -430
709 -52
311 -228
-640 269
-586 315
297 91
-54 133
552 464
400 -776
-704 -669
-481 490
1 -327
-80 352
715 -141
806 -813
256 437
-630 62
-482 -450
369 545
343 -379
190 -594
351 -51
-594 -543
-349 -298
319 254
500 338
-330 -785
-63 631
338 581
-378 -752
-338 -482
239 644
-607 -232
-799 -773
-460 -193
-288 383
77 356
-708 823
614 -284
190 589
-798 134
340 776
757 -193
543 -522
533 137
723 -247
88 -435
-685 -180
690 -653
61 -214
-585 494
-17 -164
-118 -226
-587 -625
466 545
530 766
-789 557
-9 193
371 -443
70 -824
-505 539
-323 372
-188 71
269 466
-152 -681
560 1
-486 -365
729 118
297 -43
-762 -416
477 -320
-42 -489
290 -756
-389 582
-63 663
49 -44
-50 240
-80 -320
62 540
85 -713
141 169
39 160
501 458
578 12
-379 315
-750 691
-174 -320
425 335
-212 -676
-661 -628
158 286
-693 -729
771 -780
733 -564
-98 763
501 -312
-448 176
249 261
-348 227
-27 105
765 513
-451 -53
-449 -796
-372 -219
-573 -580
-264 601
-779 -180
248 -30
-737 452
103 697
172 -15
-79 203
187 -527
764 672
255 576
53 -392
552 316
-343 -570
435 157
49 49
-153 190
444 -472
491 326
-820 493
285 47
-568 -142
474 195
-291 -273
301 761
-144 756
40 153
575 330
-129 79
748 141
740 -653
-801 679
541 295
200 -311
651 391
171 -141
-334 -135
-15 331
-347 -48
404 -137
-559 608
216 489
-645 145
21 304
57 742
-770 -707
-558 750
113 606
-222 49
-505 -692
323 208
798 155
597 -537
-285 705
-215 -561
399 -503
545 198
-516 312
-336 -727
556 103
739 636
-683 510
-657 -410
96 679
-74 314
-108 247
-804 701
-723 338
499 298
548 -570
500 484
-265 -197
323 312
815 141
0 -572
294 -69
-319 510
414 277
-572 525
-280 379
-509 196
502 73
460 -539
740 497
-695 -263
-359 -612
49 -345
46 53
-801 396
-588 754
533 -563
598 -826
703 796
429 715
592 190
-323 -358
-26 199
182 -269
15 477
801 535
-597 -731
622 -565
-603 814
-69 538
416 -225
392 -124
29 585
-730 -59
-437 -662
425 602
-777 -501
18 652
-581 654
774 -389
-137 40
-328 -724
-270 548
-533 238
-100 332
-22 456
-49 -712
481 -777
644 -622
236 -376
-235 70
346 -803
547 -202
693 -368
-585 -816
-226 -43
202 -681
-46 -350
-290 302
585 120
-785 -476
-17 -665
114 158
-581 468
-267 -167
549 95
245 674
-88 -518
174 -670
403 627
722 591
69 357
9 103
-77 -45
-457 -49
-500 710
703 211
198 534
-112 -249
258 -554
565 -216
-397 373
527 -201
300 -779
97 -538
-240 -311
-106 133
522 533
287 -147
1 538
-396 -141
749 -98
-433 -378
93 -402
-746 745
514 727
131 251
639 -366
-129 -601
-615 -718
-266 -397
250 -74
246 -707
-744 294
655 510
-228 -670
-232 -541
137 -383
371 -92
-275 -793
728 -418
572 131
-255 430
4 -626
657 3
-384 612
199 558
-448 220
-214 552
352 -97
281 -679
-386 599
44 -696
23 765
569 128
-512 649
-234 -628
-317 -578
-415 -510
32 -37
729 -679
-437 28
459 134
305 -59
376 665
-409 415
624 -589
365 -393
593 -800
-548 -101
-95 -161
-50 246
752 687
372 -33
598 -17
693 460
817 43
-589 -544
376 220
579 771
-607 -644
731 -765
-90 192
108 -525
278 -208
-126 276
320 -498
-737 -76
-164 -569
702 -597
-227 109
207 819
-509 -467
-462 -627
-251 -792
34 -41
-148 -106
523 534
-665 -717
32 680
-121 2
156 635
322 344
27 -88
226 398
495 323
-414 583
34 436
166 429
672 -59
-191 30
-655 32
296 567
-402 732
426 99
-286 704
-48 -649
491 383
-531 762
-65 126
410 645
589 -663
-156 -485
410 -33
402 32
-457 58
-35 6
-408 -607
-232 -743
55 -128
-759 707
367 442
-534 472
-816 316
314 727
488 403
-51 168
138 -785
102 239
230 35
-671 -670
766 -511
525 68
769 534
586 210
-331 -628
424 -626
-300 427
160 506
-790 -300
617 -546
442 -419
198 -808
-704 20
729 0
731 -724
23 -44
-615 -310
-177 -542
170 -58
-379 280
-491 594
-324 -239
813 -329
-740 425
426 149
369 -82
-515 -585
-744 155
511 -463
-17 -712
797 -725
-256 -659
95 289
-401 -125
663 42
-508 232
-588 -17
-117 -442
28 -810
-781 701
-60 -454
776 610
-737 779
795 -339
600 -308
-695 324
-582 -270
-153 -107
714 95
-492 515
-379 -746
3 -290
-313 130
628 518
-759 423
-32 775
-376 -80
699 741
-290 14
59 -352
463 -581
818 -558
-590 462
-250 -658
523 -35
-151 226
344 707
608 -181
545 411
-447 -327
785 339
-525 730
-824 103
684 -697
0 691
-545 338
37 -732
394 -816
-735 -224
-692 348
-657 432
376 655
-4 -811
303 703
-428 747
479 57
-510 -345
755 34
713 -86
667 -418
754 735
-373 224
-672 766
146 -513
562 -649
-261 688
460 -505
380 254
-436 463
212 -368
-455 -755
579 728
-238 25
-184 -103
-741 386
-804 -472
-384 -386
-790 472
397 -425
-614 -288
-33 -554
-415 789
-334 780
-119 -496
-405 -240
-254 -584
-19 794
580 423
72 798
-520 -22
410 -463
60 -271
531 -312
393 -742
816 418
729 399
687 -779
-680 -663
444 222
360 30
-141 755
728 578
-697 -55
313 377
-310 206
-598 285
-65 -103
-448 -562
590 -247
798 -677
-342 -332
-525 527
390 627
-74 613
-177 719
-232 28
-651 207
631 -806
306 -685
-583 -362
94 -573
-492 263
-92 -794
-442 502
-796 -466
270 538
-133 -192
597 -341
-452 79
-28 613
-395 -566
-518 -127
212 743
159 -180
-751 -501
-70 731
-254 -497
-715 537
-230 -290
-340 -261
235 0
-173 -416
680 714
-529 4
-575 -388
68 340
-792 448
506 700
715 -190
-49 810
514 -328
-315 702
341 -784
523 -339
-79 -721
-418 -708
76 558
267 312
74 235
91 756
584 -758
-751 -814
-675 520
395 -333
-136 610
278 238
-187 39
-24 517
-522 656
109 -144
-490 551
823 -579
-688 52
-346 -222
-553 -381
-197 -301
219 -252
-411 388
-114 213
-476 -809
-90 665
-449 631
78 -142
493 101
91 103
651 -242
764 14
-660 -55
561 417
-809 -709
-348 678
173 -728
461 -703
813 -130
-25 -248
-214 362
-799 143
213 399
-795 -571
795 160
-30 45
-730 585
234 572
790 -815
-118 -432
284 -51
523 331
-357 -752
31 451
-778 657
-199 45
-22 220
-163 -619
786 -161
559 -613
325 -732
462 -358
-2 -696
-65 200
677 -27
489 706
148 306
366 -6
-180 112
-350 379
643 -666
-658 622
-387 -58
-741 -678
-316 712
336 -465
-812 -18
299 -785
-48 -704
92 -255
561 -626
-145 96
-591 632
-780 317
-94 -755
195 -371
-332 -735
237 264
-350 -278
245 581
604 -631
-432 410
-299 -562
-235 -380
-573 -704
-646 730
-342 43
808 94
51 -414
-426 -79
678 -328
-36 717
-394 -328
-447 -251
-424 -609
424 467
3 283
-672 -692
-127 46
397 -297
564 633
694 -412
436 93
-628 -725
-281 -567
672 213
-702 293
-141 298
138 -145
669 406
214 645
774 109
284 527
-339 496
25 -653
-607 254
-590 -173
-678 724
-779 495
-759 83
238 412
-346 121
70 -746
-40 -328
621 32
548 -711
-194 583
245 -553
-377 73
710 56
-269 -789
-609 -348
-108 -138
307 409
785 -18
-762 758
-740 532
42 218
10 -491
177 138
780 144
-75 -542
13 702
-312 673
-721 764
687 -716
-97 270
-19 -377
761 -99
-544 -272
803 683
789 66
631 -256
355 649
-540 736
511 166
318 576
388 -237
226 -482
-374 -554
101 243
691 -124
112 199
421 -647
-201 601
245 -651
-788 -666
423 -701
657 -650
516 -169
494 60
-603 520
71 579
-469 17
68 788
-43 328
115 -165
-168 644
26 683
-705 -256
-664 -217
-193 -632
424 178
-373 -259
-336 -628
-310 -813
537 -157
160 730
-266 721
299 588
-66 -22
604 -645
-588 -523
703 -267
149 347
-390 138
-117 -479
-51 302
-718 -282
802 -213
-518 615
660 -806
-496 254
-448 219
-795 652
491 529
-195 641
801 -415
-495 492
507 569
-473 767
271 -612
-5 310
133 -794
-393 579
-710 282
248 -576
49 -418
-396 -777
164 158
-223 -784
-782 -753
707 689
-414 -145
680 631
293 695
530 -788
-594 -348
-634 2
379 -684
535 -591
734 -700
470 579
-536 760
-90 -539
-647 -787
327 -752
-249 -825
-203 -419
-610 -236
-184 612
-529 100
-251 -470
-779 122
265 -295
749 -257
-191 94
-809 679
-488 141
-557 -559
465 -810
689 510
82 648
446 667
281 -407
-230 -733
269 -448
-299 -214
122 586
-482 -411
-824 -167
209 816
63 118
105 -204
-534 -188
802 718
-528 428
-269 348
-420 609
-643 718
268 470
-544 234
193 -36
371 -747
-244 153
-596 -298
-348 -226
689 -38
698 315
-40 254
30 383
655 582
279 -468
-796 -569
-527 -434
-110 -459
41 -802
465 -140
-184 346
-132 -666
589 534
-815 734
530 174
564 -301
-408 -38
24 81
223 296
254 -506
728 -483
-732 -576
797 117
-386 -20
750 -351
-500 605
-210 -244
-250 65
-706 -615
-499 -774
372 -590
-329 600
42 -278
726 -270
-204 -63
-250 -65
-13 172
208 305
585 -366
-398 -366
493 663
479 713
-181 122
-214 -443
-602 -96
-816 434
-677 719
677 -213
716 -339
678 -572
491 618
-742 -241
158 49
273 -503
552 -171
820 299
-528 -529
558 -110
-107 22
625 -594
645 82
309 639
-714 791
-708 -534
555 419
5 -137
-662 756
694 -805
-224 481
400 682
-169 -284
399 252
381 -506
620 708
680 104
654 718
780 53
-361 57
399 -722
704 -234
-130 -75
-512 274
521 -65
422 -143
219 -260
-517 124
-74 -169
279 268
-401 698
-56 86
-577 -792
422 -18
-291 -552
-177 402
783 155
-543 -293
-401 -553
-646 594
262 195
-528 364
434 -604
-249 -557
-787 -234
26 403
-115 315
-335 -74
-445 792
734 -714
514 -58
-123 580
-747 -648
687 69
363 -115
227 537
490 -519
-620 118
470 509
530 -714
14 280
369 -720
-768 734
-446 98
-442 -752
-723 418
-263 -582
199 481
-132 301
424 397
-390 -597
381 -60
184 511
404 -813
199 -577
475 -742
441 714
-497 -434
-218 -122
-636 -119
239 -605
84 590
-691 -680
619 360
454 -776
63 -734
201 -787
-121 192
-413 -315
252 -755
501 -516
520 547
-605 143
-788 -49
-661 52
-660 -133
620 -83
-141 764
222 -719
72 94
312 -553
-767 -651
256 -824
-135 -232
693 -356
-85 799
761 -698
-351 787
-671 -677
207 -70
-95 -400
-207 -591
-167 -751
60 373
-538 -646
-585 -745
463 649
-644 419
238 123
-292 738
-180 -551
-266 396
703 -379
231 100
-751 81
673 168
645 163
-460 -478
-492 -773
-590 -272
98 -276
443 97
205 146
818 459
329 -124
-553 299
-489 -706
-416 -106
-266 236
292 496
-749 -623
301 13
-34 188
280 -672
821 100
-481 435
-208 -217
-514 14
785 -407
-544 313
-279 649
-455 745
681 -122
632 426
-569 440
658 -308
285 -695
-477 476
-326 -154
226 -614
117 457
284 451
740 184
299 -50
453 -194
-129 -550
-405 -278
-355 -768
-468 -150
-706 -816
-305 -637
684 810
-537 -343
624 745
-562 683
-283 -328
-350 107
-143 422
-283 384
-685 548
-97 -108
-34 -76
69 -5
54 -527
185 -286
-703 610
621 -428
824 13
439 347
-23 239
-555 -570
228 522
276 -137
652 -255
-755 -496
270 -625
-19 452
757 -206
334 509
156 318
-628 510
324 -245
651 -435
745 198
-821 709
309 -67
521 191
757 -36
200 689
362 -293
258 -250
721 -597
625 -708
-673 540
369 308
277 680
568 -396
-30 -531
526 -820
-216 -410
32 -701
318 -435
17 100
526 -802
784 598
-231 783
196 243
484 246
-729 -264
450 604
-689 36
-324 644
-91 -597
460 -354
-606 -68
-641 59
-37 -573
-95 -42
346 545
-599 -234
173 571
220 -682
394 -750
641 -628
399 -736
46 188
-762 492
218 -597
215 -813
-13 226
-7 620
822 823
-493 -574
671 -459
608 712
714 388
-737 451
-556 386
-90 499
606 -556
-822 748
496 -360
84 -351
363 -524
-482 -755
-722 -606
-618 313
-592 578
-421 521
574 357
548 -190
-45 -519
133 -210
-58 -554
565 155
550 581
278 -144
286 -322
-571 -97
344 417
-603 555
-262 -798
579 685
-77 -731
-684 -821
313 -220
-206 -700
162 402
-258 774
773 50
662 401
769 -147
820 -554
136 -343
515 -563
-388 420
38 -271
-671 613
-401 -224
-488 150
-350 -750
58 -16
-260 360
734 -481
-178 -189
328 565
-708 717
737 -349
-613 -689
752 -433
313 -413
785 -789
425 -734
-826 -683
-826 -558
729 -173
-382 42
757 -229
-142 381
16 -161
427 -283
-197 -111
-685 -532
771 720
41 234
538 104
154 -568
328 -148
393 -121
658 -613
-254 -772
496 78
-761 -224
-128 -490
49 -571
489 -237
-797 344
323 -756
-591 445
-721 -383
577 226
384 129
-820 205
340 -672
-107 721
43 -673
388 398
824 -18
-138 -500
564 804
-743 740
208 526
-21 118
799 -565
199 -235
-422 386
-312 355
688 -103
-410 -773
778 420
-751 -449
-778 -499
-404 731
431 426
816 87
-416 -260
436 763
-743 339
577 -497
-445 31
36 221
-200 -558
481 597
793 -257
246 503
631 799
447 -47
-371 445
175 393
-230 -35
-400 -38
-693 -99
242 -805
649 19
-637 -69
-206 653
703 -283
-711 -672
729 -567
-27 156
112 -560
-95 -257
-674 -447
472 -279
-543 -109
794 -824
-543 -374
-70 -308
733 168
402 11
-23 228
-772 813
-495 233
-583 -485
-151 -794
27 -491
549 200
-696 -158
480 694
-365 806
641 789
-273 249
27 -727
-765 817
19 -472
160 -703
120 -730
624 246
-800 -274
-86 127
-278 -177
-431 54
600 -311
674 30
753 691
366 716
676 589
-374 -348
382 -640
361 -396
498 511
432 -12
-254 257
509 -567
-24 -447
-464 -262
-322 394
-802 262
22 -701
531 169
-393 430
-386 703
-484 405
1 485
-243 214
-152 552
248 -471
668 -267
147 -550
-172 89
-112 -167
-275 54
816 464
61 131
-358 315
236 -761
-429 -532
-213 338
-808 263
-694 340
696 29
-606 -718
-557 -541
-730 -762
196 783
766 -541
-362 -433
-133 -243
254 -657
366 -240
-458 667
-58 -812
-612 -445
-218 363
-579 54
-414 -572
-249 -144
-131 347
400 269
669 -519
-36 607
757 342
-456 -431
-551 -433
-547 804
-706 69
152 362
698 -610
-191 -188
-638 505
639 751
555 -725
85 -783
-349 300
-415 -214
336 -272
385 -42
-83 271
635 -22
657 86
270 107
817 154
-300 -529
-720 -152
499 -668
-553 -324
-469 784
-297 514
438 175
362 157
-124 147
241 673
-122 -635
-679 0
356 -812
-687 667
-95 155
-158 617
728 146
402 -662
-118 -336
-499 -521
137 723
561 -190
-683 -520
-671 734
225 154
-176 -193
-72 -333
551 604
152 583
40 147
64 -794
528 -312
-74 327
-710 151
731 640
-182 -714
465 -734
272 758
27 486
-187 614
-723 -307
268 813
-93 -559
20 741
-55 56
-641 -558
-212 0
-530 -556
574 575
-230 -528
515 519
483 -131
133 763
207 703
-364 -618
-795 707
-517 461
-261 -324
-500 112
-605 514
-817 582
-419 -69
-417 81
-215 697
604 120
611 -231
147 238
742 -526
-480 -746
260 443
-107 292
520 -83
644 -762
304 810
-288 -645
306 8
84 -147
329 680
-676 -573
794 -588
-339 808
505 601
-291 88
573 -783
-707 -359
273 -31
-351 239
445 390
-775 -502
-592 585
-351 507
-760 227
767 624
740 542
2 -6
614 -610
-571 -36
-294 -799
-102 545
-327 -682
-595 -666
223 322
-144 -559
406 -586
194 680
-819 264
-403 -531
545 667
-243 381
444 -346
-105 -295
-747 4
-499 563
