3000
133 -500
167 -169
497 -287
573 628
-630 210
-165 -367
-469 246
-407 -34
-229 -611
7 -462
-274 -337
-86 293
208 224
-553 394
-638 -636
-246 -518
553 -531
-351 -236
-347 -267
-530 47
650 -158
-82 -94
-134 570
88 -77
26 -614
-458 75
-1 -37
-638 135
299 79
-217 -1
-292 112
-253 326
607 -363
-42 530
371 54
-323 457
48 126
566 561
-467 471
-9 105
16 362
-228 -497
303 614
-493 -150
130 -638
-287 163
8 490
28 -446
587 257
-74 232
268 545
-648 608
608 -556
-563 231
630 -353
467 70
-586 -328
-416 -327
-596 -428
-193 249
561 439
-398 424
-141 325
234 539
-634 518
-213 2
-485 221
305 441
20 -316
-614 -105
628 -301
-581 -111
622 -574
305 421
335 -294
622 -302
125 -248
382 179
140 -340
-416 288
-372 65
10 -140
218 -16
588 -78
224 116
-232 -113
110 -91
389 120
571 -477
-115 526
-153 587
-565 -625
-22 222
632 142
-538 467
289 -497
-527 454
448 312
631 26
-532 146
250 -321
-536 -501
202 -395
-290 91
-639 596
478 -199
634 342
-391 226
-467 592
-93 -58
-138 541
-17 338
-613 123
-62 -216
590 11
-618 -238
-548 -450
-637 -131
-371 -356
-199 -547
261 -391
-606 -526
354 -49
562 517
166 -25
-285 156
27 278
-472 -514
60 -83
-179 449
276 360
-606 -27
366 381
170 -310
-148 -268
375 -148
-289 499
-433 51
-17 -447
647 -499
-390 25
306 -3
-421 -375
337 601
-331 -379
-347 -389
97 -460
51 553
-229 -511
327 504
-614 -8
223 436
-339 -234
602 -529
-303 -484
-503 -142
219 -207
72 584
335 630
166 -323
-277 -75
152 251
-294 -92
69 616
-93 254
42 -322
-155 349
428 -219
-180 1
382 -177
-473 296
164 12
-532 478
-295 65
407 -648
292 535
-219 377
-183 514
-547 434
-55 512
617 129
-47 -82
-313 -307
103 -77
-368 -299
-562 -220
-370 -213
-216 134
611 -148
-301 -546
-655 243
230 -544
239 90
-390 -470
-347 324
557 -298
51 -45
267 -154
-153 -337
-304 251
-612 -67
658 -243
363 -607
86 -654
292 -244
-381 320
-385 -135
-144 -239
-230 -240
158 228
-33 -570
-444 -104
-203 -171
502 282
369 -417
-385 -29
-362 183
-334 -279
-11 -39
-382 151
609 441
481 -55
-98 -634
7 500
-310 142
-273 179
-587 141
491 -304
-616 395
530 -620
167 322
146 26
67 -523
-658 -42
302 -171
-122 -579
284 -641
639 -475
-521 536
550 508
-170 329
118 613
635 426
181 -361
-485 -385
-587 -186
-459 -12
159 346
642 -232
-367 -205
-64 -219
605 -458
-146 178
393 240
-450 -16
557 439
159 298
423 660
-102 -392
-270 -96
-548 -381
334 363
-653 -322
579 -636
-89 -487
229 605
-582 -478
518 475
538 -284
-220 -384
-255 174
439 -224
-603 591
-150 -8
540 608
-549 470
-159 569
-588 -143
-203 423
-619 626
210 -364
-444 -356
352 402
-513 214
247 -472
622 -563
-451 51
548 436
191 -24
-156 -66
73 -434
-483 -264
191 302
322 -384
39 415
99 134
410 1
197 -243
-212 473
15 187
-185 -614
-249 -466
-645 195
414 -438
531 -651
373 -433
-579 590
271 553
273 -613
-611 -304
-646 134
615 489
214 -177
-646 655
-561 287
55 167
-251 -327
-71 154
481 153
-91 -2
-1 476
-187 63
-641 -336
482 -11
-154 507
120 -583
-30 661
264 -356
273 -473
-523 -405
-53 -476
530 99
-573 -424
-327 637
341 366
552 -644
-451 -624
92 52
242 639
-615 408
-356 -146
33 -10
564 -385
456 491
-386 577
-521 -374
-71 48
63 76
-104 -261
277 39
338 404
640 -86
57 -610
200 33
348 -116
159 148
-315 345
313 160
-358 143
-53 197
-188 -196
-348 417
92 647
422 -239
333 34
-293 368
116 -506
600 -89
354 -491
422 -519
-341 545
-42 212
513 283
503 75
-433 -509
-652 -297
507 -583
246 466
373 325
-660 596
-570 308
-300 0
-260 470
-304 223
344 406
238 -479
277 -247
-69 -171
99 29
127 154
-575 392
-37 104
25 87
179 424
503 -83
-633 174
-101 -426
563 -16
495 107
635 -619
-229 142
649 -218
353 -339
638 -411
130 -479
256 -258
-381 221
593 -30
82 444
-493 85
-465 500
-224 -336
330 -356
-82 517
517 -218
68 -334
-67 -232
176 -492
-450 198
226 -270
-646 -429
-257 -460
-200 308
261 -238
26 344
203 -188
-522 282
-143 -406
101 267
5 -451
649 366
-266 230
-449 -376
-417 277
-317 -249
28 -118
119 457
192 510
563 -19
-590 564
306 292
-64 591
-61 -605
28 -428
-56 -141
43 -225
486 214
519 -50
-124 -612
114 -583
326 433
343 419
-527 318
451 -409
-542 -661
-100 -539
103 308
379 69
518 507
-264 282
306 340
639 -131
-161 -258
275 412
315 -75
352 271
196 -604
483 297
431 457
502 -377
-97 330
485 -207
386 596
576 311
497 113
477 632
-320 -507
-617 -590
-337 -498
-618 -429
138 269
-168 -611
-31 -12
-61 -521
341 176
179 178
-3 -159
208 652
-194 -492
-125 113
160 -656
306 5
335 22
-33 130
-529 -624
-516 -218
646 215
-34 -476
-564 -335
328 505
80 -157
329 105
-487 -371
-412 588
319 408
-185 -138
234 465
-88 -203
-222 13
583 -337
-496 -115
-142 -437
-159 46
111 395
569 69
-478 -264
122 611
-217 545
558 -174
294 -385
-152 -540
-143 -276
-520 -118
-131 -54
540 -248
646 1
-293 -363
366 -449
309 44
74 502
125 -661
305 -231
207 278
578 106
241 517
122 -146
-20 528
183 619
-315 -366
162 -436
-602 -610
-474 493
-158 -299
-263 309
-8 646
240 -607
409 -385
609 273
-196 384
-446 -227
32 -214
-301 -1
198 390
-335 -1
-143 -191
-155 510
-104 546
222 420
-134 -15
95 418
-502 208
-653 561
470 258
95 45
342 -502
-558 -507
330 -476
-458 185
-303 -87
235 -133
640 29
-368 -519
328 412
389 -130
619 539
511 -2
575 -120
-494 -618
494 308
586 25
294 560
218 31
299 412
-120 -313
318 -381
-369 -507
577 -605
-360 -539
49 227
-265 397
322 -159
-207 206
412 300
584 504
-298 229
133 467
-355 621
-653 623
306 189
-547 -287
326 -321
-163 -470
437 41
-575 -592
616 126
-587 358
472 -173
-95 -116
469 -577
-328 242
331 -350
158 -443
517 -588
-224 -82
344 -515
556 -635
76 203
403 -533
395 42
274 -178
429 -82
-598 -546
438 -215
-117 -553
535 70
-378 68
-350 -310
606 -379
629 -394
-3 -481
-593 -324
-529 -322
514 319
-156 -335
-192 530
-307 468
-397 472
-531 618
-40 -24
-166 591
-654 381
660 -642
-11 -550
-462 -477
629 -94
-36 35
-34 355
41 489
147 207
632 -451
-68 -321
-253 -605
-347 601
607 -600
-372 -74
-585 5
1 458
-106 26
-320 -411
628 -197
121 350
-310 -427
298 -585
207 249
420 -75
90 -591
480 231
628 -634
332 365
284 -659
-348 -362
90 -578
394 350
-438 14
512 387
254 -206
-53 461
-548 -196
533 552
-126 266
-551 -628
432 -504
-399 89
-16 -174
567 175
592 471
586 118
543 568
521 650
10 324
-575 266
377 186
447 320
617 236
40 -159
-551 -35
138 183
-436 -581
-540 258
303 -389
175 376
425 -662
535 533
-655 572
130 237
564 -411
515 -99
182 -424
11 -372
633 390
-87 -388
341 -442
-645 -193
-271 -352
16 -12
-120 -567
-107 606
565 -367
90 -185
-433 402
644 263
-288 -467
20 -335
-228 -580
-439 -469
-262 -546
-59 88
-559 511
270 611
371 -498
36 497
126 530
27 612
-564 41
617 -137
-64 -475
74 -505
370 -53
-95 -153
-330 509
-644 598
505 -632
14 -406
-360 25
-535 -434
-92 58
-420 360
422 -379
398 -474
404 141
501 603
187 463
-11 -122
367 -229
-620 659
-537 -442
408 -74
-610 86
496 -473
-571 32
513 -78
-56 68
100 -523
209 46
-425 582
-328 -390
-362 -38
-78 550
-303 135
616 595
127 -434
369 0
216 -361
-219 101
230 -494
-651 264
174 -355
329 109
-291 -477
-443 -467
367 -132
-532 224
-255 107
-92 46
-26 419
-12 -462
-109 -182
156 -112
-103 597
315 406
309 115
-204 212
-262 -628
314 -249
-160 536
-647 419
196 70
-510 -476
-18 -285
519 -556
314 302
416 461
-65 -258
-70 613
-172 48
-435 449
339 -537
-394 66
422 -459
-350 -39
-404 625
-36 313
-186 -526
-420 336
496 631
306 377
258 -129
525 128
-616 -290
-367 192
77 153
5 -631
-355 472
69 434
-123 148
157 -150
334 -402
181 -407
-601 -172
-462 228
-378 553
-20 530
526 609
493 -495
-391 -214
279 -578
440 -235
-636 324
-582 404
-56 379
-235 608
-375 168
-557 410
-223 -572
-437 401
-444 -50
318 -69
569 93
137 445
67 -550
150 155
-632 -122
-555 390
-353 203
183 386
235 -615
200 255
418 127
474 -213
-472 588
-150 -375
277 424
-4 -127
203 -271
597 354
28 328
-624 -149
660 -109
-545 -473
-603 3
-601 -15
-557 601
-389 450
140 -348
41 191
-625 -108
496 14
-660 7
-143 352
133 497
615 156
-369 601
-81 246
-276 -584
128 535
-182 -407
609 25
410 146
211 -311
329 -398
-469 529
-139 28
506 -389
-28 -323
-555 510
-56 -256
-281 -113
631 -324
-15 -445
-226 -262
-54 -576
430 -267
-151 396
-127 33
649 261
24 620
529 -578
-622 289
656 -28
-336 49
-64 588
9 215
-326 -337
11 -609
-460 -281
-225 -361
-302 597
-22 228
-310 -31
-491 -617
559 -524
-604 -526
380 241
-1 -150
-496 -478
498 17
-236 4
-558 77
-264 638
-287 155
-28 -333
587 161
457 -239
-375 364
201 -378
-436 641
-228 374
-628 -260
456 -452
324 -646
-543 459
-269 -342
-17 -312
-41 611
138 143
-50 -628
426 -32
-45 361
17 -424
292 -349
-13 418
-128 -121
123 -442
206 -59
-29 8
410 -362
537 -289
39 106
-355 -248
-72 297
-414 -476
246 -248
-292 318
-115 327
-107 -61
-519 478
323 -407
-472 -441
436 140
-630 -148
-468 232
2 -86
580 557
516 -417
417 -415
476 440
-516 -643
-222 31
-185 124
66 171
-468 -523
127 325
-516 -256
-353 -102
-587 -509
-355 142
170 314
556 -272
341 358
539 -510
-276 241
-207 -339
21 85
-168 -269
-180 56
-635 306
-256 -185
210 -516
437 594
-524 304
139 -546
-194 -176
516 -450
412 -613
-366 -227
457 -476
-578 485
-360 -222
18 -201
-581 -111
630 -436
264 -466
476 210
-126 301
450 -14
400 -77
-189 -361
-509 606
-441 237
210 167
-127 180
-585 209
347 85
-594 -285
-293 590
-360 -43
-546 6
1 366
354 -96
559 -592
364 -527
467 148
113 444
-104 461
523 662
-526 -479
458 57
255 -83
-354 248
-273 -190
11 120
-452 435
-214 99
393 -420
-496 -202
-217 -527
72 98
-346 -208
178 -605
-47 -451
-526 -182
-216 -500
77 438
-18 -199
-182 -623
-68 278
268 372
-566 505
485 444
50 -575
340 89
-206 -136
-233 -547
-401 163
95 225
258 488
-624 82
130 -452
-37 380
544 65
493 546
588 -363
-589 632
-406 -557
-456 -106
-519 572
195 366
122 357
-25 -371
3 150
-423 353
656 289
-389 -575
-337 -131
-517 14
197 519
-222 56
360 51
74 357
214 118
645 -5
-315 -509
-354 -510
-318 -164
-273 61
439 -280
-598 40
599 -516
-150 -524
-418 -54
303 -87
-592 571
-139 615
-363 -294
-85 28
-440 -612
-376 115
544 366
-127 70
510 -242
-495 -79
-181 568
495 225
-26 -557
588 -39
-636 331
244 574
-73 23
154 149
-33 -276
-52 124
-258 -526
383 -520
-501 -194
620 150
508 279
157 -343
103 -252
-508 330
364 485
467 397
43 -582
-325 49
-171 149
-321 97
632 -556
415 -599
347 96
-387 503
-29 659
-204 251
76 -6
286 -1
-614 507
-510 162
328 -546
-285 -253
-306 -368
97 -520
-205 -66
225 96
-510 433
98 -410
-344 -347
-526 301
-327 450
-195 -388
-584 -66
58 -400
340 -126
-261 -223
558 495
40 -480
288 -26
182 139
-98 546
362 -259
-418 -633
-610 -382
109 365
-634 -261
-549 -513
-567 5
438 -593
-3 -408
59 247
177 481
62 -50
22 528
424 468
561 -391
-320 496
-640 -523
443 571
-472 -613
168 -398
-425 0
298 -523
-554 -429
10 250
571 151
-83 -131
483 137
-407 47
72 602
-42 96
456 -655
-206 -631
-611 -209
482 39
614 -619
370 233
-578 612
338 -536
-146 198
64 595
237 -166
291 -471
-438 -453
-268 -329
-605 381
442 -4
-444 104
34 24
-414 -465
148 212
97 -272
60 -600
661 412
-613 -9
-212 -51
-403 -464
417 509
403 92
139 161
-577 -319
-299 -220
546 -340
208 486
247 148
497 -487
-590 -127
653 -441
-271 268
80 122
655 280
657 -310
230 425
-23 647
421 -177
379 -394
278 -261
-396 50
238 -609
-399 390
-600 500
533 -275
17 234
465 455
149 53
273 86
-342 657
-523 -83
607 -454
-45 333
43 -536
-268 419
-272 555
-88 -157
257 55
641 -524
84 27
-324 -442
-414 546
362 -574
480 199
-337 -550
402 -23
55 8
47 -68
278 278
360 -526
234 -474
42 -194
419 327
576 -503
-563 -454
-466 -106
160 -417
-94 -540
641 -95
-354 -538
-607 277
-581 -536
-381 262
-341 -369
-71 -382
204 385
-324 -129
74 96
145 176
-364 -170
548 -394
-147 -172
486 342
-53 -167
333 -167
-8 -140
219 517
-285 -619
-251 -413
432 -368
-443 -351
-89 123
-370 310
223 487
180 108
-330 615
411 -177
602 81
318 -82
106 -92
407 -409
-41 501
536 -641
18 -521
211 -64
470 -491
-107 -610
75 -420
-488 -295
64 68
355 103
234 -51
-465 145
-334 -477
57 -572
602 179
-525 602
-350 -356
-13 -105
-628 391
-293 266
121 133
137 -596
93 -139
61 -344
-590 2
-478 -268
-199 -361
82 542
176 492
-145 190
-160 455
-273 -569
-451 200
540 142
538 347
-442 -96
609 380
603 586
143 143
635 -435
333 -600
261 -413
303 -569
588 -138
-145 348
262 13
508 524
67 225
374 452
-75 -562
-221 304
-431 533
477 -391
196 -50
482 477
-217 614
-465 -404
-38 531
362 110
90 -32
-476 54
499 -280
-586 -65
-517 -390
224 -198
245 638
-58 -588
143 -627
427 -423
-39 -221
-305 -436
582 243
-111 440
-78 -77
416 -44
46 -456
309 -214
177 359
-45 242
-287 -615
137 7
-338 362
649 554
-119 -300
342 -285
148 500
365 -543
352 188
-88 -646
-171 219
2 -79
-229 466
135 134
640 199
-281 -260
-95 282
505 576
-784 387
-282 -554
-231 -365
73 458
40 -511
130 114
-440 -271
585 -205
146 -520
-181 4
-232 -458
-200 -202
135 -530
-108 583
370 -337
-85 -73
371 -534
157 -635
357 -235
179 -585
230 -68
398 -123
-593 -518
42 -363
-345 -604
98 -292
380 -234
-111 -155
-286 -563
229 631
-521 115
-71 -34
-399 0
-428 -501
-588 -202
318 -66
49 432
483 199
532 545
645 209
-82 -146
-585 121
583 -511
-207 655
144 -67
597 -512
-355 -69
204 47
561 -560
-259 -337
276 641
72 -601
88 310
438 -79
529 -411
273 -444
88 -244
-548 324
-636 441
351 475
-64 337
495 -459
-496 635
534 311
-366 197
-593 -13
655 634
-598 -474
379 -103
70 -75
-150 504
301 -251
619 -217
-409 215
-273 474
131 222
131 176
518 -339
311 528
-303 -466
444 124
-370 582
-268 195
391 553
-652 -42
-622 -40
395 -357
-197 -436
649 151
582 475
-444 166
-358 -24
84 10
-194 463
26 -360
64 -462
-538 -303
-22 -340
296 301
-508 -482
32 73
134 571
412 -633
-208 -119
-526 313
-105 12
349 -539
-307 542
-310 -361
-424 574
284 -13
569 -183
-459 199
652 395
-627 246
290 599
-486 -369
-551 179
615 -164
-503 -70
-523 -61
-227 481
141 374
381 -460
549 399
328 653
576 -490
-90 211
249 -613
78 -137
534 187
43 -595
-151 -377
536 -268
-7 -620
-637 -213
565 33
513 497
500 -418
-629 167
647 298
652 238
-343 532
-298 241
-436 -296
-566 -50
148 308
523 177
-588 226
-583 -125
-139 293
553 -146
-463 -479
490 -92
207 321
-587 409
-240 -454
478 193
-410 460
-23 220
-150 -286
3 -310
593 632
-542 334
-399 197
-591 -281
-245 174
-245 -205
503 -577
283 -442
-496 411
-585 240
338 -89
-360 627
281 3
435 -661
198 412
151 300
406 -58
-374 308
-590 -656
-607 -274
-94 -46
-142 245
251 -295
130 342
-337 -220
-106 15
568 567
-283 -379
282 78
165 -317
336 221
-435 -422
118 472
-284 421
391 656
444 -103
31 -369
47 178
584 -447
-169 -267
352 481
-76 -519
474 7
-141 -488
-291 8
-524 89
-662 392
447 341
-387 -209
-129 535
-337 268
317 -574
568 415
-404 -143
-608 429
-558 535
459 65
-475 -277
-621 -233
372 -439
286 -351
197 243
-210 -83
72 -231
572 -445
406 660
584 268
140 443
-271 380
-359 604
421 -354
-585 203
-325 -367
-155 -558
-239 289
-215 -478
-268 -9
-23 -72
288 512
365 -89
94 -541
-348 -471
-291 242
-508 124
614 3
109 548
-372 -204
-112 6
-441 -398
157 -194
487 586
175 -162
179 226
-216 50
-653 624
517 98
19 273
211 -578
531 -274
-126 318
395 -275
-589 100
167 -573
-250 395
413 57
-379 644
600 -505
7 -507
-14 586
109 -514
83 660
-132 407
-188 529
-237 353
191 -57
-314 -427
-4 436
70 606
-512 -258
-347 149
600 417
-5 -588
410 55
-455 104
-247 501
-391 171
-377 -274
381 -381
489 -357
-281 347
650 -130
-553 -135
486 -43
47 -523
593 -175
505 268
-533 -634
524 -274
-102 -416
-593 -286
516 -154
170 52
-498 279
-509 -66
-93 -519
-80 304
123 48
174 199
253 -591
-550 337
391 -549
-395 -610
62 -433
394 -17
61 594
423 447
407 -329
-331 79
-368 474
295 -463
-565 -384
-405 49
188 60
-272 -63
-407 -557
-274 298
-474 -471
-187 260
-623 236
-656 -511
401 460
-370 226
373 61
-561 -443
-499 226
502 49
-359 309
-83 -355
613 600
-438 275
-376 -429
180 25
436 -471
640 -76
430 -228
375 -416
-476 434
-354 -642
-235 111
-69 577
-151 -66
-114 -652
-74 -340
578 321
104 36
-4 195
335 -54
-92 -304
-128 -6
-447 90
109 -485
-509 247
6 -310
-550 -50
658 -148
-353 137
466 657
-239 582
-226 -341
-384 -92
634 216
-250 -323
577 115
515 384
444 -446
33 -111
499 504
-225 311
123 288
-133 -182
30 -32
492 -544
-34 -548
578 443
-217 -59
-499 144
-655 452
-78 -115
-1 213
-469 -400
-242 9
-609 194
297 19
-119 606
457 -349
-106 112
469 -163
-330 151
629 -600
649 -579
-650 -57
-395 34
245 -559
459 -170
-49 629
-338 -130
-114 -391
-119 437
586 185
-261 120
-144 567
279 133
445 -186
84 -112
630 -604
459 -566
277 531
-614 600
-109 -235
397 -378
46 -27
-25 -599
-267 45
-579 -468
306 131
569 557
-533 -378
-67 -266
621 -482
494 -417
292 281
475 584
229 271
-457 301
8 285
554 24
296 -370
98 -413
-548 -185
470 -269
-371 28
62 -85
-560 257
252 -308
18 -626
-289 -381
-629 17
-424 526
-426 618
164 198
371 -429
40 170
-257 -184
-404 51
-140 465
-334 -486
313 -530
-401 282
-261 -536
-44 51
-88 301
-252 10
-86 -593
-258 256
218 289
134 455
408 626
27 508
-653 -420
-554 -552
-363 370
105 181
390 263
-154 10
-428 -396
488 -585
419 -453
-3 189
134 -4
257 239
-390 -134
-332 -44
117 1
-656 -237
-129 68
5 -297
-366 -593
-429 -354
62 583
-220 99
106 150
-556 660
4 395
137 -587
351 -221
-504 161
-66 -601
-22 1
430 -451
155 296
-121 129
410 -227
-176 593
-585 280
605 505
-19 94
12 152
33 -617
591 294
515 -389
590 -538
-346 -56
368 440
-414 -455
400 -70
661 -490
661 163
607 460
-288 -554
-175 -198
-72 373
-84 86
408 327
280 -33
532 153
-658 -83
294 568
161 562
-593 260
-125 300
-531 -301
517 595
8 -364
-328 86
348 448
512 30
-496 124
-173 -162
490 -188
-247 -536
136 -159
611 426
-328 -305
12 20
453 -82
323 -270
-293 -14
583 538
371 -490
575 542
-162 -481
529 512
-324 558
-574 533
-587 -505
-50 -220
179 -383
445 290
-352 -376
-125 373
-187 222
165 -111
-612 -136
-520 620
-600 -152
473 563
89 -83
-295 -268
383 262
25 -318
118 512
-325 580
-103 348
-600 61
-356 -317
372 639
-343 -224
498 -330
-221 109
-620 469
-322 342
14 368
-583 -409
-460 592
357 -394
-494 569
-298 367
-181 127
-105 -280
165 -622
607 315
120 97
-92 -361
-268 -425
127 312
-167 195
-157 -22
21 -8
200 533
-580 -62
247 -260
-328 455
618 -207
-187 -465
-619 -500
565 218
-120 308
-443 -604
-142 -206
-409 186
-108 -419
-4 -172
95 634
-57 -470
-416 32
-250 -247
79 -612
635 104
130 452
-334 -291
326 498
-214 196
-545 128
78 -206
-88 -580
307 -271
276 16
327 538
-469 41
418 534
366 -58
-424 -84
-514 -444
298 -645
-224 446
657 225
311 -516
419 -625
423 227
471 542
137 241
419 -95
-582 -613
-569 -150
572 593
-347 385
-37 0
-32 -292
380 -584
420 607
-623 -614
158 486
241 296
347 -555
-114 -20
448 27
269 -586
163 241
300 -504
642 402
591 570
-122 -276
-616 559
70 -77
309 -390
-605 -494
290 116
522 13
586 -424
335 521
-261 556
150 524
-2 -402
-306 -316
-602 591
-160 -58
-107 548
335 561
239 -372
-273 -13
345 -629
546 -564
-662 119
26 -149
-255 -382
316 60
-326 121
114 -10
-108 593
-88 148
631 -129
558 167
54 332
-326 363
-290 -503
-391 -503
-477 72
352 -189
-245 -382
341 451
-188 645
-395 20
263 600
197 -297
438 -443
601 577
-535 232
70 -540
61 -12
446 360
69 57
-230 378
654 -208
309 -446
-94 515
-123 -147
41 -499
60 558
18 654
291 117
392 -209
344 399
-411 570
604 -18
530 499
656 38
-410 33
347 233
-619 -79
-632 370
-653 163
516 101
385 390
250 477
533 366
-344 -21
54 -234
43 309
-414 -359
304 -506
-570 -582
-165 395
654 -166
-444 -449
-149 301
93 377
-457 -329
-132 -131
-151 234
-312 454
-7 -401
375 -288
188 -652
105 331
-78 34
-594 531
-639 53
269 -151
-76 381
256 -229
41 127
348 -219
583 -260
580 -527
105 494
48 91
-273 611
139 -542
-81 338
-266 -310
-365 342
-604 -344
-607 73
-418 51
173 -418
-581 -184
-439 -206
532 -281
157 112
28 34
-368 -601
199 59
604 -127
256 385
212 -143
-168 -393
-560 57
646 19
114 290
160 394
371 187
-419 526
-26 -113
656 398
444 453
521 630
546 536
-175 -99
566 214
185 -652
187 -256
-603 -408
308 -393
-325 203
4 -363
-3 257
-342 -446
221 -212
422 -35
193 362
65 -615
-574 -138
514 194
-325 -405
384 -272
646 -292
519 364
-338 494
-457 -137
618 79
582 56
-116 -104
-74 569
343 368
348 625
221 168
-278 430
106 201
-1 343
298 422
-551 199
-431 609
-331 -19
409 390
-122 275
145 328
375 72
-39 -45
-398 -165
43 640
10 -127
202 -582
195 -144
641 364
48 -295
-271 -348
-45 69
91 -552
518 399
-110 -470
-170 114
167 -66
142 255
-620 450
-29 -326
198 -636
634 405
371 31
-212 324
45 582
-643 -469
250 274
614 -208
455 262
218 -355
493 114
-422 175
461 593
-581 526
554 201
-471 208
134 -250
207 443
264 368
-475 309
-16 517
-413 -450
369 143
-391 -639
599 -269
-442 167
301 -429
335 623
364 651
494 -93
-205 32
553 10
-443 -98
340 92
517 -588
-309 -127
-508 -528
532 26
3 -379
-187 431
260 448
-644 273
-658 -148
-292 291
-77 576
-426 -636
92 -193
-267 529
606 111
155 376
-343 -236
631 -215
243 365
-118 -554
-174 592
392 285
508 -17
-520 98
499 -196
-392 405
350 299
609 -171
-327 -436
-375 -301
-402 -151
-83 76
130 -25
-454 -580
-639 -420
-590 634
579 276
127 5
108 -65
-210 242
608 -427
197 486
-42 -30
-409 655
-93 434
31 -403
594 -161
307 -515
202 438
484 -224
576 307
174 -262
-151 -244
-138 173
-375 -619
-267 211
395 -650
597 -484
-176 354
-51 -635
-90 561
-574 -529
267 -207
172 640
68 -50
613 124
-502 -185
341 220
-599 532
447 -646
-315 -295
212 -387
-37 -107
-297 -631
309 201
-585 -195
-447 -416
-326 496
398 -90
23 394
463 -143
-360 -543
484 -600
417 435
-430 47
296 -15
533 -543
100 491
-460 -140
-373 429
-646 -304
534 54
281 -227
88 -614
-555 16
-632 9
578 378
237 -318
-324 31
-346 -92
-284 247
529 478
211 -572
-311 -3
-653 -279
-517 -29
-648 -257
594 156
594 162
-423 190
656 -17
-532 457
384 -314
-4 191
629 -382
-128 -240
474 205
473 -624
151 -254
606 -574
103 8
-604 447
554 191
65 -450
256 411
-107 -299
402 -49
89 14
631 -567
46 -510
-583 167
467 -374
658 130
-596 -378
300 -99
-439 -41
-169 -321
7 -495
67 31
-267 428
156 -4
-416 498
-147 165
-475 406
117 -556
-426 -390
-316 -660
656 -184
-572 -290
-592 48
-341 226
607 511
-590 577
-58 513
597 -646
-549 265
485 -662
-521 411
355 451
542 -656
566 330
393 210
-515 -317
-636 -192
225 -288
264 -270
262 184
365 -643
-369 77
-462 503
-250 -545
659 -597
16 234
364 10
110 472
-282 246
515 434
543 -244
624 99
373 494
441 -88
-269 -344
517 104
192 -313
-454 601
-117 -215
341 80
-586 625
315 113
434 613
-255 436
97 535
-399 173
106 474
-444 186
205 -229
72 -380
437 213
102 -126
100 -287
-99 -300
-327 -82
-46 -394
-404 423
478 168
-320 585
-270 451
610 -207
-178 -596
23 -492
-379 243
635 173
415 -334
154 122
163 594
-408 293
566 637
-197 146
-327 -503
-103 -582
97 -306
237 48
-90 -344
-465 398
465 188
-124 245
40 562
-362 234
-448 197
577 -31
-642 -282
595 -65
84 -588
-367 -566
353 426
478 -493
535 -332
-410 94
-350 624
401 -470
-49 -71
597 -416
614 -148
-645 59
-260 90
15 61
-222 395
263 -651
-24 228
180 -555
330 183
-19 -531
192 147
452 448
597 -29
-535 658
-215 529
512 -155
80 -576
424 544
-656 468
593 68
573 -253
-38 9
-101 -382
469 197
-601 -7
-45 627
503 -534
231 -82
-377 287
-188 -175
26 -558
-45 588
562 531
-563 416
463 -279
24 -57
-11 612
146 -480
-129 10
-359 -352
585 513
-48 -270
130 -173
11 115
615 337
74 -622
10 -253
-620 168
-288 195
83 -638
296 415
-267 -355
173 -270
139 -300
-502 -107
348 204
-546 -217
-273 498
-622 -212
555 -486
207 -50
-161 461
353 122
246 231
377 225
411 601
658 -403
-316 -20
-143 404
-278 539
-45 -483
8 590
-611 575
-449 449
-557 444
-60 248
651 238
-456 -229
-41 -297
573 -271
-482 -361
253 516
-559 94
467 248
396 -389
330 -579
297 -408
-245 301
320 142
496 -116
-539 638
-590 592
436 -37
-322 512
87 -430
-455 493
604 -368
-170 -405
47 -430
189 -3
-302 -83
-407 -425
198 -54
413 496
-161 632
-458 555
470 -422
274 509
-381 -362
427 -363
-543 -103
-68 -658
-202 -270
303 -235
266 -242
123 -426
-492 -188
-94 268
-11 -370
256 575
232 79
-613 321
-269 -241
241 -471
467 -192
-43 -295
-442 372
-623 33
-238 175
472 182
324 409
360 297
-88 -252
-427 210
659 633
521 329
400 -415
-518 -646
-427 -440
483 548
450 425
281 15
-334 -593
347 -502
-266 162
-435 -401
-552 -350
235 -373
-247 -153
-525 82
-658 -549
-402 -268
-172 -299
-360 -486
640 378
-83 -660
-246 42
-10 -59
90 -220
3 -632
139 -358
-349 -458
190 611
32 -625
-12 -106
586 -105
657 662
-51 350
196 229
267 370
-445 -18
-466 371
318 -93
-301 -85
-576 314
-83 579
-459 286
-267 307
-223 277
660 622
-110 270
625 608
-632 -535
236 256
-509 5
579 -512
-527 56
564 429
-146 -74
173 371
-636 -561
323 -420
-332 -407
-433 -105
310 -500
-524 -411
-510 43
435 -86
-81 476
493 482
-334 -403
577 454
213 -197
-46 211
-93 531
-599 661
-111 46
-520 236
129 218
-362 201
369 -278
482 28
328 471
-284 -258
2 -648
138 15
-323 507
-486 -332
115 585
-461 631
619 533
-251 -590
522 209
272 29
537 515
423 575
-172 -174
296 -426
369 -472
-485 461
240 -320
412 -645
-428 -653
596 86
-502 280
450 567
-71 -422
-345 -364
-109 272
-624 548
612 140
-37 606
150 552
577 61
300 126
37 353
424 654
-511 399
-250 30
-398 69
-207 -178
108 49
-480 -274
-467 414
562 -540
-90 58
69 283
6 394
12 109
-449 247
506 -240
-603 503
500 630
-197 303
-173 -78
-565 265
-205 -44
625 -584
-373 536
-479 -409
397 -105
24 109
291 411
508 107
657 -500
378 -569
10 -28
463 209
538 -380
-234 -429
-36 -202
-346 -4
502 -575
-568 -234
-564 -265
331 -383
-549 309
-5 -653
661 -258
-434 494
-227 -122
-562 196
-508 -615
-409 633
-23 611
-646 636
486 -326
-480 -266
137 -89
562 -287
87 -357
247 70
535 -517
508 -468
476 32
428 47
-90 172
-67 13
-28 -389
-493 132
485 -598
-149 -372
-528 245
-480 -589
-608 -489
-257 226
28 -18
534 -242
-49 -520
232 107
335 12
-254 -261
-36 472
409 530
-537 -305
115 631
-170 -430
-572 452
-577 283
373 -354
-649 -423
-98 -351
-411 -419
369 -235
-592 -105
310 -341
164 243
-193 94
24 581
160 417
-488 446
-132 558
-208 81
576 336
127 143
-341 630
25 430
639 -387
-439 26
-488 -328
-507 -321
-639 -329
-146 -374
504 -441
-100 -161
94 268
-49 -544
-586 -183
-218 -427
639 24
-57 -415
-148 460
184 -661
-420 -356
-102 -500
-57 26
-101 247
217 609
351 338
-104 -564
-84 56
-66 -165
-265 328
-434 -251
33 -57
-5 -164
-644 -467
398 -262
610 562
646 13
-303 -165
-657 -34
612 -558
31 -208
-262 283
-645 -649
172 122
166 -137
-623 -179
-262 246
271 618
-377 -325
-646 -351
-636 -511
-463 325
-413 564
-35 -563
109 -227
553 -479
79 -345
208 -561
547 -40
-62 21
642 -97
-276 -520
300 122
-157 -596
260 -354
97 -485
181 376
627 416
-47 168
-135 -248
-405 -592
176 -449
-400 395
-575 7
-588 318
-20 -342
-534 -97
174 -15
-65 -552
-378 92
-120 140
-282 -400
623 46
376 382
38 -553
-432 -390
369 -8
-463 662
543 41
-101 421
-212 -494
-117 308
460 259
503 -384
237 5
-607 -26
233 -440
-476 376
-210 531
649 -565
-507 144
231 -55
380 -398
475 174
492 -392
-404 -442
16 -285
-538 -446
370 -332
4 115
659 79
342 -153
-405 -378
68 383
