300
0 -6
65 -73
-45 51
3 -17
-17 0
19 45
15 -74
41 -71
-27 10
-53 -43
43 -43
68 32
48 -77
-27 24
31 -73
-16 -19
44 14
-51 -10
19 -63
59 41
74 13
-31 -33
11 70
-1 59
-60 74
-52 74
-7 -43
-77 -55
59 61
-56 24
72 -43
62 10
-61 75
-21 -44
58 -41
45 41
-60 -45
-11 -39
66 -74
19 20
-52 55
-53 73
-21 -22
36 37
21 51
-28 58
-31 -57
-32 35
-50 44
-69 -44
70 -42
-60 16
-30 9
-38 61
-71 55
-19 3
-18 1
-57 -78
-16 19
14 -33
-38 6
46 24
-62 -14
17 41
-63 58
-56 11
-56 -71
-19 -11
-5 69
1 -53
-56 -27
-48 61
-71 63
-14 -33
56 12
-71 -36
-16 21
-10 -13
55 6
3 -29
-41 33
7 -3
-33 -71
3 21
56 44
33 -28
6 -57
-23 -26
-21 2
1 9
48 -77
-69 27
-7 38
-33 -18
27 19
27 -65
45 40
12 -59
-3 42
-57 44
17 -23
47 8
56 2
55 21
56 -46
35 75
28 58
49 69
-15 6
-2 -21
-5 -16
24 18
6 -4
-46 -13
-26 -9
9 26
-75 30
-1 -41
-22 -3
-48 67
54 -70
-42 23
0 29
34 -10
69 68
30 15
26 34
55 63
51 -39
54 -67
48 65
-76 -3
5 8
64 -8
27 25
29 8
-17 -45
-45 -38
-5 9
-40 53
17 50
-40 17
45 -16
11 -65
-60 58
-28 45
33 -29
61 44
45 -74
-1 -9
44 -50
21 -57
-65 53
57 67
70 6
52 75
-51 16
-48 50
-12 -45
13 -63
72 4
-61 -57
-27 -34
64 -35
76 5
-33 -2
0 -9
-18 -63
59 67
53 -1
-64 -20
-15 19
72 -13
-47 66
-38 -70
9 -25
-72 54
11 -35
37 -14
60 25
-73 68
-78 -22
-55 -19
-68 54
43 -7
22 73
-14 34
48 -25
-70 -1
-76 -4
44 -37
51 6
56 -55
18 -23
45 2
74 -72
-78 -15
-59 -66
-28 -57
-59 -31
-66 -63
70 -53
-77 -72
-19 -68
9 0
-43 -47
-67 -37
-54 25
7 -67
-6 -29
69 -1
49 69
0 -63
75 -40
52 55
66 62
57 -47
70 38
-63 16
75 69
-21 -67
-17 -12
7 -27
-38 -38
50 37
-45 -64
52 -47
-18 36
13 51
18 49
30 -6
-14 47
68 -75
49 -19
62 7
-65 36
-16 35
3 58
-73 -69
-19 30
-52 26
-29 44
-66 -45
-63 55
59 45
14 -40
-23 63
-65 34
66 14
-23 62
70 -52
-19 57
-11 33
-44 47
20 50
33 -4
-70 -57
68 -10
61 46
-30 44
-56 44
-71 6
55 -28
-42 23
-56 -28
59 66
-10 65
32 42
34 48
-72 62
44 -43
42 -15
-16 29
2 -1
-9 -67
-73 -65
20 67
13 67
61 25
6 -28
66 51
66 28
42 -21
-75 49
-41 -76
-4 0
-9 -75
-23 -12
53 -36
-6 -29
36 -18
-25 61
25 -61
30 -30
59 -24
-12 -77
-45 -58
43 5
-11 61
-53 74
