300
-40 -17
-48 30
-5 -22
-46 -37
-38 23
49 -27
-2 30
-5 -16
-32 -44
16 -45
25 26
-10 -13
17 -46
-5 -15
44 20
-7 -23
-42 30
-4 20
15 28
16 -28
29 -13
-3 -10
-11 4
37 46
30 -36
7 -17
50 -25
-21 -24
48 19
-37 -37
-49 32
8 21
38 8
-40 48
10 20
41 33
-36 -18
-20 36
-3 0
41 44
28 8
2 15
-32 -1
45 34
-23 28
14 24
29 -24
5 46
-6 29
42 -36
-26 26
-40 -38
-51 30
-17 -10
-39 -26
-46 -47
-12 43
22 26
24 46
29 -16
-35 -43
-31 -15
14 44
-7 3
29 -30
37 -35
-43 44
3 -20
-39 25
26 19
25 39
-41 18
-33 -25
-32 -3
-27 25
-37 -3
41 -13
-29 -8
-40 -49
-21 31
-22 18
-26 17
50 36
25 46
21 10
-14 11
44 5
-26 15
24 3
50 -36
-34 2
-18 -23
-33 -27
44 -20
21 37
35 39
19 39
42 18
-27 -34
9 19
-43 26
14 -17
-35 47
-46 -3
-44 -2
-19 42
13 -34
16 -45
-26 27
-20 -38
-27 25
38 12
-21 -44
-32 -5
-6 -40
13 25
44 -14
-43 39
-19 -15
-30 9
-4 -20
38 -44
-15 35
25 30
9 47
-5 -42
36 -12
-16 -12
13 28
48 4
-32 3
-4 19
21 -25
-8 -25
-43 15
10 22
-46 -6
-18 -9
39 5
49 34
22 41
29 -12
41 -42
49 -6
-1 38
27 -19
44 27
-39 40
-3 11
13 37
5 -31
-35 -29
49 -7
11 3
45 31
2 16
-14 43
36 -28
43 -42
13 -11
20 21
48 6
-9 34
19 -12
41 -33
18 -47
-28 13
-40 -16
44 26
16 -29
18 -14
49 -23
-24 17
45 -20
-18 -9
-48 10
-43 -1
23 -31
22 -11
-41 -8
-47 -8
-5 41
-21 -24
-8 -8
11 -40
16 -30
-1 47
-32 8
-8 -28
18 20
-23 -25
-38 6
31 5
7 1
-43 36
17 49
12 33
47 16
-29 -24
44 -20
-41 37
-9 -10
11 47
1 -14
-27 -26
-24 29
27 -1
-42 21
-49 40
-29 20
-23 -1
-8 -4
27 -39
2 -37
-35 43
18 38
-17 18
-37 0
31 -7
-23 7
45 -9
31 19
-15 48
-19 -16
-47 -18
-46 -28
-15 8
-15 -20
16 -22
-39 48
43 46
-41 11
2 40
-18 36
-43 -31
-4 -14
-12 -26
-20 -16
-14 35
7 16
36 -44
-49 -22
12 -7
33 -96
-18 -40
26 -2
-49 -7
-42 -24
22 49
3 0
0 3
-50 -14
-26 -5
-33 -43
2 -23
-41 23
-29 35
30 -50
49 -29
-4 10
50 -20
14 50
50 50
-25 -22
-12 32
47 34
31 5
-17 29
-1 -16
-10 30
48 40
-34 -10
-50 8
-2 34
-14 -46
-35 -38
47 -2
45 35
-44 -51
7 -40
-37 25
36 28
-44 -40
-23 0
29 1
-21 46
-15 7
-49 24
-30 -39
-30 26
-40 -7
13 -28
36 -11
39 13
44 0
9 45
-13 4
-35 -10
44 26
-44 16
