300
-27 -12
16 -3
-21 -7
-33 34
-8 32
16 1
19 -33
-28 -15
-38 -17
33 -1
0 16
-21 -24
-27 19
-19 20
3 1
-13 -37
-31 35
15 -37
-24 -30
-14 11
-16 -11
-10 -20
1 -29
-2 0
35 -36
27 -24
20 37
-29 15
-13 -22
25 34
20 -30
6 -21
36 -30
24 16
-12 -5
30 -25
-17 15
-31 37
-26 -4
-30 13
37 30
-34 -28
-4 -17
-20 -4
-4 6
-25 -34
17 -22
34 -18
28 -29
-18 -5
-24 -23
28 25
-6 37
25 -35
27 -15
23 -23
-22 -20
-29 26
-4 -11
27 8
-35 23
-14 -18
14 -8
-35 -33
10 23
-14 -23
-13 16
12 2
25 36
-17 20
19 7
-38 -16
-22 8
34 20
-29 8
-33 -18
5 24
-17 7
10 -6
13 -29
5 17
19 -22
-25 35
21 22
3 24
15 -31
-13 21
-37 -19
-34 -21
-30 7
-22 16
33 15
13 26
-18 -32
-22 -27
-18 34
-13 -37
14 1
-7 19
16 -32
-19 -32
13 21
-37 20
34 -19
-10 24
0 -34
36 -36
-31 -18
9 5
2 11
17 8
25 15
28 -10
27 -9
36 23
5 -35
-18 -11
12 3
18 -12
30 11
-15 -27
-9 27
-29 -15
7 -28
28 12
24 17
-32 4
6 11
5 -23
17 23
13 -32
23 25
27 -30
28 -8
-23 -20
35 -7
0 14
-16 23
20 18
-22 1
27 -12
-32 -31
-9 -3
-3 -7
-14 -15
-27 -34
27 -22
11 27
-8 -36
-13 -32
-5 9
18 -12
7 8
-5 13
30 20
26 29
-38 20
-11 -24
1 -30
13 -30
7 -15
30 24
0 20
-32 -17
21 7
-30 18
5 -25
-9 -17
37 7
-5 -10
27 -37
1 -1
4 9
32 26
11 20
-2 -10
-29 -38
-14 -4
-11 -9
7 -37
-7 -34
28 -5
3 9
-34 20
-13 23
-31 18
11 22
17 31
-22 -29
-28 26
-11 -6
-34 -12
23 -24
-34 27
25 -21
-36 1
-36 6
3 31
-16 -4
-6 15
9 7
-7 -8
7 22
-14 15
-37 -19
-26 25
34 -15
35 -7
-6 -37
-19 -36
-27 -25
-22 -35
-25 -13
-16 -7
-19 -1
-16 26
-2 -28
22 -15
-33 -21
33 -31
-20 -4
-15 18
7 37
-15 -31
5 2
9 -7
5 -28
-38 29
-6 8
6 34
22 -33
-25 -22
23 -15
13 -4
-1 -4
-18 -3
9 7
11 22
27 21
-27 27
-8 37
26 31
-36 6
32 6
-7 2
-22 -3
22 4
36 -22
7 35
-11 30
-14 -10
12 24
1 3
10 -19
19 -38
-29 -12
22 30
-18 29
-17 -8
19 15
-25 28
0 15
-18 37
-13 -4
-33 -30
19 -37
-19 -36
-16 34
-15 -20
-22 15
-21 -4
3 -1
-12 -13
-17 -15
-6 -9
-20 -10
29 7
-25 32
-11 -13
-13 21
-13 13
-29 -38
23 -33
-2 34
-11 18
-36 -17
-22 -14
-28 -7
5 0
-11 -33
4 34
-37 -12
-18 -5
16 31
28 -23
-7 -32
26 29
-16 12
-35 -37
-15 -30
