300
9 61
20 14
0 -80
-45 -17
72 47
25 37
12 32
40 2
-11 73
-42 44
-12 -76
-80 74
-60 -33
38 27
-14 21
-37 68
14 80
-4 48
74 17
-66 15
-41 27
33 -63
76 21
17 34
25 -58
33 53
-59 17
-72 75
29 33
-34 -29
70 -37
-19 33
-24 72
-38 -63
59 -55
74 26
-6 3
-41 53
-68 75
-61 -44
40 -7
66 -11
-50 -26
-71 39
66 -73
-53 -78
10 -55
72 72
28 -43
37 -40
51 43
-63 79
49 -8
-69 54
-20 -22
-9 -39
82 -80
-32 76
30 -68
-52 22
-37 2
-67 23
-11 -8
68 59
77 30
70 -26
-29 45
-23 -25
67 81
-67 63
-45 -79
-60 -23
-63 35
-52 -79
-34 50
-23 79
63 74
-67 3
16 -40
2 64
-7 60
45 42
-77 -8
-78 -15
-63 31
-44 54
41 -15
19 -69
-70 -13
-67 -11
46 -15
16 -13
55 -26
35 -75
11 64
2 -49
-39 70
65 45
58 -37
53 15
-13 18
80 52
-56 33
68 0
32 -32
28 -73
-51 -39
-24 25
-30 39
-1 70
5 9
-44 81
20 -75
67 55
81 -9
66 -74
40 81
-78 -72
-34 -78
-50 -73
49 26
49 -72
-28 -71
-7 10
17 -35
24 -58
6 2
-73 -42
-21 -31
-38 23
8 68
33 73
57 -75
-54 35
75 44
2 57
-82 72
-13 -72
18 66
-28 70
-28 -9
30 -20
56 -20
-29 -3
22 -46
-9 -66
-50 -79
41 -82
-26 70
24 -27
72 14
-1 -50
-26 74
-5 14
-40 -84
-47 -75
-78 -18
59 81
-23 -65
66 32
-68 71
-30 76
-76 79
-78 -18
62 27
-37 -35
13 -55
14 -10
74 -14
32 67
38 -2
72 -10
-36 41
37 -11
-39 -46
73 -68
-34 0
-6 -24
42 37
38 56
73 -11
60 28
74 -51
-49 -17
-22 -2
76 -17
-53 -71
-24 57
50 49
-84 63
-78 -18
67 11
67 -42
-80 35
79 20
-13 -3
-71 -61
-78 -30
-18 49
33 -28
-35 38
-84 -39
40 -44
10 -17
27 70
81 8
-30 -29
-10 69
-4 9
52 53
-60 -4
-7 69
-84 -26
-58 -74
-47 38
-51 -37
-28 -36
-61 -46
-11 -56
-83 80
72 40
36 -41
49 32
75 82
-7 -31
45 -35
16 -44
57 15
-62 -50
0 9
61 44
35 -83
-18 29
-33 -71
-79 -27
-46 60
32 -50
53 -11
0 -18
-63 -23
-31 77
-84 -12
20 -35
-61 36
77 -14
71 26
-32 -14
50 42
61 -20
65 15
13 2
-15 66
-52 -64
11 34
63 -20
73 83
-67 -2
64 -7
80 71
-33 35
58 -77
60 -62
50 -7
19 -79
-74 -41
-40 -52
-56 40
33 75
28 55
55 -67
5 51
-37 55
45 19
-61 -43
-21 81
-12 -59
-36 17
39 -63
12 -72
29 2
-20 -1
-19 71
-68 30
-53 -18
-1 -29
-40 39
-37 -21
-42 54
56 29
58 -9
14 52
74 2
17 -45
-25 54
-58 -56
-6 47
-75 67
39 49
78 46
54 -28
