0 267
1 265
2 253
4 250
5 241
6 232
7 229
8 220
9 217
10 208
11 205
12 196
14 193
15 188
16 184
17 176
18 172
20 168
21 164
22 159
23 152
26 151
27 143
29 140
30 137
32 134
33 133
35 130
36 126
37 124
39 122
40 120
45 119
46 117
47 116
48 114
49 113
50 109
52 105
53 101
56 99
57 97
58 89
61 87
63 86
64 82
65 77
68 75
69 74
71 70
72 69
74 65
77 60
81 59
82 57
84 54
86 52
89 50
91 49
92 48
93 46
96 44
98 42
101 40
105 36
107 34
114 28
118 27
122 26
123 24
126 22
133 16
139 15
141 14
142 13
144 12
146 10
152 8
153 6
159 4
163 0
