3000
492 -208
271 -758
489 -486
-644 -2
807 -134
-761 -108
458 -238
-421 -50
-129 -686
619 694
-192 180
740 324
30 -535
-594 295
-649 671
297 -360
-705 -548
818 332
232 289
605 -64
-308 -759
-182 269
303 -775
226 259
-337 495
-328 -625
-122 741
-710 -602
-604 206
574 -311
-281 597
-120 -558
452 -414
816 819
604 502
318 -341
-806 107
400 -142
434 -169
607 697
-511 -601
-656 524
-159 -634
382 369
-589 69
578 425
-716 -62
93 -484
-5 675
282 -642
-698 441
799 -418
498 304
-70 611
-254 -757
-715 -561
-268 -487
-156 -98
-591 661
35 437
44 79
26 133
607 -395
-133 -505
-301 -81
-432 46
-778 124
-833 90
692 711
-361 -751
16 -602
82 342
617 470
803 612
808 242
-585 -399
-706 284
-699 -179
-8 512
-400 530
-420 -507
33 691
-117 -468
447 -193
559 561
264 572
204 -649
-633 -306
-688 -466
606 159
-380 686
59 182
682 -837
644 210
95 112
-228 142
-520 758
-162 -659
-650 -340
-706 -20
-780 -755
-579 -332
485 559
131 134
248 624
148 -97
-410 249
270 548
-304 -611
-201 692
467 88
752 -501
-235 49
614 -197
-458 -38
-771 -158
306 93
-763 -312
-20 -82
631 -337
530 -675
279 -589
829 -814
225 778
127 305
-83 515
788 -266
828 -520
-125 -649
-166 13
605 375
-276 672
458 -818
689 -327
-832 -237
-781 713
701 372
-315 -740
-182 42
-397 -311
72 536
-89 -258
-508 731
-560 790
-524 -296
394 596
-312 -526
-790 -713
-36 563
305 118
-766 -193
630 259
42 663
414 -278
28 -47
-218 816
186 -686
-364 118
-480 -698
187 -556
-474 -588
-187 -368
-662 -468
-312 823
-665 -166
212 816
-622 -286
-831 766
41 467
387 -388
-668 294
-537 336
-42 -82
453 -374
27 -24
-739 -652
393 554
140 -15
785 -683
-26 271
572 -317
507 535
-545 -501
180 617
521 -437
548 -813
-606 730
553 -823
732 -291
138 -373
-381 560
280 -557
14 -230
-65 646
765 108
-541 624
58 256
581 490
-454 -293
190 -299
-437 108
16 478
-266 -755
234 186
-149 607
-30 -264
-375 31
330 676
-555 -507
-803 640
-385 642
96 810
227 -625
-173 -566
211 722
-208 -14
687 -519
72 -738
463 334
139 276
724 -301
-34 115
812 757
339 53
557 -693
583 510
-41 342
653 332
196 -352
-587 -490
185 -225
9 703
292 -448
796 67
-483 -802
427 -458
-729 -598
-819 -615
509 -478
-411 -266
295 396
188 -815
-251 9
-727 -713
784 484
-822 128
-723 658
-790 -499
-821 226
-565 -68
369 -36
-21 -63
-381 -445
576 349
380 -619
717 393
-717 -57
77 -600
-712 347
469 -550
757 -37
-653 -779
783 717
-765 -292
643 -130
806 -518
11 -839
-806 -667
-807 800
391 -563
120 -546
-482 796
-624 813
26 757
-368 -5
688 742
99 229
-448 -536
366 238
563 -69
-419 166
-308 701
363 517
761 81
72 350
834 762
-782 127
-426 -369
-321 -707
-350 38
639 -710
-629 -597
348 -15
480 295
426 -539
-149 -821
-487 647
238 -412
320 -81
-264 294
-414 480
-736 -701
282 -506
566 -829
352 -248
-218 -165
-445 -344
-682 -488
414 607
772 -462
-443 20
666 -164
-58 -124
220 32
-661 792
-121 148
-732 612
-95 -471
399 -333
-83 -344
-398 766
261 149
-788 836
-672 510
473 769
539 747
-131 72
-670 445
-635 -133
806 -720
155 -481
309 -310
305 826
646 620
-46 823
-740 -211
-763 -754
-815 356
-37 -289
-710 -787
-322 -748
262 -752
-638 340
-144 -610
390 732
715 469
-623 486
18 -743
279 -813
159 -373
-526 210
467 115
-213 665
711 823
-208 120
-13 -764
93 -405
757 -495
-42 -186
631 417
408 136
491 479
733 666
96 449
-602 95
-244 7
384 -556
-623 -566
-94 -274
-614 -97
539 -144
-532 548
598 -604
-57 -193
-457 175
629 -172
-116 -753
-825 -835
-82 -306
-739 417
31 -210
236 655
-292 732
503 -591
-166 222
-232 -772
187 -473
-235 -228
-392 -192
109 -6
-315 798
-150 599
321 -463
-193 464
-155 272
-487 -774
-446 191
448 228
709 410
-28 -759
-283 809
-734 -131
833 460
-35 749
659 590
-41 49
-191 644
-200 -612
600 -115
611 -281
594 352
437 539
287 675
-505 -570
172 -32
553 722
-767 -193
215 -189
396 192
805 39
-823 367
-764 517
59 -591
-803 320
-719 35
-478 -28
-524 -576
-639 -203
341 89
-366 -428
-255 412
-298 651
-658 -225
264 637
-259 131
125 -263
7 531
-507 646
-190 -524
457 -394
427 -299
301 -396
-469 446
-707 728
645 610
-767 799
-381 -722
-262 85
-723 233
772 813
659 -572
-140 164
768 521
761 291
-569 670
189 -212
343 17
323 -342
745 -598
616 99
126 -259
131 327
-13 -73
230 703
414 367
620 752
-768 -780
-773 200
786 -526
194 189
154 206
633 227
-203 -265
-139 196
716 613
434 679
-47 444
665 155
-176 727
474 -358
224 590
-496 169
-751 -78
-414 -268
526 606
813 436
-822 -474
-548 -598
-268 -664
-494 -717
-620 -497
93 -717
333 221
242 -564
-421 414
341 -634
-812 25
80 630
-695 367
408 -199
531 -516
-243 311
200 563
-825 194
-395 -524
460 -506
659 39
455 -72
-732 -752
-320 569
276 -389
-8 114
-278 -450
-53 247
726 587
61 838
514 765
448 439
579 -664
10 -421
-249 -5
-303 -274
-601 158
-592 134
3 -394
144 83
-326 830
514 783
-31 -146
-191 829
681 117
-653 -84
-469 -720
-522 -301
-403 371
836 836
299 -276
17 90
-368 -300
-775 652
-739 415
-443 -166
-802 -279
-428 621
554 424
820 824
-95 -66
-504 -357
-211 -186
144 -468
419 532
-426 -194
-399 -569
-803 -405
-737 760
258 363
432 -278
-259 -371
800 378
-258 43
-795 -787
-510 -184
-113 310
-820 -734
809 719
-610 642
-440 412
-208 -248
56 798
-795 209
-668 315
731 771
589 -88
168 -675
-129 321
591 -326
161 -435
219 332
451 748
-303 -750
719 42
-656 -508
-758 -661
33 787
17 -17
-584 -564
-498 -835
-445 835
-269 -39
-248 554
-772 63
-664 585
590 135
-448 245
-548 481
-43 -581
-610 -360
261 323
281 -143
618 -193
-580 -150
727 251
-754 -211
-198 108
-509 524
219 611
278 36
-215 169
318 588
833 466
-773 -747
-328 620
-329 249
-531 590
-730 205
10 11
24 112
-126 782
628 -148
466 -34
-467 -766
-47 329
-114 271
-127 586
-577 235
77 644
527 -313
363 486
377 620
794 342
-383 32
-126 -728
-650 -463
-712 423
-129 -55
137 88
832 -150
-757 -165
724 626
161 171
17 -202
566 459
505 -9
-834 712
821 418
-278 -5
650 697
-302 -410
-619 -787
-838 692
-496 -267
191 -117
205 261
137 -486
839 522
217 -499
294 746
585 678
-487 791
-144 819
459 -70
13 -563
320 441
-23 564
438 419
-777 693
-9 -560
-251 -314
-269 147
-790 -426
712 666
328 -417
-20 -486
-696 518
-594 213
-254 455
250 837
-812 -645
-764 832
520 3
-135 339
-608 -549
-717 -71
91 -726
-205 803
-97 686
-521 -769
-754 482
531 -700
-301 58
457 145
772 67
563 -221
287 149
-187 -451
79 -526
-595 591
-699 102
277 -527
-63 423
685 -826
824 387
-541 -676
-547 -282
828 728
-246 755
-406 -292
-443 -728
534 435
654 -292
-620 -655
-371 194
211 -491
-474 -762
92 -24
-330 188
-160 -116
-252 245
-771 -449
51 123
-761 -104
-276 -591
304 278
374 166
34 438
144 -384
257 -533
642 -141
331 485
658 -310
697 701
426 506
621 164
-300 643
-764 -135
-96 416
755 -494
506 -285
-564 191
487 -308
135 -229
437 673
-821 300
-480 -156
116 832
-311 -446
316 -608
-273 -16
-76 783
600 -386
105 -823
-363 293
641 134
-797 -294
-771 -170
-569 123
359 276
-769 -658
531 148
-379 -490
815 566
-644 384
244 803
67 -177
644 -563
-785 -811
188 624
450 -660
33 -203
616 534
132 -116
838 -62
368 158
-180 136
-616 322
-830 -151
219 -777
-837 673
-62 36
342 455
510 -835
250 -487
380 -66
231 -29
-142 -241
-183 294
-543 -352
-58 498
-781 -356
700 -18
-37 -73
-778 572
-151 -462
-250 -536
149 835
633 -617
-558 -657
472 -166
-710 -62
707 346
-683 -237
-475 171
19 3
-75 731
-817 188
-464 -751
-356 755
290 -832
281 -201
828 -413
-113 -94
412 -480
-433 421
-262 -217
-458 -739
-761 738
-182 34
365 261
-437 484
-237 -4
421 254
-376 785
-518 581
-619 -187
-390 312
446 -173
-387 -433
31 626
-667 -243
-608 -207
159 175
418 251
416 -196
-687 739
-535 517
690 -442
-572 404
612 -451
422 -322
656 602
-435 -701
-549 -217
-174 26
417 220
182 -89
825 760
-811 711
-603 -620
136 -240
48 -571
156 -349
31 -695
-323 -740
371 454
576 -530
515 719
674 -440
692 112
-724 212
98 463
-448 -747
582 251
-406 -650
-369 286
-319 127
-165 -371
341 289
77 324
176 -554
-251 188
23 452
-530 -762
824 696
744 -818
-181 -67
660 -693
211 436
-810 -773
-84 -389
-238 761
588 73
-447 249
-541 221
554 -120
-419 -525
108 718
748 273
-32 797
-720 787
-87 224
177 -523
-443 415
96 -601
-438 -537
364 583
-341 -12
409 765
-317 -183
455 -184
711 -524
-445 403
-138 -164
-1 -796
-407 -396
601 825
-427 -601
-836 27
549 -661
151 364
642 -127
265 -102
685 592
199 -709
-831 -513
417 -591
515 -487
674 102
-157 600
623 -290
-709 -212
-267 777
604 -397
636 -673
773 97
696 -268
-643 -314
468 355
550 -787
-489 821
762 248
-128 473
479 823
812 -21
37 512
748 -161
-13 -667
-575 596
-97 659
114 -350
-59 -401
-494 -274
-804 -391
-308 -349
-537 378
712 313
-385 -713
469 -800
-181 685
-497 226
217 -652
-728 -298
164 -753
688 345
-402 536
254 -476
-251 -491
-762 363
79 680
-157 810
-33 680
427 -217
-192 314
768 -507
86 -276
667 397
-142 -90
-47 -156
156 233
-529 505
136 -447
383 85
484 565
-381 -149
-507 835
486 -89
607 390
768 545
412 546
-64 -103
817 -204
-415 -375
126 788
-233 -232
572 420
-335 -813
-642 239
150 484
498 669
-742 -67
15 171
-424 -309
231 -411
710 773
-444 590
-202 -453
-133 -28
161 249
-802 -754
188 387
-61 623
-748 777
384 626
-541 690
-15 -3
-213 -238
429 800
-377 -347
-266 149
542 -573
839 -113
-703 796
102 301
-230 -53
-767 213
-787 149
802 203
-375 808
-755 -407
245 190
254 326
-283 665
206 -622
84 310
93 -395
152 -420
-506 -315
-157 -276
495 -594
-787 592
-312 233
-131 397
-695 711
-449 483
-570 309
-115 345
732 -136
729 595
643 -304
-402 334
683 438
-205 384
-271 607
601 330
-727 -776
298 -185
-686 -391
-22 -372
391 -123
168 -248
-294 390
-757 -605
-407 -254
-490 512
-677 106
582 76
609 8
384 -322
-473 142
-346 327
-590 -53
224 -79
257 518
469 -318
733 227
433 -632
74 315
-114 187
118 357
61 191
631 -30
27 609
447 -358
831 -137
-87 481
-824 99
602 -602
208 286
562 352
765 334
379 289
-147 -158
-522 501
567 466
162 -639
430 17
-585 198
238 -451
20 572
-433 -165
-746 -391
-593 573
691 58
-326 397
664 358
179 113
-688 -592
-55 71
142 739
453 -376
767 -411
680 -426
-422 -570
-177 495
465 816
-815 281
-512 118
-740 -26
234 -409
-483 463
-687 -567
-425 395
125 512
-72 630
689 -474
-839 -212
-822 -622
300 -115
-767 67
-290 -248
6 -812
-124 594
612 -681
-737 157
770 -132
-662 372
-642 505
360 731
241 512
824 1
159 414
435 -290
118 -120
282 519
-597 -787
154 -297
-430 521
-631 -298
-251 589
552 579
393 666
-272 -661
-530 517
23 161
-435 641
186 133
-791 682
226 -720
-832 374
465 -812
618 -572
483 125
54 350
-784 548
-607 -600
646 440
496 352
-432 741
-526 -162
483 -545
401 659
13 405
-209 -693
263 -448
-597 732
-638 147
171 -9
-341 250
-143 -492
-248 -131
-311 -489
-391 -181
118 -17
586 -319
538 -701
-563 419
-612 -571
115 -625
737 -223
-319 735
-763 156
604 -348
801 -682
-688 -163
356 506
770 624
-100 -277
291 333
156 -201
-723 304
229 357
581 -707
-353 56
25 -76
-818 811
-126 -180
719 -44
688 -663
266 -397
498 -377
15 737
-99 542
827 -732
450 654
498 -761
-838 -78
4 260
-677 79
185 827
306 339
-89 410
-201 792
-360 -604
14 512
726 764
210 776
49 425
458 -809
-507 -383
438 -451
423 -160
-719 582
-314 -97
-194 -410
-165 -753
11 173
43 -707
-653 434
-543 -50
117 41
327 -143
80 239
-101 -750
-583 -614
-101 -270
304 -773
-324 -366
-79 -275
236 471
-482 725
821 244
247 433
-645 -539
788 -117
-742 432
566 -699
-70 596
-532 461
-147 491
361 744
-371 649
-480 -89
-816 236
-421 135
-154 123
172 426
87 -807
276 721
406 722
826 723
386 810
657 388
194 546
-555 801
-186 -172
-149 -256
283 -236
-554 659
-636 -753
622 787
-381 524
136 -218
-736 399
115 778
-466 -685
263 698
-742 237
-795 406
349 -578
-165 -308
55 -753
-209 19
612 131
673 -180
120 122
-789 -110
372 -806
82 -712
-576 838
580 15
753 -375
-663 -433
-654 -359
707 266
-260 -602
-496 590
176 -359
180 -63
-616 -232
258 -715
508 -802
194 -509
-151 -667
-519 -159
777 -355
-650 286
-817 -317
-688 -718
569 461
-181 -687
30 -101
-590 -794
176 581
-69 505
-423 -528
488 220
223 -741
-526 -73
705 44
382 1
-583 -491
777 440
185 -797
-819 -572
-544 330
-404 -86
84 -84
769 -523
-121 209
404 -132
-715 -50
-268 -767
-159 368
524 622
-227 -369
-416 23
400 -195
383 716
15 -122
800 -331
310 16
-730 470
302 -678
-754 731
-73 -402
-178 -406
-148 256
-283 -171
-77 574
-609 279
-788 -416
480 -172
-689 -265
-490 -837
-544 559
360 293
316 -450
283 -571
155 -684
-791 535
238 -389
-790 786
79 -361
445 -680
-235 -651
509 -829
751 572
-258 647
54 832
-290 -796
701 -708
438 -61
-782 -187
-199 246
-516 700
-799 -230
-612 537
-553 -27
798 834
297 730
183 420
-301 817
-810 294
137 -431
100 -565
-248 -343
630 -578
-406 -304
-521 149
176 -694
-671 -529
-328 -541
-14 -584
166 787
568 338
588 -214
520 -228
692 -653
368 -772
-270 674
458 118
676 -88
26 580
-557 379
524 397
-302 0
57 -480
-773 483
-544 -457
-281 91
447 423
36 -152
-695 812
-386 -666
638 -161
-152 -166
-344 -175
402 -815
-230 63
-254 -155
641 -3
-484 -711
452 397
-147 -38
-522 247
-311 382
128 384
34 646
361 245
-367 -3
-144 -274
-84 -88
-371 333
-239 -171
165 -466
-393 -626
69 215
-111 421
436 -393
123 -57
723 -520
-371 -405
461 734
-811 610
-551 -441
687 486
-203 202
-594 284
-102 74
785 836
300 514
-143 277
-775 -695
-577 595
-569 -691
488 619
-824 -199
-46 -573
-602 -704
-322 -628
265 257
358 -207
270 -365
-35 727
-737 -184
-508 429
799 -741
705 139
172 -29
-217 -396
-451 -496
-478 -218
180 -197
-151 390
251 247
189 293
360 -476
-826 -608
58 -760
-822 -727
507 -26
392 497
142 281
-602 464
-513 455
600 -536
-248 400
-470 55
488 29
98 755
603 835
-127 -547
-409 640
-384 -287
-694 250
757 434
527 -619
-227 64
584 43
609 19
258 771
755 -722
774 444
-497 143
435 272
12 587
247 -540
-117 -252
-331 52
-668 -764
-258 457
-675 449
-374 -492
-108 569
541 -223
-318 -44
100 839
-824 -537
391 -203
274 -195
391 260
-568 -403
-802 -615
-230 201
-509 305
801 -438
149 -156
371 103
493 -572
-835 -723
-82 93
-584 69
262 68
-74 -606
604 746
-269 82
81 -264
758 74
-239 -702
-529 -211
705 -234
745 819
-752 427
-601 243
376 356
-808 427
59 -99
-28 740
408 -710
270 -511
773 -772
-799 718
-764 -531
-363 -238
208 -704
-230 127
383 196
233 591
15 -320
536 -586
74 678
820 -204
740 -767
-699 -350
-215 -232
-545 -559
-175 427
285 -208
206 98
758 -619
-118 163
-422 832
-116 -757
371 637
-431 513
6 -608
180 295
257 440
696 170
572 782
474 31
-502 629
-335 -106
439 393
-752 761
473 -558
-720 -405
336 -833
312 538
583 589
-617 623
-749 -352
581 634
833 -618
-792 -488
505 -711
-694 751
719 -501
725 -530
-34 488
441 -193
189 -695
-606 -697
508 462
324 -334
-91 209
784 -295
221 -793
639 -643
258 319
-77 -149
748 -254
490 359
-243 -141
140 -29
499 -81
-70 599
-349 139
831 136
829 634
-592 787
-244 -522
-19 496
468 -300
815 129
-780 -397
618 242
-364 570
618 760
-491 -258
807 500
165 -741
-733 -369
586 -616
-8 333
-748 166
-500 -52
349 -753
-82 275
-630 824
472 -91
728 -479
-596 -675
-511 177
57 -222
103 396
-586 770
-235 -369
51 8
435 368
524 -377
-512 128
-585 750
439 -422
-718 -397
508 -669
-568 314
-354 682
331 542
645 471
40 -604
370 717
600 -436
67 -439
-757 801
190 114
396 5
722 -583
274 40
283 328
682 224
-643 52
-289 544
-714 -19
5 -717
797 -501
-217 206
519 736
-242 -285
-354 -614
26 -133
394 703
312 217
-374 672
-260 155
649 -312
630 681
715 92
47 22
495 619
106 716
-564 813
741 146
821 390
-809 -89
775 -143
721 -715
-776 -266
-753 321
167 -826
742 631
32 -389
741 -288
-393 571
-506 -739
473 580
-229 794
-288 382
691 126
349 -418
-492 119
-162 655
288 -544
-729 -456
-430 381
570 331
736 -229
321 -367
248 -190
592 48
164 -268
-362 119
-760 397
138 -370
512 770
127 -791
-43 -588
386 -413
-810 -564
-632 197
321 590
-301 622
361 776
76 425
286 353
151 -516
554 12
756 133
64 -412
-247 813
525 -816
235 262
89 414
516 207
308 537
779 108
-581 -508
-671 -16
-254 -194
512 532
728 -67
-788 127
152 -539
627 670
-220 -720
-290 -550
746 -538
-192 -649
545 84
-77 480
570 -778
128 78
-719 -274
5 656
-262 828
270 626
22 662
718 776
-194 382
-636 129
-204 -687
-151 182
6 -172
-754 410
-260 823
128 729
583 723
310 -662
-590 765
14 -17
722 387
165 50
743 -421
766 264
-581 392
535 175
-1 566
-823 -560
-110 491
-250 79
411 -234
-549 -664
-180 -782
-659 802
-513 -447
605 -595
-86 578
-682 -795
60 653
587 -306
-449 -701
-164 -169
774 384
271 -823
686 -101
-728 -265
414 -558
-749 -658
-280 672
694 -317
40 617
130 -215
449 346
-159 -358
-763 -213
-186 459
-181 446
-494 74
-8 447
-5 -703
-167 -445
516 -542
-795 -549
-263 -838
-20 -400
529 64
812 -666
220 -524
344 379
-203 834
-31 246
127 -818
-81 346
-471 184
6 578
556 455
-300 468
-807 -337
335 -48
-835 -99
-88 -96
-610 -313
-692 375
-4 46
-161 -748
-621 -195
129 446
-762 793
27 -90
611 592
832 730
35 -596
-114 -498
103 47
684 -126
-338 -634
476 225
-36 648
-441 -2
-398 -234
373 582
778 250
116 2
-502 730
-50 -556
606 467
-682 550
655 384
808 752
32 -270
253 -447
157 -169
662 -270
364 -827
399 552
669 -83
235 -319
732 602
475 771
-629 801
-279 -143
794 -543
615 135
161 -190
66 203
658 -377
-142 -340
-183 -339
-135 196
-35 363
-495 -824
750 530
193 -316
534 237
-602 -736
-470 -529
619 -592
184 -263
483 45
665 51
-805 655
429 447
139 676
-429 619
515 -153
-400 429
-288 156
437 822
-538 592
715 658
-428 -357
-713 404
21 -625
680 -452
-325 -585
-42 642
-668 -325
51 505
-169 -840
-341 79
565 666
229 73
-70 -828
49 553
763 740
137 -246
-186 -783
50 -17
-409 -434
-614 729
639 -218
425 -16
653 719
625 -810
-249 89
-192 201
79 494
603 608
-160 513
-542 138
-113 -271
-480 148
684 -171
138 -79
320 -594
557 1
-513 154
-95 573
-731 237
666 6
-806 -505
-829 347
-416 787
403 -31
321 723
-246 10
-525 215
738 33
-587 389
240 -374
449 751
-303 52
-822 386
799 -216
-83 -237
-516 297
241 481
564 -541
-376 -184
-484 397
574 330
407 -119
-314 693
-195 689
498 -591
-541 -167
522 -527
232 -671
769 -65
-173 -702
-396 65
-184 797
476 -840
402 -735
-823 -18
-185 372
-474 485
489 -666
666 204
-63 467
354 -629
-332 -705
-438 611
-400 -679
643 784
-211 602
235 -391
-483 -427
586 -564
-802 22
433 548
-668 -219
378 -235
561 258
-643 -293
-433 -456
39 -511
-829 -484
194 597
313 -164
177 -74
-612 -767
722 649
588 -833
-788 -340
-297 -110
48 -661
691 321
-582 -471
-705 -516
815 388
-89 815
-210 -237
-689 -49
-31 -759
116 -375
442 753
400 503
-664 -383
-363 92
225 -151
30 821
-713 531
-77 -776
-586 658
467 -698
353 -76
281 -406
-326 530
-119 -552
-472 -675
-383 -767
-592 -80
410 -148
-290 402
-441 -356
667 -350
-781 254
630 -645
516 -327
301 192
-692 -99
611 302
420 -314
-135 110
-16 -727
-457 -207
272 -781
17 740
426 -337
-700 -644
-461 574
279 585
373 -99
285 292
359 -316
495 146
-614 260
-812 -384
24 -74
459 630
-811 80
-355 -57
448 -544
-307 365
400 544
361 -66
344 -366
760 -453
405 -28
363 157
428 -245
-594 601
-593 729
-811 -309
-681 -280
401 571
-248 349
-821 -228
705 392
-475 -374
315 -527
670 617
-57 -198
-20 -213
466 -639
33 -744
579 -68
360 52
-439 -20
-234 -498
-834 -404
-453 -643
-568 418
-192 -541
-715 602
297 -276
-356 383
818 -595
-752 564
595 -713
-626 -636
526 -94
-357 39
125 708
152 -274
390 10
-96 756
249 -85
502 188
525 810
-742 183
616 -670
-718 -403
-474 -631
2 -256
-305 783
-410 -578
-29 478
-699 174
-466 -263
382 -81
-522 -18
347 -146
-726 -362
690 -2
706 210
336 -337
771 -259
-98 729
-166 686
-146 784
-210 84
189 -401
-497 826
-160 607
299 306
664 47
534 -660
-464 378
46 -530
699 -698
223 -38
-248 97
-502 -275
80 -460
-435 -724
4 -367
80 150
449 -249
356 -122
93 -758
195 576
185 -691
757 -575
-450 -631
-793 354
130 -331
627 3
802 494
-548 -815
135 333
48 82
-301 118
534 133
-397 133
-176 628
108 624
-232 275
431 -343
227 224
-170 523
467 371
-105 -470
158 653
222 821
170 -758
196 -299
387 -496
-196 -659
320 464
754 -791
-205 -366
-660 33
151 -806
-789 -683
658 311
824 -176
-574 -480
137 -58
162 727
-101 -121
-797 -632
-25 -628
37 680
-178 -377
-627 -409
95 405
-66 352
-610 556
290 598
188 -753
-224 327
-589 519
-443 154
392 185
-228 -686
-775 52
8 122
-529 -287
519 -664
-21 563
-658 428
-711 279
465 767
-719 -158
121 86
243 -297
93 543
-792 752
60 193
-362 -30
-321 -611
-758 -693
-807 -816
108 -539
40 688
496 -718
-333 -355
306 511
587 575
214 -781
-212 -68
495 303
-389 -640
-25 -179
-361 468
-383 -766
-535 -567
492 269
-234 748
208 -760
313 706
-512 -524
395 266
551 670
157 -384
637 462
698 325
450 4
648 -791
239 -565
693 468
41 -104
-373 -682
-529 474
382 -404
-455 -455
730 491
-471 -424
-249 -524
699 -204
759 -703
678 -780
404 -44
425 -167
-812 204
-703 -547
-10 -80
48 37
-252 131
372 353
-255 769
-200 -583
-710 -114
443 63
503 763
-772 465
728 578
-640 -587
-583 -793
807 460
368 806
-612 -31
156 809
51 233
-443 -479
107 131
-640 -38
-644 695
-358 281
391 600
-806 367
-838 -796
289 36
-789 -768
-230 286
-374 -562
524 -182
-639 -424
-763 623
293 388
-642 256
-284 -129
-405 152
278 676
-70 621
-819 -76
336 -257
-169 -723
-639 567
-840 -602
-649 -629
403 350
23 -570
272 -159
-447 -654
308 581
-658 -321
318 -74
690 586
-571 832
793 -375
-451 275
-245 219
433 -514
569 -357
119 470
-801 -533
497 285
370 -597
664 -499
-607 -639
-271 540
-42 -113
-407 136
692 -606
-614 -598
232 -386
-442 372
9 -235
-248 292
-519 719
-776 -463
-29 -223
-219 602
-339 568
682 -612
-139 -676
-629 42
-650 -161
71 -684
-238 -435
-507 563
-394 396
-247 824
523 107
-339 834
-688 -508
10 -393
-525 -293
431 -617
471 -162
262 173
765 340
35 -257
509 -352
-394 -437
-533 126
-651 234
-412 -78
533 255
-752 77
368 -58
-833 537
-514 295
446 186
286 450
-175 636
587 1
168 281
425 475
-788 -654
374 -531
-608 115
524 -160
162 -383
-53 -504
169 477
-15 449
-106 143
307 -94
389 -403
-61 715
378 340
-231 -728
-474 -357
-756 525
546 789
712 425
512 -100
23 -715
383 568
554 -412
-347 -200
-81 -702
132 -730
-406 791
71 -571
429 -477
708 -653
50 -239
-71 -327
157 -346
-64 152
684 688
829 443
600 569
252 -375
564 83
357 465
106 826
-86 653
-637 -649
789 786
573 -502
-164 -548
-76 29
-321 548
123 181
630 619
-590 -191
613 670
159 443
-359 -527
-393 -812
-167 -570
84 89
-377 773
317 498
-641 -365
19 319
517 173
640 299
-216 459
759 475
-813 47
185 509
312 165
316 -485
-811 -109
659 -633
368 -600
-421 -690
-612 590
-839 231
-332 313
-386 -621
637 -345
-331 -4
-602 447
-815 -24
-456 -428
-399 -524
295 609
254 -117
-575 -771
-535 -594
-277 -106
-97 -582
-599 -745
166 551
-811 627
783 -170
-204 617
-524 -544
-314 -576
617 635
244 -6
-548 -91
-142 -510
-330 216
828 -833
617 -441
-518 -271
-687 653
670 129
-378 114
738 642
-378 839
-820 84
-116 246
-261 -419
494 245
169 640
312 -79
136 -120
451 693
167 -837
834 658
252 -472
-623 -394
746 -741
-730 -489
-694 262
-350 151
-206 823
-322 735
-413 -585
-672 789
820 582
-715 -152
330 722
118 -48
-718 -162
-187 161
386 -387
271 358
-675 -778
9 7
-178 702
-620 -91
-167 -284
794 -293
-209 -35
-496 -356
360 158
-188 793
168 -832
415 746
588 -821
498 609
-612 -531
490 332
376 114
-387 226
-595 -53
-549 754
-577 -216
544 -119
270 -143
158 186
-557 182
-731 117
-447 -444
429 -286
-618 768
-296 197
185 -149
738 729
347 -498
338 375
408 749
600 -690
517 38
15 218
465 560
-662 -306
-283 -738
-776 -389
-330 28
-47 601
-48 -162
-40 -645
586 757
-167 -835
582 283
-790 423
-33 -445
-645 184
-566 -308
-153 -755
-473 205
-61 553
416 -840
732 -116
374 -488
-358 735
713 100
193 36
270 748
-708 423
-152 -808
466 -527
785 -386
419 -831
-657 -165
426 739
162 -186
810 -629
802 481
-79 328
-62 825
-598 -349
50 -141
-764 351
-74 -225
350 504
-159 -745
365 -170
-801 222
-111 217
804 210
-602 572
223 667
558 -333
-469 -164
537 -354
-390 -129
30 374
378 123
401 765
562 -401
77 800
755 -219
201 742
680 338
-91 -769
-680 -78
-53 471
-143 526
224 290
140 327
162 671
718 -327
-7 -504
482 -565
711 -34
-399 348
474 606
-788 -299
615 464
206 682
-690 580
380 746
-22 -27
-250 -675
-480 152
-635 627
-20 91
-275 281
105 280
-358 -12
711 209
-828 -683
-252 515
-452 37
70 -491
798 312
-451 695
-769 396
579 37
447 504
349 148
-731 623
-536 -719
-777 588
-546 -425
-527 -459
-559 679
-694 779
828 -242
693 837
599 52
-213 202
833 649
-525 549
565 361
-101 352
8 -186
-355 -388
518 690
221 324
810 596
104 448
-76 -337
340 -19
-526 64
532 743
-246 590
291 -112
-533 154
405 -456
497 -562
-437 -123
-64 96
-3 -454
-362 509
527 1
395 288
526 -46
-63 122
-78 780
-171 -423
-468 -327
814 67
391 -436
-53 -7
-616 723
-9 -41
-706 150
406 448
788 -200
-121 244
157 -653
81 107
-379 -322
408 -344
-636 216
662 -648
379 -645
532 -301
550 139
80 -169
826 663
-394 -638
806 -620
682 246
67 -25
-151 -812
-90 -615
-307 -220
-198 498
-776 -376
-711 784
645 62
-606 398
699 189
337 -272
-597 68
155 51
-481 -305
33 607
619 356
-54 -106
446 768
-133 548
463 268
-800 206
465 -37
-31 117
33 -229
-192 -350
357 -127
743 745
780 -289
-292 -792
818 304
95 -602
-790 -440
-200 534
-796 165
-549 -93
-394 -734
-379 612
-763 97
-626 -169
459 -386
-250 774
-209 -768
73 247
146 361
637 117
-402 -525
497 -246
-393 194
750 -441
203 -746
-137 -569
-733 311
90 -175
-510 409
669 437
338 -424
804 -340
-596 394
711 -439
446 18
782 332
340 -264
199 443
753 643
-437 -56
-44 -799
590 704
-522 75
-802 728
216 -12
769 304
-105 -552
713 97
-358 79
-479 -144
-368 -551
-306 618
371 0
-64 376
665 267
-592 -630
735 -169
-414 -595
-322 -530
-830 727
409 -671
-152 -441
650 -801
198 -745
441 542
-538 460
-761 -834
62 98
-436 -757
573 2
-114 217
-51 333
-116 -472
561 -385
-516 -721
-123 -97
-78 -46
-621 523
-486 -131
-662 62
-581 -648
182 700
723 179
781 82
-17 -39
-194 536
50 558
657 640
-22 -557
-213 614
-112 -818
-519 143
-410 -716
-303 700
-24 -15
710 -26
-483 396
-637 -159
-634 118
124 43
523 665
-382 -5
418 -406
669 -300
-759 -24
705 -527
-295 -83
139 552
211 -742
819 -135
-716 28
794 62
802 -21
555 -630
702 135
-661 -420
-399 -725
-438 507
-767 -420
-159 -184
347 -375
259 417
-200 -103
446 394
-502 226
-583 99
-435 -322
277 -73
808 213
638 -744
283 -201
201 406
65 33
277 -249
-259 693
732 525
-402 564
80 37
380 37
560 4
-342 -324
178 -630
-12 662
-328 -784
608 -551
-467 171
-738 54
279 -680
442 664
324 16
502 212
-98 -829
66 585
265 -450
374 47
258 -601
276 681
-81 157
-200 -59
115 -678
-583 568
-520 67
759 372
500 -684
-467 -765
279 -811
318 -5
-727 41
-839 -343
-626 -100
214 -824
-781 -622
8 -695
-608 397
762 106
-699 325
-828 689
-690 -434
54 -32
-687 -105
777 -16
669 135
98 807
-197 -624
656 -716
414 -642
251 -49
-716 -185
773 -676
-124 89
826 566
-401 544
-543 54
768 31
-630 -710
-66 -668
751 -176
711 -58
757 827
645 -648
138 -822
58 53
-666 -459
276 563
-820 -47
699 -62
759 -519
32 12
-305 324
-258 740
-61 388
699 169
-65 450
-731 -766
-683 373
-650 -784
453 -726
-271 337
-250 -102
773 329
-436 809
423 -376
-430 -126
585 -551
-49 -690
-105 638
51 -324
-601 167
-584 583
518 -118
579 341
-1 169
322 84
308 225
573 733
196 359
310 307
-538 -390
427 130
586 822
-816 -62
-308 -147
488 258
626 333
91 -641
235 814
-802 541
-225 -461
