3000
504 479
379 -50
117 444
-428 -572
-339 -608
295 7
-99 575
-505 168
-125 536
89 -6
-374 251
591 334
-192 420
47 -524
-413 -296
412 -554
-466 90
-41 -436
37 -590
-87 326
203 466
-403 297
-340 594
45 -157
-538 99
410 -84
-153 -205
-421 -122
131 -358
-280 238
-376 248
90 88
-507 -376
-384 -600
-66 -444
251 96
-184 165
-525 -612
-518 -132
537 -450
37 333
125 -5
-158 -405
228 346
586 213
37 -384
465 -91
345 -196
-534 347
294 125
-124 -108
-334 303
-92 -76
-79 11
-325 400
-335 -385
-226 -526
-608 605
-119 518
-22 159
-362 87
477 -9
534 -589
-113 -560
51 -26
-305 215
-122 -248
-516 -46
-525 -191
-234 173
-555 102
-92 -282
-515 -362
345 197
592 -83
-32 -77
-125 -125
88 -599
-220 -526
147 -14
-357 -185
433 -261
364 566
609 270
618 -289
322 -27
-441 440
-400 -209
399 -599
147 -117
96 431
364 -486
527 244
156 -330
471 587
444 -497
-282 -616
566 38
493 578
301 587
431 -347
317 -429
159 -181
220 -100
0 349
132 559
-276 527
-142 433
591 -545
124 -278
-204 341
-317 489
-112 -337
-190 -617
-495 188
-42 480
250 -615
-443 -175
408 156
557 -289
-115 328
-571 38
460 -434
27 58
385 -203
613 -195
188 -38
-350 284
-351 -328
123 255
545 531
-564 -82
-151 -54
-118 -280
-334 63
299 -564
378 194
550 -265
-560 -327
418 23
596 22
600 104
383 22
-524 -153
-22 590
-608 34
-214 -366
-327 326
-421 51
323 25
-556 386
34 -159
229 606
342 -483
224 32
-138 -597
474 -28
236 -313
-308 422
-184 523
-571 -143
145 -97
-370 -165
-502 -48
-617 151
-184 -165
-18 33
-287 -538
438 -94
-503 473
-473 325
451 -613
427 -434
-195 -490
-144 -512
300 607
488 271
562 290
-208 -127
-330 238
205 -300
-197 30
-297 -422
-123 291
72 -30
569 306
-363 -562
327 -18
-515 90
-106 -27
-578 -571
-512 268
544 -199
-145 222
577 367
44 -218
172 485
-288 202
-571 418
130 555
598 -538
-392 -355
-248 2
156 -250
-319 -199
334 -516
10 -68
-262 574
-321 195
597 27
511 133
-471 -173
-265 571
228 151
217 94
-169 -299
-50 -152
109 434
235 516
-18 -233
521 -186
390 -564
177 288
265 105
114 -576
-62 -383
-362 -610
-190 -560
-585 423
27 355
517 -424
-603 543
34 463
-484 -136
-370 -439
-165 157
-27 87
348 336
-465 38
605 -528
14 295
247 498
-388 -224
-528 -218
374 593
297 -79
376 -532
-229 -601
-609 429
500 -442
333 -412
-178 -174
-262 501
-78 547
59 583
378 -321
568 -464
-369 503
-457 477
-164 -541
-515 48
-306 -110
349 216
-190 -444
-369 -447
321 387
293 -36
348 413
-288 -140
46 569
-584 520
-423 -61
118 -414
456 218
381 366
-32 -328
357 220
89 486
578 -96
-519 525
400 445
142 145
460 277
-288 182
581 -9
-502 34
402 -468
454 452
547 -538
561 208
559 -375
209 -602
-443 164
-226 -543
426 307
427 342
323 364
-296 59
194 63
386 -241
-463 -40
-320 -1
565 148
-327 569
-532 -190
-341 -351
-348 110
575 -528
100 590
269 -227
-506 -286
-207 -299
-58 -615
-442 500
-598 -352
-128 93
474 339
-320 502
52 61
-612 -20
-30 -18
-419 -601
258 418
183 -451
506 461
-139 -7
246 601
-178 -154
538 189
346 74
148 -457
496 -151
-216 -80
-542 -504
-293 -50
461 -282
136 69
68 -256
-67 -15
437 -494
-367 110
615 554
-501 -217
-103 -405
-379 -597
-282 -169
-576 -521
470 -236
466 -35
-343 461
436 579
-78 159
506 -616
-476 -265
-528 -382
224 507
-127 -376
-402 -369
-482 341
-413 150
-136 346
297 -320
109 -232
506 577
568 -151
564 -140
-100 135
286 67
-37 466
550 -617
495 -397
141 12
137 205
492 -582
53 -5
616 532
489 -262
-319 135
-318 -16
-549 -427
-488 461
-380 250
360 -479
-69 -89
358 111
-439 402
-261 562
179 -605
120 -306
34 -322
-125 198
-542 -105
-320 281
-1 327
-218 492
204 572
-380 356
-418 535
416 -167
109 389
-62 455
84 -439
483 -379
595 -329
-10 322
-356 -209
474 -340
283 595
-230 -329
64 103
386 -437
-122 359
64 -330
547 58
-161 235
-232 64
-466 -507
93 -147
-464 -382
106 62
244 -545
184 -85
-161 -283
105 -475
-270 -24
-253 503
-532 3
480 -595
515 -338
135 570
529 -310
67 -83
248 -519
-531 140
106 -443
489 308
168 333
461 196
-145 316
504 181
546 -489
-213 206
-441 -102
-390 -199
-311 601
50 -162
17 -402
87 282
456 -47
-131 -38
203 -43
181 450
500 -337
156 -376
-271 -615
-494 -199
-530 62
489 -109
509 160
-267 382
-115 -281
-125 356
371 582
118 -471
199 96
-166 -396
373 -512
-242 -589
481 -249
-82 -503
22 -566
264 -380
-349 362
93 -58
210 552
-86 -549
216 -110
-74 -227
293 153
358 -123
129 81
133 -40
420 -40
-48 -403
187 340
559 -24
-373 28
498 -19
310 -206
233 20
100 157
524 542
-266 -395
-536 -408
134 325
503 -292
271 -259
462 299
-307 -26
233 135
-324 323
505 185
-559 473
-261 -541
-359 338
211 -424
-502 -387
-271 -116
38 -437
-99 37
-173 -406
37 -295
-549 -116
532 247
545 -291
378 246
438 353
-228 74
42 450
-435 -319
49 197
173 124
-463 510
314 514
-79 404
369 413
362 198
-610 -386
116 616
-217 47
-37 -460
-438 94
498 -394
595 -354
-292 -137
416 406
415 -372
-385 -477
-563 -344
-340 444
258 -255
-146 -163
-221 453
-442 310
310 191
73 -140
-273 388
235 -444
434 -540
78 270
407 362
398 -467
-450 -461
199 271
610 -364
73 30
249 367
-156 -468
479 -113
585 195
433 39
-108 45
167 240
321 -391
-451 -93
385 -163
-544 61
-457 424
186 -469
405 -262
-61 56
-535 252
366 -16
283 18
-459 -258
-600 -609
26 -612
-276 285
429 -31
-602 -332
323 -502
-23 -586
-262 342
20 41
180 -333
-460 -489
-120 -24
121 -27
-515 504
250 568
-55 101
363 402
-462 464
317 381
-171 367
-281 -305
-226 -88
254 -401
133 436
-394 -373
48 -597
-161 214
337 473
255 430
479 -268
-584 -396
534 63
-540 418
-30 95
241 -607
-469 -138
-329 -340
-411 -302
-553 -63
87 -34
396 288
-143 -448
50 249
-430 -377
-84 -344
269 457
-397 -7
502 183
-549 485
-147 404
221 318
14 -505
-237 56
135 94
509 -281
-248 233
-36 -148
-351 -406
337 -350
213 -118
-159 -379
-504 39
214 197
-195 -560
608 -36
186 -469
307 -318
-610 -614
478 103
-19 176
-489 362
483 56
-462 -18
65 362
314 568
-265 -505
-95 483
-169 190
-3 -198
451 356
-410 -544
-319 547
131 -185
429 -518
-217 419
330 -522
612 -134
407 78
-400 359
121 -52
-313 -538
24 595
102 467
532 -234
576 -149
199 283
-531 602
558 241
-343 -298
366 98
-516 -32
-395 433
221 -15
385 -20
614 299
-235 616
-354 335
476 -266
64 -146
198 106
-419 -317
402 597
465 -201
-467 -374
-81 523
243 -547
-282 -574
-528 162
8 -416
-427 -14
592 -489
493 290
522 -526
155 -309
20 -549
400 312
-532 291
215 468
-479 373
379 489
440 -143
-503 83
-193 -428
-59 -344
434 429
156 -508
48 -294
113 -171
-29 -249
282 -522
-7 485
-192 102
109 459
-313 382
165 -46
-429 -353
-390 -466
-383 -197
-138 212
101 -356
514 346
442 -369
-259 40
94 350
188 -558
-368 -425
561 -610
-373 -128
-500 -420
-38 350
394 505
-269 537
-469 15
-536 77
381 -370
-592 -163
197 -452
-597 -588
526 -397
321 51
-616 501
408 -583
456 -107
-185 -157
313 -552
186 223
-111 -233
-284 -164
211 104
334 528
119 -273
169 -43
268 -176
33 593
-525 473
79 -306
221 395
98 471
3 -169
-75 -70
157 549
553 399
295 -125
274 305
148 -11
-315 -139
-392 133
10 211
-370 -487
-437 -593
-188 -566
-464 -585
-300 -499
179 -534
472 428
474 -47
-445 -242
-288 -173
9 -309
125 434
-257 -455
84 -70
-93 352
25 532
-535 323
425 91
-547 559
534 -211
612 -13
97 -180
435 -368
397 575
6 -72
-31 604
175 587
-476 172
105 151
-51 -45
-275 84
36 199
470 531
-235 -465
563 -149
311 -133
540 150
133 609
-91 -539
-330 153
-104 -391
-456 -21
-550 550
51 342
90 -209
528 40
-484 -253
-112 -111
501 -323
214 113
400 -398
51 207
112 -336
-206 -511
-114 62
306 -440
190 -376
-455 55
-383 -44
-521 31
424 -537
184 -375
355 -240
-11 -116
-220 263
309 -540
-171 -409
45 372
-553 -275
172 612
-235 479
112 -602
-7 232
299 -538
579 466
437 602
-510 -462
-557 339
-477 -191
-47 -344
-604 48
106 465
510 -594
266 173
570 543
367 27
590 161
603 559
-69 -270
-171 -305
-606 178
498 -252
-587 150
32 343
-316 -615
399 -60
-15 484
294 171
-206 591
-581 -151
313 600
384 -221
-9 267
-127 395
363 -223
-77 311
310 -421
483 -103
-459 -516
-312 19
-523 -485
152 -120
-119 -114
15 463
312 500
-44 62
516 -203
396 -115
-300 25
-211 -7
528 603
350 321
362 276
385 -544
223 35
-144 45
591 -401
536 139
-211 -249
-322 -358
-94 -433
22 -580
-134 -404
91 -520
299 526
111 -542
-61 -369
-192 -588
-75 -40
601 149
549 -209
480 -520
481 -170
264 222
-107 56
407 100
-376 288
-618 -400
-320 -202
-468 -387
-135 197
560 -465
-10 482
590 565
193 139
-211 -328
-368 -438
472 179
-570 163
93 357
462 -460
-435 -124
194 -362
-499 569
156 282
437 -396
-619 -516
593 -116
252 -435
-397 -576
608 252
-510 -617
563 -343
-237 113
3 -445
544 -298
179 -300
-407 347
468 -102
-278 235
166 -94
-532 548
471 209
-313 -157
224 -322
-409 -519
229 -283
548 324
183 478
-430 466
121 58
8 -548
-233 -428
363 87
-601 10
-527 -252
-159 185
617 438
-354 -13
324 42
68 -35
506 31
160 -510
-589 -44
455 265
380 -28
-406 226
-275 -183
147 607
204 72
-585 -492
132 -389
379 -232
359 -392
53 -446
-230 -198
-468 -384
-63 379
-263 -139
-34 -528
207 291
119 -432
458 614
-596 -226
-144 575
-218 369
-100 -574
490 378
-604 -279
433 300
-306 24
-392 -343
619 539
-294 537
-131 230
438 552
477 -231
-101 -91
578 -506
262 407
-62 402
-76 -497
245 396
554 -355
258 307
558 -138
-212 -239
-540 -201
326 -413
269 310
-612 -238
-62 297
141 512
593 155
5 -55
-428 587
481 -542
-340 546
371 -521
34 544
18 399
88 608
97 476
335 474
-130 -115
240 503
-537 501
-490 172
-331 455
104 485
82 263
-605 -228
-173 -601
-270 -343
-449 113
548 -114
155 -52
280 -2
-315 64
289 -455
-297 -488
344 436
126 79
-353 432
-574 -306
-341 -210
214 507
388 -264
510 -340
-468 494
-43 -241
403 17
532 -67
-78 -384
524 259
608 -375
-451 22
294 -325
-107 -578
-75 -333
-487 565
377 -384
360 -173
-618 -447
141 -173
478 472
-573 543
-388 -574
585 -324
284 473
-396 14
54 140
502 -116
-94 319
452 -306
597 385
-336 434
189 87
273 524
-138 -551
527 -583
455 -140
349 269
-358 367
-15 -8
-354 -43
-17 323
-199 -507
-248 -19
582 235
603 -231
291 245
-561 -118
125 298
578 247
-569 230
-556 607
-349 236
127 409
-601 356
212 -31
401 -464
587 -617
-172 619
465 -86
-129 135
-463 583
217 110
-93 -593
-180 444
-293 -585
-587 52
-423 -335
-369 -35
47 -238
-233 -409
590 -241
33 271
345 589
278 -160
305 298
26 349
519 -37
488 -475
474 10
-428 439
-242 -34
-82 558
-588 -204
302 -609
3 -199
-240 264
-314 -338
348 -275
-323 249
534 211
465 -576
112 270
174 160
260 181
-2 -306
-448 -81
-452 556
-109 288
582 605
423 546
-588 -77
-6 -183
38 -439
570 246
216 -135
403 394
-540 -380
292 472
122 548
193 -391
40 75
-449 -303
84 -243
-194 120
170 -12
36 489
-477 305
93 148
-560 129
22 357
-259 -340
233 -501
574 372
-405 187
-157 216
9 -47
-418 -109
503 -175
137 -459
98 223
364 -491
-613 577
-613 -353
377 -357
295 -578
437 45
564 587
-551 282
-347 460
406 -594
-41 43
-147 -82
-310 541
341 -568
-436 6
150 344
580 -605
128 -555
-585 -39
342 -266
-5 -255
-579 -589
45 -173
582 -520
-31 599
17 463
-299 502
312 -377
540 455
117 -589
-522 -320
88 -34
206 -320
166 -560
-362 617
-196 445
-428 548
-494 -478
571 400
178 -308
375 -419
245 -135
391 -156
-78 341
-468 487
35 -580
-420 123
-592 1
120 119
-192 -564
260 110
-132 -464
104 338
-170 -167
248 -603
-283 -114
-103 -64
426 -599
-294 -117
-587 162
184 -123
-457 219
-107 602
557 -407
-593 -49
337 566
-612 -526
347 449
-145 -364
587 -81
-485 -96
93 545
403 -211
109 -584
474 261
-84 262
487 212
288 126
583 40
-418 -71
59 -258
607 605
-53 536
29 446
-469 -282
25 -263
-373 -599
-577 -333
581 -381
179 360
-13 0
-558 234
228 -211
-342 189
-374 333
502 -25
170 -257
-154 -468
-540 117
121 174
299 280
-566 101
241 278
-286 40
24 -54
-69 478
-153 616
-246 -612
-575 -273
-271 130
-297 -530
129 -410
-507 -41
-597 -223
145 312
416 468
-142 274
-58 481
17 352
-241 -605
-245 -245
99 -333
-467 67
350 215
-368 268
-227 124
-313 -544
489 571
-78 432
402 435
-426 390
-415 406
172 -164
616 -350
419 555
-345 336
104 573
-586 -531
590 89
579 155
-94 491
601 -389
-611 477
547 555
-295 461
543 -549
-296 182
536 -209
361 51
-303 -312
-82 -295
246 138
194 475
-239 13
188 -364
-9 166
393 -41
-121 454
-271 526
122 -96
289 115
445 609
-503 -232
249 18
553 121
464 241
102 -482
569 -556
229 -451
-286 -167
-434 -612
93 -122
-456 -530
-144 -248
-122 337
-46 52
-325 143
59 -66
411 559
-420 -341
-291 -585
435 -128
601 106
-399 -327
-609 292
-107 -82
-475 306
447 -50
14 422
379 -260
-101 206
-427 -257
-61 312
-110 -55
241 -327
-15 486
22 473
-91 247
-479 -142
253 -155
247 -196
-509 479
34 -171
-617 64
-150 600
409 556
-154 -44
39 124
-272 -507
610 501
392 227
242 9
143 101
535 566
400 -55
300 560
-250 -264
-495 63
319 -195
-8 -132
329 -282
-95 -255
-86 360
218 438
529 20
23 466
-455 -490
592 -350
85 143
-158 -192
262 338
472 -428
18 427
152 477
-462 586
-135 148
-24 547
-434 -304
427 -606
31 465
234 168
-243 -463
53 -372
525 -73
-206 -517
480 382
472 24
-15 -528
-497 -473
393 558
47 430
101 -463
-398 -609
404 64
570 -334
-217 479
-424 455
-609 72
-19 -410
283 -399
-570 190
-228 73
-96 -391
-522 -255
-121 -226
-420 595
-61 239
-168 450
364 327
-586 613
163 -619
362 481
-412 531
-23 449
594 619
570 -110
237 -465
-4 318
490 -65
-256 197
235 517
-527 159
-508 -403
-450 -49
297 5
-214 1
146 280
-84 172
274 12
-611 602
3 199
-539 599
69 390
619 280
592 56
-112 -260
233 -165
45 -488
-272 67
599 312
-509 -237
362 400
457 21
-261 -408
-368 -557
-427 -398
-457 221
-435 96
-298 574
259 -34
344 484
-399 152
474 231
590 461
19 -147
-525 -494
-584 350
-512 263
-361 313
66 324
306 403
-405 -187
-605 120
-229 -236
354 599
-132 350
-375 -433
491 295
220 -43
-370 -216
-367 611
407 532
343 404
34 8
-14 182
611 -209
288 289
395 31
-324 445
134 66
600 -61
470 102
600 -272
-481 -147
202 -256
-87 -359
-26 -194
-55 -212
-52 385
-557 255
-121 0
283 224
-443 212
171 -187
260 602
-382 574
65 329
-26 127
-362 -386
594 -82
158 -370
-34 -220
-454 196
-135 -427
-246 171
439 -251
159 -615
-148 121
-346 -417
516 61
-220 -71
-427 136
445 -267
100 -569
-566 -547
220 548
85 -494
384 -372
-606 -482
260 193
375 315
503 -226
380 -183
243 -297
-321 -567
573 616
572 36
439 585
148 -444
12 -349
-135 -278
502 -241
-133 -356
136 -505
381 168
255 -129
173 -349
488 -225
-128 570
-474 -395
-397 -536
2 -41
-296 -480
64 -517
-250 545
-296 -511
-529 -18
-426 -256
538 366
-353 -135
-62 108
-427 155
425 -54
461 359
357 -603
-283 -38
-378 117
367 69
-217 32
492 563
-528 -441
181 325
-391 196
196 203
-157 -266
-555 105
322 -462
-392 -380
588 -441
344 -545
92 122
-285 -348
609 -518
-32 281
-579 267
-426 -257
194 338
-579 306
-84 -79
507 -33
575 298
562 587
582 -51
383 -557
-573 -102
-516 448
59 608
-416 -217
-211 -250
204 0
520 437
407 350
420 358
514 -429
-218 -386
340 -111
-228 264
534 178
398 -516
-309 500
-10 -217
-240 -537
573 -6
601 -599
-486 79
387 -153
-535 -539
-604 541
-57 556
532 546
-319 357
298 572
411 -331
7 110
370 -66
-570 222
-404 -66
-315 -448
-164 -438
-206 -301
415 213
375 -415
36 484
137 -496
-549 -583
-68 272
338 41
90 107
70 -470
-402 -466
357 316
473 174
-399 198
-206 -84
-212 -288
-457 420
-593 -475
15 -586
-159 -410
384 -243
-218 -471
423 594
510 -537
442 -565
154 -273
-210 616
304 -512
13 -107
139 117
-243 -23
-488 497
-340 526
-320 -241
-535 -114
396 504
-410 419
-60 71
-303 -50
-295 -93
-503 442
212 585
97 384
-345 490
44 547
176 604
69 141
194 352
66 279
170 366
580 -187
452 135
207 393
-482 536
467 -489
190 -119
376 -554
-441 -277
375 615
455 600
-267 -125
-513 65
208 -342
-403 513
-239 -238
424 -348
338 -276
-447 440
-185 477
447 -576
11 602
-533 299
-21 -19
-94 368
-31 376
-129 456
-138 -454
-568 -41
-381 31
17 -478
75 443
524 -514
-357 135
-352 -193
209 30
206 -462
-34 256
-109 -380
431 108
-90 387
-64 416
-311 299
-389 609
-188 -267
-238 418
475 -420
-277 -186
-413 420
-39 32
518 320
75 120
-403 -34
283 301
606 -423
187 234
450 -438
228 -566
-314 275
276 618
-31 -332
155 -31
70 -20
327 -340
-611 -305
428 -230
-548 548
-527 -354
367 491
-30 603
-108 483
-540 498
-470 125
316 72
240 170
-46 400
86 444
409 122
417 295
464 -3
-494 -369
322 597
-421 -175
-66 115
81 -55
470 -315
408 411
351 118
53 396
-417 -317
-228 277
258 -257
-546 148
531 -479
522 -178
440 -444
-471 475
-278 -583
355 37
100 507
169 -453
11 -554
-337 52
429 -280
-619 284
-489 578
187 69
115 490
-109 21
-68 -146
104 577
242 517
46 508
-141 354
584 1
-110 273
102 33
-366 -220
198 -221
-430 -382
-32 396
215 79
64 -424
-167 -111
-62 -284
-143 393
-60 36
-282 141
-463 553
-491 -229
385 277
-493 -302
-404 25
188 -84
100 -441
454 208
150 114
296 -287
-420 19
-158 -472
59 -537
304 496
611 303
-290 -603
-224 -516
-578 -204
534 534
-473 -281
-498 420
75 319
-575 248
-184 411
-348 -271
293 583
-118 -299
-527 124
-171 515
453 510
176 524
-423 -430
-75 325
-27 -130
-191 475
449 -568
-38 -411
-523 -596
-415 -42
105 564
268 82
231 320
37 309
-250 -521
-573 554
-313 363
-7 194
266 580
-564 -601
428 -156
509 38
-239 -520
43 -486
220 223
27 -24
376 143
51 280
-287 -546
-26 -573
571 -174
-156 -374
149 -392
-601 -120
-439 -439
-433 -156
513 30
-538 146
525 -452
499 290
109 -424
-256 -116
507 -57
578 362
439 -408
61 -147
-363 474
91 -193
-220 -96
284 -565
435 8
289 587
-333 198
438 -290
123 -218
40 424
209 534
-21 456
-95 -17
-339 -106
427 -289
-186 172
406 555
-256 -211
-148 -94
172 446
-227 209
23 -555
207 7
-2 107
249 -614
402 -534
-282 -44
426 28
-84 -440
-466 -90
-448 172
-592 348
-489 173
-305 -298
101 234
528 580
-464 -413
-558 -421
32 130
112 -284
446 317
-402 -437
-478 287
-382 235
-89 -591
-611 -59
504 420
172 268
-129 -398
-115 117
99 334
6 -74
451 595
344 406
565 5
29 126
489 40
3 -69
458 -224
-360 412
-507 -202
-171 465
159 -357
72 209
569 265
255 494
389 582
270 -428
-101 358
-120 -361
530 395
-165 -344
104 541
16 -152
-245 -376
-565 341
613 220
380 -414
275 493
46 233
-484 201
70 -585
-585 -317
-220 524
-590 -357
-494 451
-543 604
147 604
-586 -332
362 542
282 -120
-315 -220
-309 138
-503 -261
-438 186
-498 -380
-183 200
-611 486
179 -543
520 347
615 161
119 267
133 492
513 276
69 -396
536 395
-240 -460
-331 -203
339 273
-474 477
-221 -117
-28 175
-343 -220
8 -189
-461 -281
328 32
144 -608
377 578
426 28
541 -488
562 -197
-543 378
141 -349
-352 335
19 511
-372 217
-50 -141
445 138
-255 -565
-174 -305
-6 -91
-528 -250
-589 445
518 -36
517 -507
-470 216
10 -532
-487 -572
557 73
402 327
-100 -213
548 -191
-580 -144
-22 -391
297 -548
-192 344
416 -26
60 -456
401 153
-571 571
218 -420
-468 -420
549 354
296 -106
-189 -245
114 38
389 355
397 58
43 120
261 -11
-48 -341
-48 -577
208 62
28 22
561 367
398 414
528 27
412 -355
-547 -280
549 -104
-599 387
-433 -72
194 -306
-592 143
-478 -243
259 -182
-508 -134
410 225
301 518
554 212
-427 282
612 -164
-463 383
49 -619
-533 -501
381 182
-12 492
93 166
-17 -588
-393 286
310 111
581 578
62 -54
-242 -467
-453 -386
6 -301
459 284
-288 -321
-178 -438
557 384
-132 -392
561 29
-175 494
-419 -316
43 139
-518 159
-595 -245
-495 448
336 102
-354 -137
294 -587
-219 521
567 -18
268 -573
-590 488
-10 524
-441 -153
319 -494
-276 510
-567 -600
-322 164
-501 -226
-265 492
182 51
392 62
248 161
-352 -236
-147 -64
-217 -459
-465 -55
-132 -275
-3 -528
503 -235
-368 156
-113 -239
-130 -165
-165 255
499 41
130 -279
-578 321
-54 235
-574 -275
-508 -86
-537 294
-346 -510
-363 61
-264 283
-563 319
28 393
-487 340
-91 237
523 -401
-511 -385
154 -413
157 517
558 -598
-606 204
552 -482
-499 -52
287 -350
-280 -408
577 0
335 181
-59 -115
281 -341
230 358
-479 394
-557 220
387 -332
-100 -307
542 420
449 567
350 581
5 618
-106 -66
401 260
23 590
-373 -442
607 128
221 48
521 -11
-3 263
5 -269
609 -463
-84 -344
-575 448
31 471
219 -405
138 -279
-401 558
-390 273
279 -297
-433 -473
-257 132
-617 -502
570 -327
-324 -189
-102 564
-564 -249
540 -308
420 -304
-132 564
227 221
-286 -421
468 -511
-85 -613
-60 327
116 604
49 -527
431 214
-40 128
-340 -77
149 113
148 392
127 189
57 335
127 114
-65 -325
358 175
-450 -100
-544 -327
-200 -78
-162 -162
520 -527
243 -470
-364 465
-560 -350
-263 229
289 -538
200 -34
322 363
267 459
535 -102
324 -39
-566 196
541 -134
-240 17
148 168
-584 21
557 -205
463 -414
14 -116
-488 -309
591 -258
288 -315
-393 -528
597 155
-371 -109
-542 448
4 292
-139 -11
593 466
-278 -399
229 459
193 -490
12 -202
-593 -432
-181 370
397 469
148 12
-529 187
-247 -587
135 -389
-296 -277
346 142
-580 156
-114 331
522 372
276 -237
29 512
89 214
449 -485
-126 249
82 234
-66 -225
314 412
-118 453
610 -521
-585 436
415 438
25 -323
-231 536
-324 -147
598 159
132 -70
122 -357
69 84
-127 -457
-73 404
-613 518
-255 127
-246 -217
186 -344
11 -228
220 463
-568 221
-22 2
11 -501
-402 505
-219 296
-301 366
-215 -524
-12 218
152 -40
-511 -597
168 478
64 338
-249 514
352 408
-40 588
-545 466
393 -553
-259 -134
229 518
-594 105
265 -338
-374 -582
-323 300
-228 -82
270 -212
-143 516
-65 159
87 -168
523 -84
-404 -475
590 258
-48 -306
-521 593
205 -413
388 -601
410 265
169 455
-59 -4
-567 200
45 606
-508 330
-344 -607
-301 147
384 -74
-176 -565
-155 -274
113 239
55 -153
-308 346
-490 201
174 556
-120 541
-541 -189
373 -110
-8 -605
103 531
354 -317
-334 -439
-21 594
597 570
-123 -62
-211 593
-616 -39
-174 602
-258 468
416 -193
223 -139
133 -10
273 378
-527 -150
-56 277
327 285
-15 334
187 -168
-142 84
467 -154
-560 -238
-433 -362
442 486
344 -117
-370 261
-196 -574
-166 -305
-266 -551
-59 -571
-615 -409
523 368
-203 336
-383 289
-504 -619
221 -24
-211 -475
-166 84
-48 -92
-432 605
9 -533
331 -334
-563 40
507 -596
-250 -420
-590 358
336 -349
-532 -159
486 522
532 495
-95 531
168 432
346 -157
-494 -25
-202 596
-8 323
-314 132
-359 23
-128 -359
-421 -107
102 283
-341 -518
-407 56
436 127
617 -108
-65 594
-364 217
-79 504
211 607
220 338
-359 -290
-13 -47
600 528
387 -253
-280 -21
-578 -230
-384 -532
-147 -187
286 237
332 87
605 616
-357 -228
314 -335
382 25
-273 544
26 212
372 -281
-266 236
452 477
-493 397
350 66
-335 108
-24 259
-64 16
66 526
-52 -40
-6 408
22 -227
-84 -601
-135 -497
-464 -122
182 536
311 482
-319 211
-368 362
-3 393
19 -66
212 572
-589 363
229 -510
152 484
-570 -532
562 316
332 -436
404 78
-141 413
-143 -181
-313 -267
67 480
521 -542
165 -352
2 226
-8 -211
-354 484
190 -336
-82 259
-10 564
-614 -10
208 -201
136 292
528 -217
508 -377
-106 537
-449 -223
491 351
479 194
-104 -353
-53 -306
448 414
180 -454
-177 -172
42 542
434 -442
552 -512
-363 -420
321 116
-608 -517
-177 112
-582 -198
-516 553
274 -472
48 521
462 -442
164 -248
392 13
71 -26
-9 -135
387 -359
-322 -383
-8 -10
-211 -479
89 233
-507 304
-384 -604
-196 112
13 -284
-417 311
-154 563
221 -601
-483 -427
298 -419
-22 -226
22 173
505 -333
145 1
-395 -497
522 -616
282 -275
575 -218
451 -132
-258 -243
393 320
305 -278
193 158
478 487
80 526
-105 267
130 -343
-7 385
-182 -365
508 315
-13 -152
-335 595
208 -569
-165 141
-552 -287
-364 -593
244 73
471 466
-143 -316
-364 558
-390 58
-437 81
-360 394
587 -108
571 547
-235 441
313 354
-513 -100
236 4
-427 -265
-253 -273
335 250
-443 -154
-2 328
-114 212
-40 -602
266 -471
81 -425
-491 172
334 -84
-384 191
-470 442
-570 -330
74 188
404 283
-386 -87
-373 49
-77 -209
309 345
242 -230
44 -423
323 -538
205 -619
-423 488
-213 -449
-84 -556
-127 343
476 291
-187 -462
325 593
546 -395
-173 378
210 -101
403 70
136 201
361 -201
342 -48
-603 -376
545 -478
388 286
118 -106
440 -220
-197 522
-314 -575
527 430
-10 401
288 71
523 186
-288 -196
69 -60
-577 428
-136 -143
147 375
111 217
-231 303
481 -343
106 345
-18 -56
85 -479
366 -325
453 -364
-406 -20
268 -175
347 -163
84 -596
543 -283
-251 364
-51 -427
-485 -443
-611 -544
171 129
-541 409
180 -9
-3 161
538 -584
168 -153
-584 14
387 236
-22 106
403 -369
557 -520
36 -152
-177 36
205 -512
423 425
561 -453
486 297
251 -496
555 -32
265 -441
-469 30
-506 -274
154 -76
164 -1
247 465
-497 -25
554 -419
211 -277
134 512
122 -27
521 -319
-87 64
396 107
574 605
166 122
-14 200
-245 -423
610 493
76 37
-579 293
-151 -183
411 -430
-370 -456
-573 47
-233 -122
-129 517
-189 474
-13 380
-478 -204
-216 316
31 81
337 -187
210 -82
547 224
495 191
542 -85
609 480
-223 314
186 -594
490 -104
-536 -361
558 -604
78 -185
394 -431
346 596
418 243
444 -42
-432 -290
-518 133
-48 -191
-50 -563
-219 248
-218 222
383 -344
-9 -498
-147 -577
31 152
-283 13
614 233
-59 -94
297 -500
-182 -371
-479 -332
313 -334
297 178
433 -138
450 -188
278 -208
-55 374
-308 -616
541 27
-411 -227
-96 -415
-483 115
461 -557
376 589
148 487
-531 333
501 -8
462 -368
76 113
-602 266
99 -502
311 549
-217 -555
496 -430
-53 -86
299 -608
-54 326
-397 -242
155 616
18 324
-162 445
508 -386
400 -70
454 81
432 -290
327 -263
40 -574
284 437
-470 377
511 -578
-462 276
30 -28
-604 -189
-539 414
424 -254
148 -80
-217 -485
-557 105
-598 -278
516 385
-337 -561
-330 159
589 292
-513 -319
105 -281
187 216
79 608
235 -419
-193 -232
-603 537
230 -565
259 -437
402 441
-235 -268
-374 144
-517 207
-219 585
-605 -69
612 351
432 -221
399 -332
-63 320
433 140
-249 -170
271 374
434 357
249 -354
-545 -25
443 -368
580 -58
343 218
165 366
421 -445
-93 84
21 219
-415 -212
-56 -106
343 87
-386 217
-465 76
285 -550
-390 272
530 -14
384 -116
204 -371
276 -494
-75 -291
-329 -370
555 -183
568 -591
188 -427
-497 -275
284 202
51 52
-476 -190
161 -195
-390 -297
-13 -566
-249 173
57 -509
221 -36
167 441
-70 354
84 339
-154 550
402 -150
-76 -145
436 35
192 -33
611 -8
-261 209
377 460
223 470
263 170
-579 559
87 220
-452 262
399 -123
501 -484
567 -275
-358 -601
-316 -123
-66 -617
436 51
85 445
480 -232
81 331
248 538
-9 209
-155 199
-39 -47
561 -136
-464 125
-292 -322
9 96
586 326
253 -331
-265 -319
236 -245
-475 -609
-502 312
-151 -545
-184 -153
-268 -427
473 615
-405 -301
-243 -332
8 -26
395 -257
-393 465
-338 277
524 576
194 206
463 -482
197 -269
337 -400
-72 -87
-41 -176
237 330
576 118
39 -444
534 -104
-450 -235
-123 275
-366 -392
104 411
-207 442
486 -433
14 -90
-12 300
-552 394
-458 -448
-154 -517
134 -356
-390 -493
279 -304
-69 502
-533 -482
-72 244
-612 -310
-585 81
-364 -471
393 519
-529 -331
-615 178
293 -362
-618 91
338 265
-554 -181
307 -293
-174 569
-504 573
369 -382
-468 -595
35 155
-540 -399
-475 201
-377 -89
45 -538
397 -24
424 -480
-209 -493
-187 -390
173 -52
-236 -357
329 483
465 58
-115 457
-99 -571
-355 -518
-160 6
241 -443
288 -102
-353 -99
194 -311
74 148
-7 604
-482 353
271 -599
35 42
345 168
-342 468
137 -16
528 -348
-11 196
-105 -523
-451 -378
409 -499
-551 607
-143 -353
532 360
-324 62
471 611
-434 442
-129 -373
326 -592
-597 -404
-464 576
-244 336
569 380
125 92
384 153
-58 -297
-326 232
561 538
-120 -282
246 -487
244 304
270 -124
-16 18
-512 -121
-111 545
-351 386
-187 -327
-214 -492
-111 510
-230 42
