3000
-153 387
-316 846
457 316
-155 -289
737 -48
375 112
716 -590
166 -129
160 734
402 235
492 291
679 794
-384 562
-858 288
-81 -562
-714 -676
-768 251
210 -92
815 -3
-17 683
403 792
-792 831
352 -173
628 865
-240 -694
-473 89
-589 642
-194 388
641 -227
-826 -800
-457 280
162 496
-665 619
335 -98
-797 797
-855 -465
-25 -170
-128 523
-303 146
317 -1
-846 -215
-524 252
-696 -253
-750 691
-581 655
10 484
-506 -783
417 89
-488 501
-480 622
621 795
-506 -544
-832 203
-476 -748
468 88
698 730
-434 639
-559 -616
678 -358
209 -230
731 735
470 -515
-178 -552
-620 514
-641 -442
-668 610
-736 -488
-629 661
-825 790
564 745
-531 153
-569 365
-245 411
-114 -32
287 -248
-277 825
821 -586
-43 -777
603 742
-382 60
-773 597
489 -185
561 267
-185 -185
51 -291
203 735
4 656
627 -511
-846 826
582 189
-728 -255
-711 550
272 503
404 189
30 278
-47 -330
676 415
-24 -612
548 -214
499 -574
166 -179
-127 -411
-524 281
-85 50
-334 -565
-107 -9
688 -287
-797 155
-39 -141
-753 715
855 -631
458 81
788 584
-44 -594
-32 -522
-589 709
425 89
-96 -600
361 686
-481 28
408 23
5 429
477 -349
513 -808
623 -502
-519 715
370 399
-792 665
-87 219
-685 772
-390 -654
-98 -783
-461 3
-742 -616
793 -343
622 94
-120 -490
-177 -572
776 11
546 486
451 -585
-277 -125
118 -685
825 685
-285 565
-346 -153
-282 228
177 481
698 -317
-757 -828
-283 651
405 -184
89 -109
-514 163
-748 -461
431 -519
757 -225
712 743
-465 -306
-259 -322
-829 854
-420 547
-377 -476
-317 74
-638 -618
513 769
-764 -429
259 131
-484 359
-184 -21
-510 -627
535 -172
-619 381
-615 369
-541 516
330 352
-375 433
-314 684
-563 572
-174 -768
-388 -224
565 -545
268 50
-91 -717
437 385
-362 -44
241 -475
-233 389
-446 -793
378 -237
-684 100
706 -594
-396 831
396 53
126 601
-585 238
-808 -459
702 321
350 -605
343 -340
-217 414
695 381
-217 -676
507 405
744 -554
538 13
-90 371
-271 345
-670 -513
385 718
196 206
669 -555
-58 -520
502 604
-679 -493
672 817
19 122
-780 123
-783 -82
-842 -822
-132 -523
802 348
67 597
408 852
176 -422
810 -575
243 613
-626 241
-143 13
590 -797
674 302
233 -241
-723 644
345 214
170 531
5 800
638 174
-194 -468
596 -627
-509 -776
436 -548
-286 375
-375 -89
730 -27
145 834
-783 807
-167 -420
-82 273
-684 -255
-635 197
-660 -326
-157 -225
-726 437
301 -504
-700 -521
713 -319
526 172
-14 523
-536 -821
311 354
28 -423
-608 -480
-731 -488
262 540
308 -387
517 637
-36 435
-443 158
691 -136
-432 -739
-595 657
203 -410
742 -289
-774 67
-764 534
-649 -49
416 686
-457 -527
-585 198
-314 648
863 -537
-291 365
-11 -520
-769 -182
-434 -447
-510 -73
-80 -363
629 -856
-725 -339
-303 -572
-594 -684
114 -514
357 -33
557 -253
-517 -860
-863 44
107 -40
380 459
-760 -649
800 542
534 -328
-576 697
-400 -769
614 335
-362 785
192 77
-170 812
-783 700
629 -283
-461 118
-332 576
-676 405
-468 -696
-849 16
-548 -248
-35 -225
-20 638
-390 -140
610 253
-213 -494
-638 -640
807 -417
395 235
-412 -728
617 411
684 -255
151 446
359 -750
608 -638
37 51
499 184
-218 1
-780 767
-569 -440
102 756
-512 274
624 485
-195 662
-486 -7
-505 804
380 -309
466 -739
843 -433
-747 573
-747 398
187 734
-762 715
118 -529
693 -266
456 856
-29 175
516 50
412 -615
675 17
47 -31
-319 -844
264 -98
-770 749
-443 -9
-133 -121
751 190
-267 69
784 321
-790 -690
452 416
49 -536
542 204
112 -305
317 748
704 309
777 391
46 837
-58 -741
-657 -470
609 -783
-535 283
-529 -132
374 -815
-341 -63
-747 -190
489 137
-483 -854
18 364
-169 521
-204 465
669 814
-403 -59
228 -789
137 103
823 -8
490 -421
482 107
-479 120
-93 -286
380 -737
-435 -862
499 -192
817 -32
204 354
-322 811
-311 609
74 -629
307 -91
288 818
-798 -479
670 182
-435 102
283 -693
-708 656
-337 -300
326 257
-637 -237
82 -458
120 -518
-424 615
-751 762
127 -80
-638 -819
-162 203
469 -331
-332 519
-554 -471
-574 44
363 -247
365 -858
-236 186
302 -715
-778 -140
176 775
-617 766
-735 495
-201 822
-65 -427
442 799
338 593
517 193
-283 183
504 -715
360 -675
-693 703
800 -866
-285 -59
-97 111
-448 286
-669 -578
-282 -810
-32 -183
173 250
-72 -587
-310 -342
-579 -375
621 101
-78 305
-653 -411
-569 65
347 -363
28 553
507 400
-493 24
-579 -179
608 -420
-64 766
453 -494
-474 567
35 343
509 -78
-143 519
-620 202
822 -262
721 638
445 -741
-154 408
-838 -325
-78 -156
635 -272
-486 212
-258 16
-234 -465
35 237
731 -359
-144 -624
416 -382
834 704
835 -412
-821 -270
495 -801
-648 -652
429 -796
-847 -157
-544 -16
-54 -685
115 -116
-662 679
391 -363
355 -313
144 -853
-558 420
575 483
-634 -472
-234 690
-682 292
304 -727
137 519
-448 460
447 522
643 54
74 856
56 341
-509 -507
-795 -461
836 -420
853 -335
-162 -166
-631 744
223 -630
-232 -815
-102 -207
-555 564
-501 -15
-286 -199
-859 -740
-707 191
-40 648
728 422
-690 861
365 626
200 -265
-823 841
-504 771
-166 143
573 47
266 272
72 533
314 -137
-813 138
-52 783
-858 -296
326 -630
695 -546
-76 -844
671 -208
-574 -110
-428 469
-88 313
-77 23
492 365
-171 647
-628 -276
556 -413
-602 571
-396 349
-811 -347
-360 -25
439 -671
-140 -601
847 670
-391 -743
838 -14
-469 -618
-85 -663
172 433
429 -411
595 -39
-775 77
577 -616
546 -148
567 763
-374 -184
-105 -44
-444 -63
462 -546
318 -79
-430 -46
-622 283
-341 773
-206 -278
774 -150
-415 -71
10 -318
-178 -386
-220 -161
-423 541
304 -268
-693 -668
-608 609
-84 777
167 337
65 -643
691 76
745 -99
60 -701
-295 -220
-694 161
-527 798
191 822
166 448
-640 -735
-520 -797
115 171
311 -648
691 143
-448 130
428 365
-73 -707
846 582
356 335
-89 -25
739 471
-108 435
-267 435
-446 -744
386 -501
-42 -646
199 -603
-181 -479
743 17
24 705
-864 680
724 97
225 174
-493 -430
106 -75
156 367
-639 170
19 -776
-247 -715
-650 364
430 586
690 -11
-290 -704
420 -171
-581 318
450 817
103 558
-603 815
-850 -848
-846 -352
297 -603
-397 -176
-266 -371
308 91
332 -117
-184 -356
361 410
63 571
-692 480
-180 -360
-106 -436
-570 703
102 697
-536 -44
703 -178
-66 322
434 797
535 289
-697 -798
359 149
195 38
-308 614
-856 -649
-166 -700
-423 376
-511 242
397 -125
-653 833
-27 696
-384 823
48 -687
240 -38
-444 825
-759 -432
220 247
407 518
853 370
481 79
223 -692
-741 -569
-702 157
731 10
27 -466
190 -416
-825 -840
114 -383
832 -52
683 -228
-515 -29
196 249
-604 -100
-547 781
555 123
-232 -238
461 733
-395 -295
799 -189
243 -243
-87 -678
-53 -553
773 329
-291 -203
-180 -112
376 -511
46 -503
497 -395
-264 310
184 -857
616 -296
232 -252
195 560
577 -583
-520 577
493 -469
839 -758
-679 -776
-330 -274
-633 -515
24 -599
183 53
-134 -185
383 -664
-537 773
373 15
94 685
578 -80
-812 631
462 532
104 108
-180 -509
-708 99
309 -776
619 -176
545 -382
-761 818
359 31
162 -246
-752 -798
-197 765
80 -230
-165 -404
-734 -853
481 522
845 -662
-516 -273
713 -551
-43 -39
-26 -614
712 -757
-570 -69
-90 404
77 680
-487 38
62 -74
-411 825
240 -564
-109 130
127 -187
-210 55
-86 -326
-145 -849
-640 -341
-734 668
-495 -353
372 762
-100 -830
580 238
524 -372
389 -822
277 489
36 306
486 468
195 -354
774 445
294 -697
656 49
-326 88
588 -197
-642 -285
270 -289
712 786
568 740
827 -178
702 298
-445 -765
618 -262
526 359
14 -421
-209 754
-142 336
570 389
860 27
-483 233
-518 50
-714 246
24 313
755 -542
-295 712
468 481
-28 771
-854 -571
277 -290
-173 -243
687 293
-386 -297
60 -178
-642 -801
-686 -269
-461 423
-126 -221
-695 -261
-376 -98
-381 -664
-664 199
-430 -106
-503 -521
-828 715
421 401
177 619
-842 -447
81 -276
-328 538
725 -258
493 490
-15 -363
-665 455
-619 539
702 549
-699 637
605 488
215 503
67 -543
-158 -54
-629 -750
25 507
450 748
668 314
-119 769
683 409
-854 -484
750 -763
830 -295
-713 197
-755 -653
-148 8
283 553
-617 -607
-582 734
455 190
511 426
298 -318
236 -231
-114 101
436 -285
750 -419
20 -420
-389 596
-826 -698
-250 -741
682 -856
-406 -181
-269 -801
-701 -377
196 853
-384 -42
-120 -664
514 683
64 -143
-772 352
833 139
304 -66
628 -426
536 -215
516 602
264 634
-199 312
-853 266
856 341
-593 -270
423 747
-480 -838
643 309
-130 824
113 576
225 260
-185 318
-614 735
-142 0
620 -858
48 313
-667 -127
-723 82
-447 738
671 -3
691 697
-637 -660
-319 -80
63 205
-15 -578
20 445
-814 -627
-345 347
263 -587
-583 12
-64 312
-511 -298
-690 777
182 450
86 131
560 -676
-706 -531
313 319
-784 10
313 703
348 -776
-256 145
-421 -106
-375 -625
-428 -365
410 62
-592 -490
828 -643
603 110
738 497
-418 389
110 -95
-411 -174
-135 9
-388 -752
97 -432
-297 -489
131 -705
-357 720
-340 266
540 -538
417 -221
3 -303
389 -352
-852 639
655 279
634 -833
814 -167
-493 260
82 -574
-401 776
-462 764
593 266
114 493
-509 746
-707 -469
21 -838
549 59
-398 100
615 -507
392 -663
85 164
-486 673
448 -521
233 378
45 -23
126 763
-83 -486
-365 279
-152 168
403 841
-613 851
272 762
427 -698
-795 -359
587 836
-749 -412
-222 711
674 573
431 669
459 532
198 -50
600 -736
-14 707
457 588
-273 -641
418 -783
-181 -279
-736 -377
-509 435
171 397
328 118
407 571
-172 473
-347 661
-272 520
-832 856
-472 -49
22 397
812 -234
-326 129
-780 768
297 417
-715 -678
811 -227
196 662
-335 95
-565 683
254 722
843 589
211 149
494 -453
-371 692
748 -242
-745 419
-820 332
378 543
-622 220
-517 670
-640 -714
-123 -265
470 -679
566 501
836 -398
360 427
240 -856
-835 -597
510 144
-671 372
174 671
-404 121
86 -43
-417 -814
834 846
137 -669
121 -11
-268 390
463 298
-737 176
670 -463
-102 652
-37 -686
143 428
-624 -68
173 101
381 620
-415 552
753 309
-857 209
567 351
643 -262
-269 -854
-758 646
849 -631
848 -505
622 -431
-460 249
323 -114
-855 -149
-661 442
-223 -89
458 -13
-506 200
-247 803
-594 -255
842 374
-623 -48
-269 -59
-449 -270
-832 -248
528 63
-29 -232
-826 620
245 317
-518 626
444 -725
-156 -730
264 -824
-678 96
-472 -401
294 -274
55 29
-319 -636
-23 147
408 -14
-7 444
184 -109
383 418
-765 -825
489 634
79 -730
-813 79
-257 413
352 -492
653 -819
748 542
689 435
26 721
-658 832
-368 800
637 -500
148 384
367 641
127 835
-285 382
802 -346
391 -430
-485 -51
234 476
-614 519
533 590
-379 848
243 -427
398 -219
-254 864
329 -32
-426 174
-223 -366
438 -294
-578 -42
-608 130
405 -819
-461 823
369 -502
596 573
265 -328
-16 181
-227 -135
413 -153
647 279
-454 -14
496 -218
-6 268
59 -649
233 201
42 -536
752 -421
249 578
43 -31
300 -431
714 661
246 -319
-470 -521
797 704
519 562
863 752
-366 -356
336 -517
-755 836
510 -754
-349 16
707 -400
299 -632
587 574
-414 63
865 719
307 -689
-196 563
416 307
192 -31
-672 738
-260 551
-283 -94
-818 806
397 536
-384 360
413 92
75 763
498 -190
491 329
213 838
-684 480
-167 77
-403 -508
498 -317
-576 -62
785 -270
294 -591
-257 29
454 304
-293 712
523 -567
-449 212
56 -119
-471 381
529 -406
-740 793
-180 775
613 676
466 260
748 -513
754 213
-190 439
-362 509
30 341
723 829
694 -623
-821 -564
-196 -203
698 -7
-780 -460
464 322
-334 -491
-862 -559
742 -89
-670 735
773 9
633 698
-750 -551
-836 -427
-232 706
66 124
700 123
-410 462
-331 362
-330 -272
546 -668
-172 -7
76 -526
406 -538
-426 439
-161 -236
-775 746
294 271
-306 -841
808 774
-215 -509
862 490
30 -99
-399 58
-502 745
-824 -318
-12 557
554 506
-419 459
63 -519
-803 -724
-767 132
-198 -11
49 581
-634 490
-567 -725
439 428
-356 6
555 40
595 -667
118 -69
155 -170
-567 354
-214 -203
-494 165
-710 -229
816 -407
-798 -850
250 -196
-319 787
73 149
251 54
-561 182
-512 377
444 -56
-634 199
821 -521
629 -755
-206 -236
-188 712
851 632
318 395
651 855
-252 -733
-623 -128
859 -537
-724 -351
-260 -393
-56 493
-419 719
245 -464
-717 -561
441 -673
-261 806
-842 410
-485 621
507 -609
812 -758
550 594
-253 -333
4 20
-234 166
858 -234
846 -852
-260 217
316 472
529 721
-287 534
728 -508
111 -658
-109 -435
188 384
-709 -1
-788 492
-584 681
-436 673
-341 -483
-357 -597
-104 -681
569 -217
60 629
332 379
-595 -762
-119 76
-614 -567
141 285
-234 141
182 351
154 623
-583 -24
-826 73
-213 634
86 -197
502 131
-82 45
-290 -420
-233 -714
710 684
749 812
506 -496
-235 -801
-379 -762
-554 293
-638 -704
-555 -72
-464 -149
-429 -739
115 698
220 -55
-370 -10
-793 268
-275 784
726 -837
86 361
668 51
10 -189
227 -483
-34 370
-119 -246
-148 -17
-652 702
-515 -123
132 -602
-827 336
-399 732
448 435
-48 -601
370 675
-576 237
-149 -49
207 -841
162 -32
292 -151
281 -291
52 659
-453 -359
43 701
-597 -583
-391 192
521 -728
-185 -137
800 611
576 7
108 -207
-641 -408
-642 361
29 -317
-623 664
-323 -56
-703 618
-802 113
-12 -114
393 571
-221 -516
389 390
-666 132
-672 -580
-11 669
-44 -5
311 -363
485 55
-241 589
-577 -565
813 -9
598 -847
295 753
-160 -60
134 113
410 -761
-48 -195
121 -771
-7 346
148 -416
-716 -278
692 -572
385 303
-542 815
393 -36
-159 660
559 732
-206 -94
-265 132
-11 -96
862 55
476 7
-401 -491
308 753
306 -21
276 830
380 -6
16 362
-317 -523
67 -40
65 457
-462 290
34 768
42 468
640 229
359 -300
384 80
709 -152
84 112
-69 221
64 -514
272 -716
-650 -512
79 -560
-520 85
800 133
555 345
-537 393
91 275
534 -678
791 649
583 -172
-249 -157
-183 -766
-546 -179
138 182
592 -396
4 -606
-774 45
-131 859
234 -377
344 -785
-502 428
-636 532
286 -856
277 -43
540 679
688 -778
96 -51
497 632
350 821
-140 -841
345 468
-1 -86
-416 -607
851 215
182 836
480 273
103 -99
124 280
-358 808
336 -248
386 -664
-412 127
199 689
-751 294
460 728
-678 533
-608 -33
-515 73
731 -357
241 -713
259 -712
4 -780
-795 825
420 500
288 -362
-353 333
790 -341
-704 346
-705 613
-572 -858
-581 69
128 396
-163 229
-436 -554
767 -108
23 828
-402 71
-385 -20
429 -193
415 -411
-245 447
-179 5
-733 362
-413 217
565 546
163 118
-76 -55
-723 -829
739 -122
698 743
-491 -568
136 -355
823 552
-782 676
-389 409
-398 678
76 -777
414 739
154 -142
562 249
633 347
374 570
510 15
-794 411
75 -27
779 361
-547 -618
653 171
789 135
176 -231
-574 812
57 -519
171 -178
816 -123
-509 -330
-123 -399
-742 358
-276 -372
218 -464
-126 -12
-40 -182
732 -601
-497 510
73 -282
-743 526
-410 -702
-645 27
159 -572
-57 798
337 32
-675 -120
587 838
-508 723
-98 245
-516 -640
-577 389
147 -474
581 -226
758 42
593 302
395 -189
-148 81
749 596
589 523
-599 526
473 -33
-455 824
621 -512
-211 -704
748 -188
-21 514
-610 635
-236 -799
-514 266
-482 416
-791 -451
118 554
5 303
349 -593
787 255
-339 160
-286 -685
-774 -196
818 262
75 -130
-111 -789
-524 635
-18 -83
-793 603
-254 390
-371 528
0 70
443 152
-266 -353
635 -494
476 776
-850 645
-298 751
42 -566
-313 -115
-394 428
-14 -829
259 23
285 -732
-577 -617
-287 -813
-439 588
303 623
837 -175
851 -193
-385 175
-500 -31
-563 -63
65 -151
-222 806
436 749
764 -804
538 -517
-837 353
-545 728
-32 -118
821 -184
570 261
-275 -607
361 825
343 219
-116 2
533 627
-387 -149
284 666
749 -831
-192 405
-574 299
-438 0
637 -842
313 -88
112 -465
-56 411
514 -194
-372 836
-677 -625
-485 865
342 -188
-759 158
-333 831
-657 213
853 787
400 573
-465 -700
614 -694
752 573
399 -699
724 -165
-302 137
642 317
277 163
-510 287
-50 731
-30 -827
589 -327
-485 403
445 484
166 292
44 -557
-371 428
805 -276
637 -309
-595 -662
103 -514
-732 533
429 -73
243 778
-349 -201
442 245
-84 -584
-664 253
-828 -203
79 860
-518 -353
571 -115
-703 -53
108 707
-480 -488
-562 713
223 79
230 341
525 -25
388 583
298 -836
252 -524
364 -226
-745 457
-109 -335
561 16
231 540
750 4
118 180
838 6
400 863
-217 -5
-531 -25
-340 153
503 -330
-288 -84
-834 805
-225 -268
-579 771
469 -745
-316 328
214 641
569 284
576 167
-559 -560
-163 -442
-458 -531
79 -141
72 -462
-491 -861
-818 -480
709 -455
-596 -596
-43 400
468 -826
-292 264
202 -234
807 758
-227 519
-398 -241
-102 -682
-14 -185
-554 666
367 -569
753 -445
261 -584
375 640
553 215
-457 -722
-486 461
672 -500
69 107
-478 -213
79 89
243 -615
-700 -437
-832 -561
292 520
-761 617
715 -596
-136 -82
-346 791
-446 711
-164 722
200 -270
455 327
862 393
-757 -690
-253 750
756 227
-137 313
665 -300
-416 -357
557 -26
-638 659
538 501
348 325
-647 -726
-562 -796
775 -786
-737 494
184 545
70 384
280 393
-186 -484
-129 135
-428 -732
26 -730
173 306
-603 173
70 727
225 -621
850 -322
305 -666
-244 -808
90 718
763 283
-411 440
403 -403
76 557
71 764
419 -201
-722 661
-153 -144
-116 511
-246 152
-720 678
367 49
-794 -10
-152 382
-17 -205
-224 -414
221 243
781 -728
-798 118
-751 70
-731 363
694 -88
-137 -515
-5 240
393 826
766 -232
104 448
293 464
-665 676
-265 -185
-416 -368
-278 440
-455 -590
428 444
114 -771
-463 416
-199 416
-724 601
-256 -316
611 95
12 -804
301 408
-339 472
567 672
-590 -107
685 373
487 496
-268 306
838 -308
-468 -643
-32 -198
-264 470
855 -243
55 667
-304 -163
566 -469
792 205
-320 -151
-468 203
-476 -119
-246 56
-76 -129
-437 215
429 464
-843 608
659 286
-524 -297
403 853
-646 135
-664 41
-219 -395
-107 -412
437 557
-1 267
137 525
-215 -318
-64 430
597 30
313 160
-462 447
-443 -377
-39 -696
-402 462
862 828
-5 -543
366 845
616 628
-856 238
-612 -653
-163 705
-849 -363
-318 -421
572 -553
107 569
-575 568
547 -529
-805 192
724 -661
-251 -509
465 -720
-410 709
-397 460
572 -163
634 796
33 -672
-764 88
467 756
-142 302
329 427
-389 386
102 394
-505 -72
-733 -752
445 218
545 403
-673 -451
-442 440
516 529
-858 25
152 95
768 -161
-671 168
680 -115
442 689
-556 765
472 -702
-475 112
479 -567
768 71
-785 -146
-269 858
-784 -74
399 537
-688 286
346 239
414 730
208 1
298 600
859 -563
-643 280
844 -243
-364 236
817 95
-18 -45
407 496
-644 247
491 495
846 -784
-41 609
-84 272
-325 608
491 -150
-2 394
455 -739
-304 476
613 216
534 0
-260 -770
-216 154
-183 233
132 -484
-603 204
-735 -629
178 538
568 -716
-388 -318
174 212
-116 595
-715 -591
396 -749
-10 -259
-61 81
-166 174
767 -296
-317 547
-784 544
-442 -393
841 230
-128 146
-225 -519
-342 -279
643 801
215 -834
336 -384
162 -421
268 285
-302 45
98 -13
-116 631
-790 300
181 -766
294 755
322 -264
209 176
-735 -781
-645 117
-2 785
506 -380
-375 -765
-748 690
-599 -261
724 -45
-116 172
-284 -763
183 650
141 587
-24 480
408 -192
503 -380
-355 -693
-101 -777
479 61
-244 -537
-4 469
421 171
-836 416
-539 634
99 -757
767 -11
657 -581
219 652
519 -164
616 -43
-279 -28
798 -254
140 47
135 706
134 462
-72 544
-118 -387
722 -223
-37 -340
775 -748
298 507
-520 -619
414 615
574 460
717 -15
-430 -447
-694 130
-225 -749
107 -245
-583 679
-43 -544
849 532
840 439
25 -83
-378 715
542 -4
-323 -133
-402 -477
483 190
-671 -129
675 -697
770 -225
775 -696
309 -789
1 -240
-212 -481
-620 -126
699 -858
674 425
-394 93
-91 -388
-229 -361
111 -224
-310 -4
576 587
-617 469
-152 -519
208 -764
651 -217
-443 537
523 49
-503 -751
-718 -39
412 -645
-289 580
-144 3
551 -127
-842 313
713 -598
-704 -488
-20 284
30 273
205 368
-321 647
-261 -570
-422 -30
49 191
255 314
424 -103
-850 583
-49 -389
-36 776
481 170
490 381
-33 537
783 502
-576 -694
-197 -256
-667 -588
-144 177
-117 -614
-586 362
22 230
-165 410
82 -823
509 649
335 551
710 -689
-66 -307
-36 -856
-252 -376
748 639
-21 384
729 -194
277 160
614 -810
26 -177
-214 -64
391 -38
797 288
-489 573
415 -386
-733 807
593 557
-585 24
-392 558
-652 -764
795 -297
-818 -293
-407 834
633 765
-678 725
517 -644
357 -627
68 -366
-115 -787
388 -597
-195 109
823 257
733 -359
-308 491
157 70
221 364
-693 -151
417 755
-153 -327
-356 838
-369 -201
284 -802
-115 100
-160 -298
130 852
-116 -19
-450 -589
502 -134
168 597
-600 27
-476 660
-263 -507
125 266
-349 575
414 198
255 -199
383 -57
-506 -280
-137 -22
-436 700
-652 -474
-220 -677
812 -840
821 297
-152 702
784 -360
-735 294
-339 775
-508 817
-355 244
587 314
246 -629
-712 -222
636 67
558 -297
-217 426
208 327
-388 -125
-16 631
-657 260
-702 -457
-636 -375
-153 -46
-180 -491
-619 -209
62 174
-514 413
-256 -469
162 -576
-291 -633
-69 -502
-530 128
586 -838
-29 398
-291 -55
85 404
701 -622
-21 -241
738 480
199 700
-276 -176
-709 -544
230 674
-54 -525
474 -80
-482 -565
-127 -860
845 -233
-486 -500
830 135
440 -418
-97 -148
-538 363
254 238
-664 478
-283 79
796 823
584 -189
191 318
-773 -45
572 539
491 68
-158 -351
-361 819
-537 173
17 -816
344 -247
-192 -283
680 -720
-728 -127
327 734
779 -253
-78 325
-244 -246
-361 -624
152 -695
87 661
663 738
355 504
749 -633
474 -836
571 382
347 251
-179 -626
504 143
710 409
-313 836
-59 312
-398 186
536 -554
-360 -59
-335 706
500 -743
91 356
-805 -766
495 836
686 -82
825 192
767 39
549 -395
610 -92
-172 -38
602 -771
571 -243
-541 557
-300 -669
-57 -811
-351 285
819 252
-634 155
360 -714
452 -686
-784 371
-522 75
-304 -281
-139 51
34 -368
193 819
-263 485
-672 -13
-346 375
247 -760
-273 756
-139 580
691 -31
654 -562
-38 341
-375 504
-288 -18
-553 -801
755 -596
-535 -269
795 831
654 -779
251 -317
184 -50
198 -93
-370 -510
837 1
377 -640
-187 781
568 106
-57 507
273 219
-823 -116
552 -397
-460 -735
681 -509
-251 -483
311 635
518 448
-455 821
356 519
-448 181
-568 32
444 180
-320 376
775 -157
233 -413
-638 315
560 68
-756 -716
302 600
540 700
770 317
175 -482
583 864
352 -607
-572 552
403 364
-475 631
559 473
541 406
317 -336
-552 -718
481 491
392 367
-552 449
-518 633
-54 -123
568 -781
383 -126
-363 854
-332 97
-759 205
748 260
512 219
-855 -457
124 578
-166 198
361 604
-443 -812
-549 273
-384 607
108 325
-312 -53
-837 608
-426 -162
-447 135
-493 458
112 607
342 -476
337 -805
-721 245
-732 464
100 -611
-632 524
-492 -671
806 641
191 -822
259 -180
-786 45
-632 -364
678 487
719 -434
-406 484
773 481
-757 13
-489 -275
613 36
-2 -203
-148 -108
-455 -657
-670 -165
604 68
333 -127
804 54
-800 -703
-153 -369
-192 88
286 -523
832 -766
-101 149
-77 -69
-370 -698
2 195
-598 365
609 -236
-81 -492
-272 -454
515 497
-644 -451
-854 22
237 -708
-293 -248
-469 -750
219 465
-298 837
-585 472
823 -843
203 669
27 535
-437 -72
-855 688
-858 -324
130 201
-301 221
-66 -30
-474 -428
294 217
309 -272
-71 105
-839 -91
-264 577
-820 -438
275 696
610 551
-332 336
326 -779
769 -259
264 831
308 -643
246 144
52 211
-532 -410
-570 302
-447 6
222 517
221 415
-819 -343
-713 110
-273 220
415 -156
-444 -214
-509 60
-692 359
-289 432
-151 98
773 50
685 313
167 422
-570 808
350 -173
-425 281
-821 -513
834 -138
-780 536
14 12
317 -817
-332 828
617 311
-125 373
-353 356
149 399
-689 -242
-434 -572
700 -500
230 830
617 -805
-740 441
383 -726
-845 -184
-574 -598
289 333
361 -707
739 -782
724 844
-598 -680
-235 -141
510 -252
490 784
510 19
651 710
-79 -283
-250 433
197 282
-680 -324
-233 758
282 -774
-601 -582
162 -354
422 -683
378 -325
372 -568
81 -212
674 615
-717 -263
803 726
523 253
-816 -824
-444 842
821 832
50 -371
87 348
-64 420
385 344
33 277
-123 -59
-679 570
-530 -824
379 -88
-159 -42
-511 281
326 195
357 -708
850 -227
780 634
-728 -777
-578 56
-454 -372
-525 -635
-1 -657
-150 -737
407 -406
-279 794
-224 -751
90 390
-703 -378
-423 612
458 416
688 857
-68 469
129 520
472 482
-780 858
173 832
-520 385
-136 -846
-656 -641
101 -733
163 -186
-607 694
-618 855
59 478
-405 -783
701 -735
-19 -223
-326 -401
568 -195
87 -142
224 -42
-240 760
826 516
-275 718
348 370
311 -263
-101 812
377 -504
-235 -45
406 -381
494 -239
387 228
-684 287
219 609
-511 -568
73 178
-507 489
-150 -183
690 121
-143 -354
69 788
296 -637
-319 -215
-354 267
-111 813
712 -744
-249 -565
530 -638
-620 -600
84 -100
823 -10
755 95
-248 279
160 -609
368 508
-575 -292
813 816
505 310
620 -264
-738 -806
-470 -82
-738 822
709 508
236 -322
-410 855
41 859
231 -65
-123 -767
8 -241
-167 306
-541 779
-559 373
-123 -637
-855 602
657 -778
261 186
217 410
-101 737
-370 848
-363 -434
-94 -42
577 163
657 786
359 -261
-346 838
611 -239
-148 -88
748 -460
-172 -20
5 -382
-837 167
-543 -9
-634 704
-452 645
139 646
778 -125
-773 -829
321 167
432 68
316 494
-150 -585
-489 -19
-533 -5
-33 851
848 -256
101 -641
603 -502
32 -836
576 481
-123 -371
-441 -217
347 -180
410 782
233 -603
-91 -119
728 -155
-137 -177
400 -307
-317 837
610 -69
353 127
-400 448
-179 624
410 674
-344 72
-359 613
-660 78
124 -130
266 -280
32 -810
-593 564
569 -514
-538 -662
-456 -138
-719 -358
-644 -465
-247 -679
-793 -506
456 596
664 172
-258 -850
-383 583
-782 837
436 -347
-136 -719
-525 -699
103 -115
457 -750
362 339
379 167
-412 -258
-550 -556
-62 301
-110 -787
-843 755
766 -360
237 -685
-56 73
463 89
-685 -520
-364 -352
701 176
-587 650
704 -188
684 -813
-205 -438
417 -384
-569 389
676 -49
812 681
-761 -79
-21 855
466 -418
-861 -405
-700 -827
-561 536
-802 598
-333 -828
-76 41
-773 218
-684 26
262 -519
-424 440
-199 -768
-696 -131
598 -839
7 213
220 -380
-839 156
10 558
-272 -41
725 -264
-244 -597
-567 596
-435 -313
-742 -248
497 -69
-612 -72
272 -68
-423 470
-430 132
19 -51
393 48
-119 96
501 -156
732 46
-79 -237
440 505
-647 -722
-226 805
-365 571
-43 408
492 -485
-690 -756
430 -830
686 834
-507 619
60 -378
664 -414
-71 -526
-801 -364
678 134
220 615
546 -125
659 -364
-293 -218
260 -386
571 -640
-811 -526
-448 -251
-278 -466
150 242
406 -648
-679 -576
-491 -138
13 380
-438 25
240 567
656 784
-656 -190
123 236
231 289
-155 -309
256 -556
-97 -209
105 846
-813 -667
-523 798
165 548
829 -177
568 829
-547 -621
139 -54
737 -39
-94 -767
-167 -127
-611 -165
-621 15
205 -56
-678 -539
743 759
-602 -332
-482 -797
56 172
-443 -802
-575 766
-44 399
360 395
-174 -339
-406 691
578 -648
58 -656
-344 425
67 -693
446 -586
-229 815
-303 -735
751 315
306 204
-769 -30
-189 515
325 710
626 -393
-753 7
378 -41
-654 -558
51 -818
287 544
-668 773
210 331
556 208
-469 733
400 10
499 270
608 -449
-642 20
323 -769
-336 -34
437 365
-187 327
768 -521
-626 842
766 546
-157 293
-313 -696
313 395
297 824
-336 -260
452 -310
-441 826
-800 -172
-484 475
460 225
255 -533
-674 -29
259 -771
-216 218
-658 250
-298 169
627 251
-309 310
-672 -307
-769 -774
299 -584
103 -22
-621 338
-211 -455
-258 -817
207 458
769 737
401 607
-307 479
-55 -537
313 -41
-499 -5
-241 833
-256 -50
314 -737
-370 -688
483 768
-53 -583
18 -633
332 -504
107 -748
-773 -598
-257 -453
162 761
130 -43
368 -512
-96 -84
748 231
750 720
-105 225
28 -187
587 384
666 525
52 -672
-523 -783
-395 -475
304 609
709 572
-835 -342
-101 -377
-689 -832
-328 -322
415 510
-206 178
-231 507
-624 -94
42 760
546 354
-367 447
752 406
-113 695
111 -747
-443 -478
-335 345
-270 -827
-813 530
351 840
138 840
605 -43
105 480
-165 219
283 -806
59 56
622 787
195 -571
-516 -173
813 -86
75 -448
393 681
82 -844
595 -719
544 49
19 293
-854 348
99 460
-791 -236
69 -417
379 -319
219 -107
-515 -97
725 76
-473 742
-829 182
-208 -630
-15 400
-327 622
376 630
823 450
-537 -282
699 355
-376 668
-844 -650
327 193
680 258
-232 786
224 362
762 -381
171 -224
748 150
-525 -514
-336 239
9 -325
-536 668
348 -842
-213 555
310 488
418 13
751 -656
116 -777
364 174
188 155
129 -757
484 -769
-7 653
-111 -321
496 236
275 339
20 822
372 146
218 576
-706 -94
359 -500
-10 834
785 248
-427 517
621 509
319 2
-164 762
564 -232
164 -480
222 -616
-606 446
-522 -448
-81 -556
-609 88
-587 73
532 313
-483 814
-637 -589
600 -218
306 -616
643 850
-241 661
-59 -588
-455 141
773 -62
-550 759
-574 -378
-52 245
-359 248
-566 -453
-317 741
806 256
741 -53
-689 18
-343 244
166 -860
120 -62
638 -836
-329 -659
-279 -273
