3000
211 49
324 71
-328 286
380 109
-3 320
318 -313
350 -87
-380 -212
-187 212
383 -262
164 140
323 -75
-119 45
-107 -191
-16 274
324 89
199 25
-73 225
204 -336
-350 359
-15 -45
340 -229
287 -242
-359 57
-405 342
251 114
-267 -373
342 -284
-75 331
192 -74
-378 117
-358 -356
26 -114
-369 -173
91 116
39 -95
229 133
-241 374
97 115
-170 336
102 293
33 -243
-153 166
298 344
-52 -29
-141 -236
142 -161
-321 224
176 -355
199 266
291 -29
-358 -122
384 -271
124 -373
190 297
309 -105
-251 15
-212 177
-365 193
-152 -149
372 245
334 -315
-226 -189
-275 -274
-154 -404
-100 -254
54 45
262 312
-216 1
10 72
242 253
24 338
162 -232
334 162
-56 266
-326 52
199 168
222 -119
191 -18
380 400
-289 -34
-101 -269
-100 389
363 273
391 16
16 -199
174 -31
199 -215
-356 -225
136 81
353 23
-306 -275
-146 -375
81 -312
295 -198
404 401
391 210
133 -55
-180 -209
402 -190
-151 -354
62 130
324 273
-56 -233
313 190
275 268
270 342
-115 -217
293 214
26 -56
-386 -8
255 -86
-185 89
349 139
179 367
295 204
-158 84
-366 -385
-223 -90
328 89
-179 218
241 -8
-31 -234
244 319
284 -115
174 242
-149 63
365 -345
99 225
179 334
364 36
-171 -144
315 302
151 -95
241 -345
350 -327
-249 -241
-154 192
-389 -200
192 290
-380 332
-336 339
-126 122
158 131
-11 213
-366 -300
300 -248
-174 193
236 -208
-24 205
352 148
240 81
-346 -65
269 210
-325 -255
279 -270
10 287
-329 378
-100 -94
197 -396
163 -388
366 13
358 329
-4 133
158 -136
237 314
243 -294
145 290
363 235
-10 -320
181 169
-81 -286
296 -137
345 -8
-301 -112
-306 144
333 -390
110 -382
305 357
304 156
5 250
202 -223
-379 -391
-179 26
-382 -346
18 8
-304 -108
-47 301
-181 -338
50 94
52 -49
318 359
-197 -182
396 257
-336 72
-163 311
294 -41
128 223
26 -336
47 -57
-30 -195
-291 -286
295 -13
264 59
-314 364
224 -324
-141 39
342 250
306 220
67 -396
118 277
-402 347
284 -69
345 170
109 123
232 -219
386 -405
-81 -129
-146 404
-308 -187
-156 82
-213 0
248 101
-299 -156
-401 -278
187 175
380 -329
110 106
385 -373
321 327
193 294
281 227
46 3
406 364
386 -304
-47 -151
60 339
-121 -287
-324 288
-123 117
198 -326
-300 -131
270 -332
-60 -212
181 131
376 -253
-362 -396
118 -351
-182 -57
261 -395
-32 -349
388 -180
205 -39
252 -171
116 -281
-353 -380
-313 114
394 -60
87 141
176 -267
-99 208
161 28
-111 -8
35 374
175 270
228 -299
-264 -58
140 35
-270 -37
72 -392
-70 -349
-196 -248
57 -4
401 212
20 207
390 392
-378 -305
313 203
-150 -300
271 -129
344 74
85 -226
329 33
260 191
106 83
287 360
-398 2
-79 -352
-323 52
-153 -59
-32 -49
310 289
-352 -91
-406 257
-288 252
-69 227
-240 -234
-49 200
54 -34
306 60
277 45
154 228
260 -121
-303 352
-240 -343
250 387
-289 -282
212 259
-334 -3
172 195
-308 -38
15 -380
184 -232
386 283
-250 -292
-152 -362
-54 -41
-181 59
-57 -242
-85 142
-222 127
371 271
-402 320
-135 -15
-266 -251
324 -216
-74 -101
110 294
-203 138
330 169
98 219
393 35
-205 81
131 271
-35 -226
244 -27
-12 333
134 -74
-222 -70
115 -246
-189 -265
-80 185
-356 -41
-89 146
-327 285
328 -52
-61 159
177 -240
332 113
140 332
164 -99
-171 -261
-101 -211
-324 50
-295 -381
-94 131
-117 325
-163 -11
-41 311
-387 178
25 333
-141 -180
-190 92
278 -356
363 -344
-36 62
272 325
-385 -397
20 -321
-27 -113
-148 290
-63 -315
269 0
-325 -99
-330 276
-154 -217
-280 153
-44 291
375 -208
22 -111
115 228
114 50
-168 -125
-199 281
-279 -33
-170 321
-365 293
67 -91
-327 -216
218 36
-376 387
-87 -396
54 272
163 348
399 -193
207 75
151 -6
-314 306
-142 91
-74 -372
-244 292
-206 71
-190 352
225 -103
245 294
139 11
111 83
121 -55
-164 137
148 138
-315 280
175 398
-189 212
-291 156
271 -47
-381 -215
-331 -178
-170 284
-210 15
221 163
-337 187
-118 341
154 -24
64 -389
-150 -38
25 -82
-389 -144
180 -238
-165 404
1 -382
-276 82
-215 -265
362 206
-301 125
88 -224
221 -193
212 -153
-374 -264
-31 -8
99 133
90 -81
136 -86
98 -84
298 71
-129 -30
-377 228
322 -301
-269 306
-78 -222
255 192
316 -89
-391 -41
94 -210
-288 108
-102 -110
-90 89
46 326
-202 384
260 198
-98 47
-91 -337
-122 192
332 127
-223 93
-44 57
126 173
-276 217
-137 255
-215 -90
-295 406
230 368
274 267
118 60
-34 -271
213 -112
105 57
195 -258
338 146
324 258
-190 21
248 -20
299 -217
-289 97
-359 -114
379 -111
-244 -188
83 210
-289 147
233 -119
390 -294
-267 -371
-128 -214
-384 347
168 -119
309 336
383 -130
178 93
-299 292
-395 133
377 52
-93 -386
-133 304
-369 -291
-135 -75
-396 -340
-32 -314
188 -351
-288 -59
-40 109
-276 -249
-10 -101
11 279
404 234
-249 -205
-379 -389
-379 329
-158 363
398 -275
166 132
334 -359
333 -44
202 -283
-343 -310
-209 -203
358 -188
-31 -353
88 226
381 207
339 104
221 -326
-307 -79
88 -136
3 379
-249 -157
19 -134
344 107
-17 347
385 259
188 -300
162 -6
47 -260
-277 111
190 287
-298 -371
40 336
331 -341
-295 -399
194 293
-186 88
-210 -294
-215 182
-284 199
344 229
-201 -237
278 130
304 384
405 -274
-247 49
200 199
-346 -278
4 -160
-383 16
-334 301
301 223
322 70
-333 319
-164 202
264 -132
-367 -206
98 308
217 -23
123 169
-49 276
-25 -161
14 -334
-393 -262
1 174
-48 -251
148 324
-120 144
296 209
-99 -246
-31 -299
127 -93
254 129
-94 249
54 -351
183 -62
-401 -266
-227 387
-286 167
187 8
-111 -406
-45 -286
-110 380
216 43
312 164
-264 305
-194 124
335 -125
-274 18
-243 -99
191 -139
-340 -177
45 164
36 179
-227 189
381 231
35 -100
389 -108
-378 -60
-93 -203
195 -242
129 386
280 -49
156 -53
358 -103
148 -77
-210 -19
-301 -222
-246 -4
261 -177
142 56
-396 79
139 -115
-336 182
28 -222
-30 329
-18 -334
-159 18
162 69
205 176
66 239
-307 -201
-314 -182
273 382
-134 -125
390 -214
-145 -280
-366 377
175 22
4 315
-85 142
-224 -185
324 -188
176 -161
-212 308
-376 -223
359 358
210 -78
189 124
-162 391
-387 220
153 -214
137 -184
305 2
402 97
234 46
-322 345
96 -242
397 -241
304 221
393 -348
362 338
-99 -173
361 -203
206 -378
206 103
301 -37
289 -105
147 -268
-233 277
73 -368
194 318
229 -21
374 -313
386 336
-403 -179
66 221
-144 105
-74 11
-200 160
-350 265
-185 338
116 329
-348 373
289 -75
65 211
154 29
-8 82
161 246
343 -142
-161 -91
305 -306
374 278
381 -89
30 -318
-311 -160
219 -329
-387 225
252 -299
219 60
27 115
363 -379
57 -251
-180 190
-312 183
-212 308
269 36
347 273
-15 205
63 347
390 403
-269 -289
120 -81
-131 -272
8 -183
89 149
184 -64
-43 270
65 -7
310 172
-124 -346
276 -229
-345 -332
-64 -95
-43 -133
169 181
-382 313
25 -88
-141 103
-236 69
277 14
-92 -153
-261 -317
170 336
222 -324
114 53
355 92
82 -104
-370 270
-164 242
90 -343
376 -266
-50 208
171 191
-75 297
2 -131
59 -359
-22 -131
-375 -290
-6 381
366 -394
-374 -146
64 125
113 133
106 313
-166 111
-227 -57
-236 -244
179 128
113 -401
-374 241
-320 10
-332 -246
-266 -231
-183 -2
146 60
-384 343
322 -93
-114 184
256 -354
82 269
293 -118
401 -369
-68 372
321 -291
-225 -119
-382 339
-404 -106
-359 274
-73 -239
79 -166
-353 305
-47 322
220 156
-401 290
-281 -370
194 390
321 -67
-242 -204
257 150
-372 173
-228 -392
371 -177
-272 397
170 -60
359 -117
-306 186
319 241
-194 174
98 -227
-252 -24
21 136
311 68
33 102
406 253
320 -264
69 -158
-290 120
21 -266
-106 81
-276 -67
-338 70
285 -236
-4 -100
-373 -164
-282 159
101 -59
-401 -157
93 194
-193 -186
289 226
-322 222
-161 155
79 -374
-286 319
200 -182
129 -368
395 329
378 365
308 -66
-333 -345
348 -184
-236 -99
242 -175
129 -42
-175 -66
-219 322
248 -251
127 -158
104 236
-382 232
-366 350
-50 -285
-318 211
-183 363
182 -14
-26 -179
-105 56
237 200
206 -218
-398 238
-301 255
382 -12
-302 -111
374 -404
-327 402
-321 308
-38 -133
-70 156
270 -406
-354 -380
332 -170
7 -37
174 3
-361 -299
115 69
-176 336
79 -77
96 338
292 -401
-280 352
-406 119
-95 371
214 -86
-81 -135
-2 -188
-263 329
371 210
-28 -157
-273 310
-219 -202
-141 241
-327 -198
-31 88
-193 108
294 345
-385 281
229 68
100 -366
224 320
-207 9
-28 340
-235 -401
-62 289
231 50
157 233
348 148
220 -348
304 83
74 309
-401 -12
-76 181
-302 98
238 -210
-380 292
-137 -305
406 -44
244 375
300 355
401 394
161 -190
129 -321
-398 44
305 276
216 202
-84 -223
-117 156
-376 290
365 -66
230 -369
-247 -5
-303 82
-402 -177
-14 23
-2 -196
240 323
282 -251
-127 307
-108 285
188 114
253 245
-154 -221
281 -379
56 166
80 -354
-339 99
-310 119
-225 -396
176 -288
198 383
-264 -349
57 344
25 -12
-309 -102
33 -43
5 -218
170 82
-96 250
225 212
314 292
-157 358
290 185
331 312
400 331
-218 -302
-60 219
-230 -194
360 -306
-183 189
118 -94
-202 -359
202 -206
-61 55
-167 319
153 -218
79 124
-188 -218
-51 -144
-354 302
401 -96
-111 324
-268 66
7 182
11 -94
25 -125
-16 207
217 188
342 192
-148 -344
179 -217
361 -17
-341 162
-327 131
-67 282
14 -321
-357 -308
-221 -215
265 250
-279 -18
402 259
-4 314
19 -141
151 -51
50 -19
-171 -203
-167 -135
-28 -330
-5 -271
332 -95
-205 193
54 405
-384 360
373 -173
150 152
-24 256
-195 -84
289 -244
71 -72
124 179
-113 223
-188 -92
-238 -331
211 -289
-25 303
-301 -16
-185 50
-117 -195
300 388
-281 292
-290 6
-99 -13
-231 -234
-193 -175
150 161
236 -49
303 -157
-236 -242
108 329
-327 330
-27 330
-51 316
-99 -99
393 -306
-264 -24
-298 263
-172 130
-50 392
-73 214
107 -13
198 54
-348 214
362 -168
-391 85
222 -372
406 -302
266 300
-233 375
-346 -139
-394 397
-371 -402
187 367
-402 320
-391 -92
205 125
-278 245
48 198
-3 -273
227 -183
91 241
108 170
-28 103
53 129
-59 -51
-325 -370
-296 72
-325 132
-400 62
-64 -311
128 -163
-108 -52
-273 -213
-287 -21
-320 -276
-398 272
398 -95
341 -266
328 -334
-12 -44
39 -283
-284 -340
-135 153
-210 -9
3 -348
-119 -68
-98 -383
-267 215
-102 299
37 95
184 -190
179 -132
-376 -375
-191 -352
-234 -311
-310 8
311 290
-295 -256
-335 -165
-315 -401
153 -265
-240 -90
-223 -10
-182 225
335 -230
267 145
185 -100
374 -87
-32 298
-269 -261
-27 235
394 227
-144 316
126 145
-165 99
-172 -52
-112 -243
-184 263
333 257
-238 90
13 318
-124 202
2 221
-69 -206
351 240
-338 316
-377 -287
392 166
194 268
-241 -270
273 -141
-72 -286
-192 347
-338 146
319 194
-29 -223
-252 -399
80 231
-331 -39
233 71
-27 -317
-1 261
268 -234
-404 -285
236 183
161 -255
-66 272
-146 35
-313 -278
-367 -149
246 -303
319 -24
-344 -186
-152 -320
-67 -4
327 247
272 319
-185 -140
-26 97
-25 -395
-202 -320
278 118
250 201
-137 -282
-12 -290
-195 349
-205 -308
-177 -194
-284 -202
-18 341
29 -56
272 -385
-181 77
145 237
301 390
2 -176
-20 35
319 190
-297 226
-223 -193
-179 12
-87 -62
396 268
-240 402
-374 -316
-20 56
276 45
309 353
300 -49
308 -279
-344 222
-323 162
-341 -144
302 -68
365 112
304 -185
213 33
-291 -248
330 -322
-42 223
-344 -371
-283 329
-280 375
-144 135
75 -130
-308 231
-6 -116
-104 117
-282 -114
158 -97
-246 93
311 134
-177 -150
72 376
-66 241
332 -101
217 29
-405 -334
158 -250
44 286
-50 121
-33 24
-283 333
-44 63
-91 257
261 402
93 -406
-360 -71
-38 217
-17 -245
330 -106
-16 346
-179 -273
-326 174
329 -386
-328 -92
273 -385
172 -363
-68 -13
296 -103
-208 210
-47 -9
129 192
3 5
275 317
355 -321
-273 -391
-335 253
230 8
-387 -199
-194 -180
-351 14
-237 117
-228 -206
157 -238
-202 238
103 -375
224 60
-362 -182
281 -244
210 253
-161 1
75 -142
33 -149
-182 -332
31 -127
-257 197
-275 369
36 326
-197 -336
60 -98
-51 -99
247 158
0 -346
-269 396
-185 239
364 -108
70 -207
78 186
325 -184
141 -44
65 -193
376 -131
-284 -234
247 146
-363 16
168 105
400 143
24 225
334 402
11 377
-241 -374
-240 -146
54 -266
-393 266
-337 -363
319 -399
136 61
-56 78
22 229
-364 247
347 132
398 -114
240 -17
-149 -74
239 -169
50 220
-171 290
-333 318
151 -28
-93 -238
165 -349
-101 -54
48 384
121 50
126 -242
80 -201
-15 -52
-7 -203
-233 88
-160 130
111 249
-152 -62
348 399
-292 -310
-84 281
-232 -335
318 92
-370 187
-77 -368
255 274
284 -327
398 -22
312 181
-174 -36
347 318
-178 -283
370 -177
-368 138
332 323
-155 360
-312 402
318 164
-405 90
51 192
117 -11
0 -387
157 -162
-405 265
163 191
-381 50
-275 -86
174 232
280 -296
37 -152
-173 -384
-303 -392
-230 319
255 -329
-325 169
113 168
184 90
339 -152
-27 -390
384 -25
28 -378
209 105
368 221
330 77
-357 -368
0 -116
-20 222
-243 119
272 -93
-44 202
-88 -261
-211 346
-125 -321
-321 238
-86 -54
-282 -51
-316 -361
313 -4
-295 -305
-340 -60
-298 -360
57 -96
298 328
100 112
2 -258
-322 -57
-107 369
367 204
254 85
111 385
198 -241
-336 313
55 374
59 -177
-276 85
159 34
-18 -148
44 180
-21 -38
255 -87
-315 -187
289 -22
320 -255
-299 68
-370 -7
211 287
16 333
-71 -312
222 -148
-261 353
-64 193
-269 -41
52 362
-250 -324
-155 259
230 338
-75 207
-204 -18
-166 24
-222 204
310 176
-192 74
89 -308
72 380
397 -231
50 -177
-48 127
36 207
-332 -235
-335 -186
378 -11
-383 40
-13 351
145 -223
325 284
-19 -385
27 364
372 -148
-304 -339
40 162
-219 66
158 350
-217 -171
304 111
-330 -364
-275 306
123 233
116 -299
182 65
130 -287
-102 -283
138 -345
-131 40
151 -24
328 348
231 -62
302 -48
-401 -187
-374 -212
21 -35
377 -78
-388 208
264 298
292 -96
-186 383
25 311
334 282
334 256
375 -268
138 -208
239 178
272 121
-354 86
-358 -66
288 -392
-228 -91
256 -269
-29 291
300 -2
-396 91
246 263
401 152
-144 -381
-61 -320
332 -95
-351 -184
-316 -312
24 202
398 300
270 -178
-88 -14
-338 -277
128 -247
-242 -12
-337 -246
-133 213
37 132
-112 131
-20 319
-188 -267
380 17
127 282
222 -196
-219 296
267 190
-372 192
226 90
362 202
-406 76
-318 -112
-150 -336
-351 125
-320 -393
-125 402
-380 38
311 -212
308 287
-205 187
82 -334
-149 22
-274 147
239 206
375 -329
-305 384
71 -186
-84 110
-177 -357
406 234
-287 -218
45 -288
191 239
134 326
20 -173
189 262
-68 -10
310 246
-332 -378
-132 268
204 -272
-170 18
-127 -7
-393 -336
-193 160
273 -374
-42 -392
-53 -292
329 328
129 88
-127 -330
347 202
307 -379
-272 214
-8 -177
222 286
-95 28
83 -312
-33 216
392 61
149 -181
-334 84
195 254
-395 241
295 -63
-337 239
391 207
62 125
190 -325
-241 398
-22 316
-358 68
-74 51
-326 309
157 297
-148 -148
-211 -289
319 -122
-59 146
161 -18
-332 168
394 326
360 -300
209 -291
171 54
-153 -12
243 53
-28 -98
331 -271
12 -206
-158 -370
29 -23
-373 143
275 168
286 -64
209 -271
-405 -180
-91 211
-82 -350
-392 -137
-67 49
-343 -216
-7 32
26 -61
99 -141
-164 397
83 259
192 293
225 -171
120 64
387 15
225 -194
114 175
252 56
-247 181
274 273
389 -149
2 -351
-94 -350
220 -249
349 -51
318 -353
-384 -45
267 -394
262 -274
46 -187
83 170
-406 -71
332 370
-180 -387
-326 -80
16 -268
-6 224
358 45
-163 -189
227 -290
266 313
-5 171
-112 -221
230 197
281 -247
-294 205
-83 140
-394 -275
103 -387
-100 38
-117 115
323 -93
174 -9
149 115
115 371
69 179
199 353
-92 267
-369 -112
-237 -142
294 146
-299 203
50 -45
372 -226
321 84
336 47
159 -396
-100 -388
-198 131
-352 -178
101 285
95 86
311 -364
372 26
-370 -86
282 29
-84 -406
-392 360
167 -187
35 -260
4 -236
181 298
274 271
-85 402
-52 259
318 339
-68 216
75 -348
226 370
-108 -179
-386 -321
245 64
-91 -187
-237 -235
-266 376
101 340
375 165
148 395
-293 -61
-158 158
94 402
-20 -182
-313 111
-129 141
-4 -182
21 58
122 -63
-257 379
-243 -103
367 -255
-28 81
57 380
-212 257
378 -182
-274 394
-81 265
163 -287
115 74
35 -172
365 375
352 381
166 199
263 -30
319 -317
-182 42
395 -212
-400 -47
220 145
-286 -389
-158 330
375 391
27 -357
-57 242
-403 368
60 245
-307 -230
-269 -68
-343 -242
27 393
-317 356
-4 320
-1 -169
355 -185
142 -300
203 -401
159 -203
84 -175
156 -390
25 155
-148 384
-179 347
150 -391
18 153
380 -353
-53 -183
20 -212
229 305
-233 -39
164 217
-53 43
-25 68
-69 3
-236 335
231 -176
205 318
335 316
-322 -313
155 -301
33 -79
-376 -114
-36 -185
-335 -294
176 -80
8 55
-153 -93
242 299
125 -300
55 93
-309 0
-43 -233
134 -249
305 394
290 -109
-98 -400
-68 -140
-404 250
102 -250
65 -95
-94 239
378 16
-91 -88
-321 -263
-285 -213
292 -111
-252 247
229 -144
-192 132
294 276
37 -68
-136 -206
102 -324
-113 -192
-141 396
-390 135
200 309
-314 -62
-117 73
-221 128
82 -163
398 -205
-81 103
182 -124
-246 -324
254 -328
-234 192
221 -376
-94 388
201 -24
143 359
67 58
-221 348
37 -19
286 248
18 -254
225 258
-343 -5
-75 -31
-60 -196
184 -216
93 -357
341 -352
144 129
42 317
345 350
-299 145
-289 193
39 327
11 164
-119 130
2 -247
262 -374
-317 -399
3 -268
-271 -252
334 104
-184 -142
-216 304
-381 -176
188 -32
-8 -232
343 403
60 47
209 -137
-100 197
-362 328
-34 278
27 334
-77 -216
-236 -344
320 80
10 -221
-227 -234
-352 -305
398 -59
-73 -74
10 -172
400 -382
256 162
-234 256
-188 143
32 365
66 -402
-194 -354
176 -123
242 243
311 201
348 17
194 370
-80 403
296 0
190 328
-174 -352
-331 -49
16 199
54 206
-14 -215
-250 363
-229 -305
355 182
-200 -345
-386 75
20 -404
-365 185
-316 233
-173 -239
290 246
-339 -216
-148 -86
150 177
161 -33
-5 -88
157 148
362 -28
-199 361
-389 195
345 184
85 -146
-131 -15
364 -67
-318 377
19 51
400 272
158 -405
-376 -126
-115 23
234 -88
26 -320
397 394
18 -385
262 -343
-94 -288
-155 221
-245 133
-233 237
135 284
150 -150
314 286
-337 -135
-85 -126
-304 -283
-2 -105
49 -335
44 164
34 -142
275 270
346 -222
330 39
291 -306
352 -133
371 -385
-343 -303
3 -147
-179 -296
-369 -370
301 -94
-14 -272
-196 -112
-45 -297
-114 274
-242 -206
-400 196
-79 324
-247 99
93 292
-48 354
80 214
-390 247
162 -334
-157 -6
153 -167
-285 -172
-78 264
56 -285
137 -214
-163 146
248 161
-269 -199
80 365
-280 369
369 292
-384 340
-250 245
-171 -259
-370 -399
298 210
220 -311
341 -180
238 -191
48 -44
-44 -327
97 311
-233 23
294 -289
232 -25
36 -403
-27 141
-191 240
47 -396
120 -273
-273 -348
145 177
384 395
-271 -373
-248 -206
15 241
-109 127
-223 313
-250 238
-2 -12
223 -175
153 -21
-208 170
-157 295
-375 -139
203 89
206 289
-302 -238
73 -180
112 225
46 253
-263 290
-60 174
-335 -128
-258 319
69 23
73 383
85 -217
249 -362
23 363
-169 -370
167 268
109 340
284 356
-375 376
267 -20
8 286
244 -233
-185 93
-281 221
269 101
-367 -8
32 93
-41 -214
121 -68
324 139
329 -284
375 -245
110 181
-156 214
-69 -71
83 2
-20 19
-220 91
-173 -215
320 -47
181 389
331 -20
341 -336
240 77
169 -178
-269 -107
98 317
250 239
-170 -175
-134 282
47 -289
-65 188
-236 383
-380 -307
304 -402
-184 46
-201 -51
-289 -314
-37 358
-376 -43
-108 -315
397 79
-150 -374
7 294
60 359
62 390
-214 -18
253 -262
121 -13
-19 -141
-251 -39
-365 -245
-321 -229
267 271
200 111
92 67
-189 379
285 398
301 -391
-192 -239
279 42
46 -327
143 186
295 -263
249 216
-208 267
-157 -106
71 -265
-95 267
-209 -124
286 -328
210 213
-28 -220
-117 349
-327 96
-169 -79
343 15
233 39
-406 -390
-222 308
-266 -363
125 -253
210 335
-160 396
192 -122
369 223
-243 -182
307 226
161 72
-241 121
380 -32
-139 -374
87 27
144 -197
81 -313
298 -267
-284 106
14 400
-32 -317
-291 41
28 46
-336 151
93 -189
208 360
225 14
93 282
-184 388
-184 -256
-171 287
163 -38
95 -335
-154 -228
-227 -249
-148 263
111 -306
-28 -401
-198 -375
-127 297
301 -63
-185 -85
-69 -246
295 288
-386 14
109 377
90 -247
201 -180
227 -400
209 -49
14 -67
179 -333
46 247
226 225
79 379
275 -319
390 -157
-195 271
-21 371
288 152
-122 -260
338 235
-50 374
-294 -116
-216 43
-349 243
360 140
154 285
16 -255
-111 -46
-60 146
43 -136
152 54
-16 -352
-137 109
-74 296
-131 -101
-57 238
-24 -183
196 -27
93 363
350 185
-80 -290
-361 -97
-207 -390
-191 -284
23 75
344 348
-392 -46
344 -151
-341 61
67 -233
-78 79
18 -10
135 -185
98 -205
-130 -145
400 307
205 -173
-90 373
172 -326
-185 -214
-228 -221
-360 -226
-70 151
-380 -2
-286 -125
-74 357
-104 -300
26 218
319 -12
-239 -215
-383 -400
-98 -19
167 92
-324 -264
402 113
-207 384
-210 313
-28 138
270 8
211 389
-205 -268
-353 389
-176 324
-100 250
330 217
244 174
283 284
-89 -292
177 309
390 138
34 -187
211 285
337 253
176 -346
275 -108
-373 104
-129 1
375 174
-368 160
-360 -69
206 -127
318 154
-184 -54
-287 -340
29 -380
-49 -330
-18 48
-21 392
325 100
-217 23
36 366
-249 -88
283 -235
213 398
-171 156
-172 155
168 -342
-155 -158
-89 49
362 132
40 -205
-239 324
-218 -43
184 105
-339 110
-3 -258
-30 -395
-44 173
44 249
-302 -355
199 -226
-112 -150
84 -179
-84 58
90 -380
-359 51
68 -64
93 358
-102 -144
46 -123
-160 101
-259 -295
-171 352
398 46
-351 -189
144 63
301 -306
-60 -272
353 -316
244 250
-237 -357
357 -265
242 -192
-292 265
168 179
-125 385
-259 90
-229 -356
-325 -188
-41 223
235 98
-259 133
311 -406
154 212
-290 -282
333 -130
-79 89
-109 21
265 -54
291 -111
283 -141
-248 15
-91 -188
-176 -134
404 -345
80 -177
0 260
-93 -276
11 159
132 -151
289 374
70 321
114 -200
247 -59
-134 398
12 -276
140 -129
249 -84
356 -191
-406 -233
369 -223
378 -266
162 302
280 377
171 246
-76 354
-60 -349
121 -135
-232 304
-334 273
250 -268
-211 -63
-289 -135
342 233
-78 9
393 266
-329 370
-325 -286
-300 -24
-169 3
-298 74
14 107
266 -147
140 248
-152 -114
-120 48
-38 -249
-186 -242
-236 -127
283 322
287 371
-87 76
12 -290
-288 -103
-23 219
-56 -289
248 222
-292 -355
33 -4
165 106
395 289
42 -187
-293 -88
5 -38
-259 324
361 302
-68 400
-386 -34
-89 177
277 55
-386 381
368 163
132 144
-250 -168
-5 166
-153 -240
191 -389
-54 -195
205 294
74 -312
219 -201
-320 259
-100 -250
-389 57
-280 137
-292 -320
-299 349
-97 -7
-282 47
104 -172
331 -348
57 181
356 -63
23 242
228 278
337 191
354 -187
73 -356
153 214
-241 55
-191 89
224 48
25 -230
-300 258
-47 348
338 21
59 297
113 -44
-12 -297
291 32
-222 341
118 315
-35 245
-280 342
-73 -210
-57 325
93 117
98 -47
260 -103
89 126
-366 -233
203 110
131 -51
-243 302
290 -86
-99 29
-375 -198
392 -37
-376 -66
31 -403
-180 -249
401 297
-112 -19
3 167
374 242
348 65
176 -293
229 -27
-125 -160
247 -289
329 41
37 -171
-352 -370
108 -330
-305 121
-373 360
401 -280
-229 315
236 -223
103 199
318 -355
-45 -391
230 -301
-22 -105
-36 -379
355 -339
230 -358
-4 258
-39 392
-388 -348
-276 41
-273 282
-138 236
4 -4
-179 397
-65 -60
66 -23
-382 342
12 36
73 -138
-283 148
-62 31
149 -328
-191 -120
353 -177
-66 -184
51 161
-136 138
396 225
68 -121
-222 -403
-232 122
-326 328
133 375
104 -53
-249 -181
-132 -140
-282 -188
88 74
-216 209
-176 75
315 314
256 -395
-259 262
42 -233
-317 -332
-356 -35
36 -135
169 94
197 -33
-118 21
73 227
-264 284
-391 287
128 239
-16 230
52 -359
-183 389
-329 -322
-287 240
-178 131
-112 318
-231 89
64 179
156 -196
-295 267
-52 343
-347 -72
-204 264
324 254
-279 -194
-267 343
-233 161
86 -77
348 347
-177 -321
103 319
317 291
153 278
136 333
-329 -392
276 -198
-63 -294
-393 68
-215 -203
123 220
319 58
-260 -309
-361 -404
-388 371
-34 -249
-399 -11
-189 -92
135 -203
140 -376
-312 177
-243 62
-347 77
-62 -115
390 58
-396 71
-214 -380
152 46
-226 396
-383 137
-220 85
-205 311
-343 -98
151 28
388 19
-193 141
-5 132
265 5
-86 -90
295 339
110 396
148 358
-271 -89
311 63
183 201
-119 44
-21 84
-241 312
62 -194
115 -182
-300 73
110 292
121 -190
-134 155
204 348
-188 -241
-54 217
-385 -286
391 42
139 -165
-322 -75
8 -42
-356 -87
20 58
28 82
86 -117
400 94
-320 139
-264 159
0 292
349 89
390 -84
-98 228
229 250
-213 -245
-381 -242
315 372
-123 69
139 274
-16 238
-174 273
-253 333
121 -49
372 -374
58 -149
213 44
-353 -118
75 -63
-127 -343
39 18
198 -192
402 36
289 -175
345 53
175 151
-157 -87
-63 219
5 64
-11 258
42 38
373 -343
349 -226
283 -394
-149 -302
400 126
-155 387
-406 353
-41 -6
-84 183
-114 -394
344 211
107 -278
81 329
-102 357
-151 -16
321 204
75 -312
85 -52
-188 108
294 165
-205 -382
156 -301
-264 157
-372 348
80 24
181 371
31 52
-384 227
40 -334
-388 -193
230 -376
16 -378
344 -83
-385 -225
149 170
368 401
-107 -264
276 -373
405 207
197 -277
219 297
-214 342
-39 180
-15 -282
-54 324
112 -240
133 156
-250 -254
139 57
-49 -367
332 -319
-107 303
127 362
-393 252
-247 297
74 -202
-112 105
-66 -103
-114 278
-164 323
249 29
341 -400
12 -16
-218 -244
-307 -289
77 316
189 -103
-330 -230
-250 -205
-296 -31
18 240
-240 -163
-36 82
109 130
109 238
-60 80
-398 126
228 121
9 -374
147 152
132 332
-349 132
298 394
-144 173
154 -304
94 -301
-205 -346
-248 -153
106 253
-255 246
29 -300
-244 306
164 -227
211 -177
-189 -240
146 284
-307 -360
15 -358
-324 -142
291 396
-178 227
199 -250
365 -291
-239 178
314 -216
177 149
-378 -145
101 311
74 -179
209 112
-405 -227
-269 -212
127 367
-380 340
250 -172
368 -23
-390 -405
-401 171
107 -293
-337 -230
149 -235
-40 -11
-181 -155
136 -231
254 51
87 -141
342 73
105 50
-45 -404
287 329
360 -7
140 -105
262 118
-176 -2
148 -83
66 -57
-325 -326
117 200
207 -159
155 58
-64 337
378 302
271 -213
-221 85
339 -342
-179 -47
-318 353
392 394
92 -399
-58 25
-210 -340
288 -327
107 -132
307 -221
333 -337
154 -401
91 279
-308 387
151 6
-77 153
167 -132
-144 -132
244 380
292 -384
-66 48
-301 47
-327 33
185 -94
-85 360
-34 107
-189 121
148 272
216 -161
-212 0
-69 -187
-15 -299
-225 71
303 -29
-154 319
349 236
380 -280
-225 45
255 -176
-42 183
301 354
-357 -312
74 -114
402 -208
-146 67
106 -102
120 -343
-12 222
211 -187
-82 274
116 -334
-58 99
-141 351
-315 -248
-181 158
-336 -180
-355 -343
227 -359
374 36
-88 364
-358 -283
191 -131
324 -222
-321 58
-235 -109
57 -377
-39 369
-88 193
207 304
269 -371
-29 207
-280 -59
-405 371
-309 190
58 -247
272 116
115 -327
279 -250
-73 -43
68 -184
26 -381
162 -365
-397 -334
298 283
75 -210
169 394
368 323
-45 305
-295 -195
-84 -401
306 -145
-129 -312
-52 -400
186 72
14 19
-399 396
336 -118
17 -212
-317 -169
-205 92
-274 1
-177 51
24 -247
326 -242
-170 341
-95 62
-306 -90
400 126
-404 58
263 194
23 -293
-117 -22
-265 -51
-98 -306
-196 63
-216 -53
-320 81
-307 297
203 131
10 12
-146 -49
-119 -65
42 100
-32 319
307 7
-82 120
272 -46
-136 147
-244 9
290 87
-127 351
-219 203
28 -131
-94 89
-322 222
272 275
405 390
-96 -22
-338 95
208 -340
-245 98
-91 61
-119 -214
221 75
234 46
175 -237
69 -10
200 -24
342 -154
-9 -25
-146 194
345 106
-50 360
-47 -297
-30 -272
-165 -94
365 -194
-63 -387
-343 325
269 -242
-390 -17
223 -213
-379 13
355 -292
-402 14
-229 -145
-93 139
-64 261
183 -166
199 76
-324 -224
177 -5
-59 204
-1 -374
223 -56
-65 91
-345 61
328 146
314 -114
299 91
14 201
-120 -144
-331 321
347 -25
226 98
159 -12
50 84
232 -344
198 79
54 -360
-258 -236
54 -354
-372 205
114 172
-306 -348
-80 373
-284 50
-230 78
337 -268
-379 -359
-43 -92
390 217
215 386
213 -127
354 196
363 206
-279 -82
155 -339
-178 -358
-290 40
-174 404
-320 -240
-59 5
-271 217
-242 294
134 -403
261 -216
