3000
193 -213
-238 -127
291 -344
415 -44
283 -85
-292 289
176 -40
56 -345
-141 204
-15 63
-113 442
145 -136
413 444
-341 28
-219 457
-327 166
425 -374
-102 -50
84 -141
-288 -409
-252 217
301 320
225 308
-119 -11
-346 -363
107 -318
-245 128
237 -307
-137 -225
150 -378
362 454
-432 226
325 154
-448 -414
338 21
251 233
295 450
-151 -137
-70 -303
343 81
-422 31
-209 133
151 -436
-100 -246
449 45
421 112
-139 -389
180 -60
399 279
-335 -256
77 50
-58 131
322 -30
115 79
74 310
418 448
247 142
166 -421
-147 -30
-348 34
459 212
-272 49
424 450
414 110
-85 304
391 -185
-279 -270
407 126
25 -432
13 265
132 -361
73 439
-15 252
-69 398
342 -306
-249 227
-314 371
204 -193
-461 146
215 -10
45 355
-440 120
409 -83
285 202
309 -313
-349 218
-378 -87
303 -438
-306 -354
318 -428
456 -182
-441 215
178 339
410 373
402 -129
-128 64
55 -151
-92 174
53 250
-2 -386
-96 247
381 -73
-435 -144
328 -235
-421 63
-243 289
-459 99
153 -436
-114 439
-86 397
216 36
-449 -285
-397 -438
233 452
33 -15
-311 200
-277 -453
424 -55
-417 -414
393 117
322 -150
-89 -6
238 -110
105 219
-91 113
156 -294
-243 254
-66 -397
268 -72
463 406
132 109
-257 -417
-205 -80
-284 236
-109 20
-188 98
51 -414
40 -216
378 -201
-21 -152
244 -335
-308 111
81 348
144 -323
-71 -319
-431 314
42 433
224 426
84 205
-104 458
280 24
-253 -326
-240 366
-390 -15
-258 -204
-165 308
268 -333
-375 -357
-98 343
-446 435
299 -349
-373 -410
416 29
389 -66
297 166
23 39
-386 -164
-208 97
-355 -24
-83 -347
196 -144
197 361
107 -62
136 -104
-220 247
13 -21
-265 400
-78 -12
-194 -337
-367 -314
461 -383
262 -23
211 -213
181 -45
-49 -303
310 -27
376 -44
295 8
427 125
37 237
399 396
456 120
-234 406
162 -449
-168 457
90 149
39 242
-451 88
-85 131
-336 -6
-302 234
-368 270
344 -77
-8 16
-167 357
-162 310
320 -50
-132 -370
-265 294
245 -437
-303 -64
109 131
132 -235
70 233
18 11
418 -143
-262 327
76 -317
290 61
78 -394
117 -234
398 126
-343 329
356 96
-211 117
-326 177
-312 -133
-328 -410
42 365
295 58
418 -327
258 136
362 107
168 -387
350 371
227 442
388 241
434 -418
-15 -41
3 405
-61 -55
87 158
-296 413
141 50
213 302
-402 465
14 -427
-400 291
-54 -377
-423 -268
47 109
412 124
108 317
-145 -431
277 254
250 -54
334 -362
-68 -175
-440 -212
-370 206
-188 115
300 209
104 -124
1 293
-133 -409
456 401
-450 -177
-336 -395
-287 -386
-15 -293
-209 -266
29 71
295 -370
-65 -217
448 213
385 -187
-253 78
-338 401
320 410
141 -228
-43 -424
173 -200
-461 -95
245 269
218 153
-424 84
-329 -240
322 49
-290 -151
-237 326
-213 422
82 -76
6 -361
6 369
-82 414
-410 -204
-457 19
69 -119
-90 -88
134 -398
-231 78
-444 170
-205 -281
-82 -303
-371 309
350 40
48 -383
328 349
234 -176
-136 -217
-407 -55
-199 -305
-109 339
-73 -90
-386 155
-190 180
112 47
-157 -401
8 -60
108 -365
184 225
-127 -223
-195 86
-318 -93
441 -138
237 450
-261 -238
407 -38
403 -159
-434 -349
-9 400
289 -379
3 -122
-165 -51
453 -251
461 442
114 274
-170 -256
-317 226
381 -437
-88 112
-185 147
-452 292
71 306
-292 -273
-194 6
139 158
-409 -188
108 -343
-363 -246
-128 148
-173 33
246 92
-102 284
328 -77
-261 -360
-253 21
73 -245
61 -42
260 450
-215 367
-8 147
-259 -4
385 -259
-100 -300
-455 41
-144 248
-460 183
-411 239
306 32
-424 -86
243 295
-13 207
342 -33
285 304
-448 -152
-100 162
71 -125
-293 -173
-96 -393
-48 -123
415 342
377 -28
-327 316
170 -227
-266 -222
-185 -213
-54 -305
109 8
-403 71
164 407
231 -387
-340 -370
276 288
-8 -416
-17 -414
-266 -123
388 -337
67 -25
358 166
-140 -443
350 62
-251 331
279 102
-101 -245
321 267
-217 -214
-8 -266
-446 243
-97 -237
271 -42
124 250
-326 147
99 -348
382 -285
97 224
-243 140
-187 -89
-286 367
-290 330
245 373
-423 375
398 -42
93 -443
91 49
185 180
-250 -305
47 263
332 161
-71 379
313 -413
-160 -286
-108 -228
-373 -118
-8 -60
-278 99
-118 -287
137 260
-380 367
-61 -148
-266 44
93 351
446 -184
128 -325
338 -289
-182 361
255 -371
177 -251
172 -234
-310 -212
-429 403
-250 -27
148 -96
-393 -235
354 130
-158 -299
-236 -452
7 -17
-368 11
312 276
307 -278
264 -124
-245 -398
-30 409
-432 -203
-115 14
348 -239
21 -227
-154 -69
-169 -332
37 -420
9 294
-160 186
-62 -245
-235 197
300 -338
27 -94
415 405
425 127
86 196
95 229
-251 -68
-151 227
401 -40
-30 -106
-345 -62
-332 -151
-339 32
-356 42
-371 -169
-183 453
-201 100
324 423
-193 -126
-10 445
-25 -288
167 288
-129 -381
322 28
304 -194
291 406
-237 -265
-306 167
-173 56
-103 457
84 -143
-359 -83
279 -386
336 -329
42 9
-386 -418
-156 -64
-81 -406
335 -161
-323 -153
310 393
-323 305
-97 457
415 153
-409 359
97 423
-85 290
-133 -462
-447 1
279 -463
311 -368
215 -120
-110 -312
-206 -26
-166 -43
395 347
-421 -372
42 -308
352 15
143 -442
-159 -193
-343 134
407 458
445 -141
-370 -192
-378 -459
-23 -38
185 -189
420 176
194 398
393 28
-385 204
11 321
-38 360
-228 352
-201 26
-456 -269
-433 441
85 -87
-367 392
-197 289
-60 254
418 21
54 59
402 -197
375 -195
-227 -448
-125 126
-247 -205
-152 -288
324 312
332 53
237 -126
330 -149
-306 239
124 -264
-22 -439
266 155
195 -7
400 194
347 -327
-26 447
162 -400
433 -125
-265 -92
88 -412
286 -42
-109 388
-193 464
194 261
-84 -25
-263 -149
415 347
-194 63
-68 265
-25 182
-151 67
352 385
-270 -378
-118 -272
-384 150
-381 -109
-41 153
-290 54
-364 56
-362 428
356 -46
36 -156
-447 -450
57 -258
-77 217
-11 -399
-382 -265
-148 -288
142 420
246 54
-415 -317
-268 106
461 330
265 -291
222 48
180 -307
76 333
-99 -102
22 356
-65 63
-276 -19
456 438
-188 451
-130 421
62 220
-7 -39
329 281
-166 -268
4 -37
450 -241
-139 132
-40 -24
-323 45
-376 -101
33 244
-379 23
335 177
-145 -395
241 -80
-236 -279
-49 -416
-87 -103
-14 122
448 383
-267 35
446 -188
-236 -225
-143 213
-276 -444
144 -443
462 270
-235 -84
-233 251
-175 -141
-77 90
-285 -149
34 -20
90 168
-322 -343
-227 -377
-77 -339
151 -276
-75 214
-72 75
9 -320
443 -33
-341 338
268 -252
-425 442
141 -59
-323 -26
-221 -60
-185 392
10 -153
-281 -78
220 -10
-346 -225
-109 -159
375 379
16 24
82 95
258 -133
-47 285
-211 -25
-199 463
-282 -121
-47 428
200 47
-371 -191
275 -88
354 56
-208 -203
210 -439
-353 212
-237 -104
-113 346
183 273
-39 -34
416 -264
136 109
215 -312
-11 83
-167 401
-234 228
-85 106
-229 159
-349 130
349 205
127 110
383 36
-191 -410
-242 -410
-164 -124
74 377
-337 143
-217 464
54 304
243 380
314 -72
215 372
327 448
-453 -205
218 -106
-278 -112
-449 61
-189 411
-32 -251
-419 -291
-103 -285
133 43
-233 -99
-456 -136
-215 74
208 63
-441 -362
400 -93
-255 -66
-309 -93
395 -439
64 277
18 -112
-455 302
445 -226
-238 147
191 258
422 -373
-331 306
-108 44
265 60
-203 -360
40 114
-379 461
182 295
-388 139
-90 435
158 131
250 -191
283 -85
-391 308
149 318
-328 -338
-394 -414
259 -453
-71 -288
-231 -341
132 -25
34 211
90 109
86 403
422 371
-369 29
-153 -166
-156 107
20 -397
216 -45
-206 -355
-438 -242
213 -86
-374 -430
265 -86
405 86
359 400
-407 11
104 -429
241 -234
-228 213
-359 281
-235 -233
-357 -61
-339 -299
177 118
12 -437
-238 -283
-55 -159
-344 363
101 -289
-249 -404
-373 456
-160 -337
316 265
-105 -207
-264 -331
57 -97
317 -80
-241 -340
-339 -99
59 -165
69 -133
373 -65
-78 55
-241 12
288 88
303 -46
237 -51
373 167
445 400
-325 373
-191 -459
10 -442
454 159
76 425
-293 -394
291 33
377 -354
-218 171
245 135
-332 128
339 374
-443 -447
-434 -50
-430 2
-21 236
-124 286
61 362
139 98
347 -301
218 236
95 -95
201 -70
127 9
-75 46
424 -238
-447 -320
-405 42
-186 -97
-135 -351
238 -451
-207 220
336 -225
-309 -19
-57 46
28 355
-298 -339
-318 -92
-306 278
400 455
-299 -96
236 169
316 131
-153 195
309 -180
-55 -372
-241 -278
-188 -293
-311 -383
421 -244
204 -443
-432 290
12 149
-132 53
-325 112
-142 25
312 187
122 460
-369 387
-198 -359
257 -22
294 -438
-406 60
-278 -379
-27 -50
212 -415
362 -107
215 200
228 188
-110 228
-347 -352
-147 -214
455 -257
427 231
-173 99
-32 -85
158 -94
-401 207
-207 -203
390 372
266 -308
351 192
-185 -409
48 -284
-157 170
-153 147
54 10
33 449
-113 -273
408 298
336 -152
-436 -318
-342 -328
-159 -242
413 -235
-3 -218
400 -224
234 205
144 -290
-89 -215
-156 -330
-366 181
64 409
-294 173
118 -38
-155 -289
-94 193
-380 -325
371 -349
-106 192
442 -21
-20 -370
147 -294
-336 170
-27 76
-248 409
242 149
188 229
-349 -83
202 -345
-428 292
-326 -270
38 -81
28 -26
40 -295
-238 -236
333 367
-458 264
7 91
174 -451
-254 -197
-74 -338
84 -370
-235 302
387 211
301 -92
159 -403
-210 219
98 -398
-451 371
308 -414
-261 -186
-24 245
264 218
-185 -51
-36 150
-435 19
-463 273
435 84
-454 299
-116 -401
-284 -123
67 -244
-134 250
458 -119
-109 147
-235 -44
127 -348
163 55
-76 -59
110 258
-152 -175
114 -347
-374 180
33 159
-67 -150
205 -111
130 -174
-249 300
-126 106
375 455
-377 371
-336 183
209 -286
-294 -4
88 295
-160 294
27 26
-356 321
449 -364
48 -302
48 -401
461 183
171 -82
443 -390
-220 -160
-329 186
246 260
-103 262
-147 365
-213 -346
-416 227
-118 280
316 458
-370 64
-21 -108
377 156
38 -404
217 -18
305 -153
324 446
-460 -398
-9 -206
243 216
408 398
-448 109
-57 381
362 282
-422 -440
3 -335
-289 -96
-242 422
-67 -438
-68 388
-57 -200
-303 185
6 104
361 -132
-64 72
139 -198
376 157
86 208
-128 -250
119 -245
180 207
-137 326
-408 -258
359 -288
-245 -460
166 450
-212 199
-118 288
-445 -244
11 46
123 -51
352 205
-231 -222
-262 137
-57 -120
-5 227
-138 462
-199 -322
-24 233
-74 -39
100 294
-68 156
-368 -317
111 219
61 217
-85 -341
429 432
-339 373
-410 -275
452 94
12 274
-202 398
-436 335
391 53
338 245
67 283
-148 317
291 2
16 386
66 50
-139 -133
165 -389
42 -316
366 -48
-161 -262
-406 203
338 -26
417 132
51 -327
390 309
-174 22
315 -259
326 444
144 58
356 412
-440 -269
-134 -23
-430 -277
315 -163
429 -398
237 217
-354 -397
161 -83
-322 -184
-436 -205
-107 148
47 -403
438 -441
100 -248
363 135
-364 262
-307 62
-247 -247
346 86
-413 133
-299 189
289 -80
265 167
450 122
-348 435
-210 105
3 -370
82 -311
-367 -67
327 24
-52 -133
447 -255
444 72
312 -280
242 158
180 90
-20 -46
198 461
120 -290
-342 -9
-249 378
28 358
433 -318
227 360
-317 360
-292 -459
-142 58
290 215
312 -393
-69 -251
-3 -354
-53 173
-350 -415
-191 -310
426 -167
-380 -136
-43 147
-428 202
-248 215
50 181
460 34
-10 309
-367 -114
298 143
85 -312
-231 441
-175 -8
70 117
-94 296
369 -47
234 -175
-85 16
-198 9
-99 433
-198 224
-31 292
258 -151
-22 -32
-331 141
178 171
-191 369
-113 198
-391 -254
-13 -271
352 -388
-220 186
-173 -17
172 -53
-291 132
-191 -287
332 -397
322 -132
-297 -361
-189 135
270 452
395 -244
-198 133
-103 359
128 133
158 -17
-13 378
293 -24
-125 143
321 146
49 19
-412 -202
-394 420
342 257
306 -281
-186 -13
-43 -451
39 385
385 241
2 -386
428 -90
376 67
-207 163
-425 -149
-17 73
-357 -183
329 -402
-360 40
296 377
-335 317
-253 -39
201 -23
-141 232
-90 277
181 -392
458 -122
-266 242
-129 261
133 -369
298 -438
60 105
112 264
189 -272
195 62
-398 253
-422 -246
-13 -8
-153 257
-144 130
418 257
210 57
-146 -198
-329 -354
84 100
-140 -75
-309 -451
325 306
-113 -157
-131 196
-324 -229
206 -422
-428 20
-271 434
-262 433
-393 432
-234 -372
-204 126
246 -148
-263 -340
257 354
-14 -57
-128 69
176 419
23 334
-16 463
252 194
204 218
-401 172
-401 -378
-194 -18
465 384
-404 162
421 404
-238 395
-453 -190
338 -94
26 267
167 -98
-17 -65
290 -207
-10 -390
-344 -259
89 102
327 434
172 -360
-391 -269
21 359
245 -83
-153 56
-266 290
-395 -354
162 -112
-167 -248
-91 103
-343 -233
159 -126
65 -424
378 -330
-443 -156
-53 212
-2 157
-97 -378
-372 164
-157 103
-327 -399
-196 417
-50 136
463 -339
-365 86
208 -110
76 -340
-143 -143
-343 -400
-454 -450
-249 -210
-75 -399
-97 -321
-428 322
-150 321
-49 20
249 96
-236 -439
134 91
10 -173
149 -439
257 419
378 -322
-103 58
49 -351
274 -304
-71 -347
-290 69
-50 -292
-92 -293
350 187
-188 -46
98 90
272 -2
-296 434
-187 153
-259 -315
-159 -280
234 -231
240 324
93 307
208 -336
-151 23
261 -162
-460 -396
-180 194
449 302
367 -132
222 -135
-200 222
-146 -386
179 -74
42 -141
-384 382
228 138
-411 126
-54 -281
379 -324
23 -48
101 -186
-386 -317
-24 -176
369 -448
131 -359
214 6
83 -38
428 -180
-33 339
293 230
-245 464
60 -203
264 -350
390 -33
289 -39
-367 -361
-143 -78
-231 -219
-210 342
169 231
163 -459
182 89
298 110
390 -325
454 224
358 -38
201 341
155 -30
297 -240
192 314
-98 459
434 -208
420 -418
147 -422
113 166
248 -310
132 433
-268 68
-85 314
-270 104
-248 270
-365 283
326 307
-169 -437
-397 -332
-276 -273
-159 -30
-124 -201
-156 -283
-94 -16
-134 -356
-182 37
360 -321
-408 -82
-31 32
-196 123
422 -74
-6 -180
30 -151
-345 -212
-26 257
-394 -276
286 -179
-256 459
-136 81
63 -179
455 -250
-428 -83
-227 -247
-141 177
461 425
442 41
461 456
115 -248
310 -234
-356 377
111 143
-463 192
219 44
401 -341
188 -296
-421 -77
183 -300
289 296
-215 122
-323 308
-96 286
-290 -361
409 -6
312 -270
-2 -125
-119 -367
-131 -48
-246 130
340 318
-129 -217
221 -117
-345 -320
-39 -438
-385 -110
411 -362
163 -362
195 263
32 -192
324 464
461 423
-300 -38
-261 -125
346 106
-104 -276
204 -150
272 359
-304 396
-96 451
-291 -400
16 257
289 -273
286 299
176 76
-345 -337
288 -450
358 339
375 358
166 119
-439 -453
271 421
76 103
405 122
-87 371
-176 -51
-232 114
203 378
-333 -194
86 428
-23 -192
-161 126
-63 -125
252 266
173 234
-22 -311
-89 9
83 -258
282 365
245 -291
247 -318
-82 -162
-305 -114
109 409
70 -58
-73 239
133 -273
-205 20
250 -201
349 171
166 -370
363 -34
-459 169
377 29
74 73
183 198
404 -262
33 -237
-310 -286
-314 235
-25 -352
73 -192
49 121
291 -262
-19 -167
-375 -329
-432 77
50 21
333 -107
432 12
-194 -107
-153 14
65 -306
-325 163
-360 59
447 -370
146 12
77 297
316 -112
-339 108
-388 -126
-212 -164
234 -30
-158 -65
284 104
-260 287
-169 -52
112 77
-246 -420
155 427
-461 -367
352 289
-61 444
81 9
-114 182
-209 441
395 224
292 -203
105 -288
-384 179
-14 166
180 65
-205 445
33 -146
456 -347
-47 -347
251 -90
-237 381
255 -427
341 408
445 126
-258 218
-222 -279
-196 331
-137 -97
96 415
181 -146
199 101
302 -15
-78 -424
290 -336
9 369
180 -414
-363 -333
-347 -39
-341 227
-216 -287
-98 -95
11 244
385 -164
-308 162
-70 -327
-105 -445
127 343
-395 -67
112 101
457 -57
-61 -157
59 -450
-209 436
-96 375
405 208
-26 -9
-140 -125
-183 437
449 -415
-335 -83
68 -170
-181 301
-52 -61
-207 -86
68 391
-255 83
444 -257
305 -56
-251 278
-386 416
-417 458
-166 -422
-44 321
175 287
65 449
198 43
-64 342
412 269
-228 -273
-272 -366
350 305
-147 -383
327 101
192 80
-172 -170
-307 385
-421 -364
70 407
321 89
-414 84
403 173
387 -88
191 -385
287 375
-185 134
-440 -446
-379 -93
-135 -311
135 195
110 4
367 129
-362 232
-250 171
-289 329
327 347
-67 -338
-462 45
-255 137
-303 164
237 -26
-351 353
-116 216
142 160
-318 143
-90 -299
437 -157
-59 87
-429 386
288 -362
395 83
398 -220
22 225
-412 387
-38 429
-50 -224
-257 247
338 -443
-18 -64
-292 -157
115 66
121 156
211 -460
-70 385
-261 -141
35 281
-391 366
-383 32
426 -427
-360 -83
158 340
432 92
-16 302
-336 -172
-420 -153
463 -385
-447 -382
320 336
-89 356
130 50
323 -274
-8 -464
-18 457
-464 -55
-256 -188
20 196
-186 261
168 38
315 427
-118 221
132 -291
-72 57
-5 392
-5 -18
-324 -238
-266 102
-186 380
-105 -255
-239 123
-105 152
291 -302
-49 -303
134 -150
-434 -436
271 -189
392 431
-132 129
-43 124
-91 80
205 419
-359 255
144 -340
-41 335
-331 137
-118 -245
382 83
-54 302
-118 260
-7 308
141 439
-46 252
-226 -455
-297 257
-404 -247
27 265
413 251
203 -112
345 116
256 -86
422 431
393 -378
159 -260
-268 337
316 -188
-155 43
-139 -168
204 -191
-449 -375
396 -15
397 317
222 -145
-351 281
-115 26
-43 387
-350 346
-432 180
46 242
-89 -431
18 39
16 -160
168 369
298 445
54 312
-265 -225
-329 459
-88 -398
456 214
225 278
-229 447
165 461
312 -339
115 270
-132 -463
-13 189
-139 -24
-110 383
462 434
-26 290
-381 53
-71 81
78 -373
-14 -60
-340 -170
43 412
423 -326
71 -36
161 190
456 -339
263 -305
-258 -335
-197 356
19 -356
24 95
-57 106
-401 452
326 -76
173 -434
-435 264
321 76
-95 356
-286 404
278 -19
288 207
-378 -292
-157 -203
-147 -281
360 75
-252 182
-228 461
-195 -265
360 -190
46 140
-165 -133
-208 387
-112 -309
284 142
-98 -216
-190 0
-371 45
37 -113
-155 -244
219 131
-235 281
-293 285
359 328
243 -289
-447 -429
-28 -285
-422 448
-310 -299
-12 65
-382 1
-36 -194
223 265
-35 278
300 282
462 -344
-326 377
361 -62
-197 186
81 263
375 -420
-344 181
391 437
-459 -383
-365 -108
-121 -463
154 429
8 67
-407 -109
20 -136
109 132
368 -235
378 -409
-419 399
288 -185
-243 -114
49 -266
-28 141
-348 8
-187 -455
-410 284
-49 349
-90 135
-171 -408
-169 172
-289 -437
-245 233
413 20
3 -19
97 -252
-284 447
-379 385
-38 357
371 -208
-335 -434
-163 -87
-79 -83
-196 -428
194 -307
-164 -348
424 -226
360 103
-301 -182
-228 -45
245 356
-49 459
-21 -369
398 -26
422 -433
-108 -431
-293 280
455 355
-394 363
-35 365
-333 -207
-413 295
85 36
-122 99
-229 -411
226 18
364 -323
-178 -120
410 202
116 -179
339 5
392 302
34 -115
-51 -339
-294 389
-217 239
-237 -225
439 125
-11 -25
399 -226
-137 -282
-243 -222
196 -402
-294 -272
-166 -73
130 -456
-149 366
-243 410
-291 -395
-220 429
-152 443
424 -174
-240 11
442 422
-184 22
-447 -109
-178 168
730 -20
-324 -231
-409 320
329 216
-165 -346
171 56
22 -267
-298 -435
217 426
-30 134
-323 -63
-457 300
-195 235
80 401
197 -246
-441 363
-63 66
462 -413
91 -86
-378 343
-79 -294
-290 2
-384 -237
194 152
-27 263
173 336
-314 330
19 367
424 -455
-266 450
-142 -112
-423 -350
87 -17
62 -176
96 28
-201 -8
-43 -210
425 -7
-136 -106
-82 253
403 321
-78 151
-29 -352
-452 252
254 -82
-213 -178
172 177
177 -376
-350 -347
57 -145
222 -12
-437 -144
-238 -364
241 454
-267 -462
-204 -322
-418 -191
-163 -28
268 -365
-77 454
92 351
1 249
394 -437
-460 67
22 -73
41 88
-392 -135
22 276
-136 134
408 -352
-273 210
450 3
142 -327
-333 -271
-462 -326
-76 -112
-97 -342
134 -244
79 -201
-126 321
383 221
439 200
330 200
87 163
-227 -385
-452 134
327 -374
380 396
-233 -396
271 5
315 -219
391 -229
192 -212
105 -132
-94 -150
258 -202
267 159
41 -321
389 314
102 267
-380 5
374 352
333 -116
-34 -208
-177 -168
-246 -9
353 -71
-273 299
-94 -144
-44 -414
218 182
-196 308
188 187
-271 -26
-38 355
9 206
-449 390
-174 291
-125 -375
-321 -124
-399 236
78 -174
-97 -384
-129 176
-147 425
-121 -59
-311 -21
6 247
-43 -421
138 27
107 -86
370 -148
-27 190
-409 -440
-452 159
108 -382
325 354
379 280
-266 346
-303 -218
-357 191
-454 67
76 -28
262 294
-62 -348
-174 372
452 321
-258 270
261 -412
-58 75
56 -430
312 -357
404 -98
-226 359
64 -37
-415 -362
47 455
-82 -403
-236 350
247 -187
226 -66
141 0
1 -115
-109 40
125 -380
-122 -335
277 -199
7 253
233 279
65 74
363 -81
105 -131
177 -134
-351 300
359 441
392 391
379 -342
-143 -4
167 275
-366 390
-284 -273
-360 314
443 -95
352 72
216 77
357 -221
440 135
-58 -260
-342 -261
-186 446
-185 39
129 -363
59 254
124 -440
128 93
346 331
419 162
-268 -224
395 154
-402 -48
117 343
343 -153
4 109
-363 -110
-445 -130
242 -241
320 -339
197 276
51 -361
-162 -225
-117 -206
442 -255
328 -29
-372 57
-115 23
-350 -433
-159 274
-232 302
-383 43
89 -191
-23 -62
-388 440
-416 -9
-457 198
-86 161
-416 -398
80 279
-77 -253
433 -317
-219 -123
-343 -308
-176 416
-360 -448
-178 -241
-383 225
-26 263
-12 269
351 203
341 -362
22 -331
-149 -151
155 -432
-220 449
-410 -280
20 152
300 14
72 -399
-395 -352
49 -455
-215 180
65 380
-252 -294
-106 208
-48 -377
-84 -350
358 -276
-353 -55
-165 -354
-237 -23
96 390
412 -370
-80 -54
-23 113
-120 434
249 133
-459 -463
461 -155
-83 -257
251 -163
-165 -140
-142 -126
-445 312
77 455
-37 291
379 187
135 394
127 135
-255 426
67 437
187 450
-376 65
-354 325
-178 -425
-194 257
398 237
-405 -319
-188 -280
429 151
330 203
45 20
169 278
182 -122
401 -260
1 -330
132 -94
-127 38
200 272
259 386
52 -226
21 -416
287 -190
84 -55
-52 -198
-441 -178
111 25
283 -465
257 256
-271 -10
-292 57
84 -46
424 -274
-32 180
-310 362
356 249
-321 62
-395 -200
-241 -174
323 383
-327 49
-5 -160
98 0
224 213
264 -134
-103 156
-23 255
423 259
-353 -431
-288 -319
150 50
251 -324
-327 -289
386 137
-205 -153
1 382
-393 -375
-68 -429
236 -341
-392 426
-281 -197
255 -96
205 -142
-3 -433
346 222
378 83
-270 -168
-93 -237
224 -244
271 -13
-209 -264
-27 -262
-342 -398
396 413
-97 65
-266 77
-206 398
47 266
-95 298
408 266
241 -390
-202 -317
-6 41
-273 -144
116 354
-403 131
375 -294
-133 125
-17 12
189 33
437 326
-153 402
-232 114
-256 49
254 288
-195 -36
383 -422
-62 14
-439 -367
-337 -217
-111 401
-20 -363
103 446
-140 232
81 -187
-332 -206
243 409
115 205
-58 -41
-390 -271
116 89
394 464
348 351
-194 -271
-252 299
-73 -31
148 19
292 -207
113 76
-95 166
-331 369
-455 388
357 -399
-93 181
-75 35
140 -442
-367 -355
-197 -75
458 -158
-121 -428
-110 -464
291 417
260 -460
296 -222
-140 319
-165 390
-388 -34
202 -347
291 286
137 277
440 93
43 194
-445 198
159 -433
170 81
-193 -201
268 98
-115 24
-407 316
380 74
-334 -402
259 244
83 9
298 440
-94 70
153 202
41 -5
50 453
-233 -400
-249 -303
271 251
71 -418
300 464
42 354
400 344
399 -85
369 -108
68 -80
-336 -438
-267 197
259 -136
380 378
235 297
-55 -328
-309 198
274 28
-14 73
-289 -114
355 -176
341 165
271 137
417 453
-459 136
-68 -117
-116 -401
303 333
202 -239
213 -41
-129 -274
-127 -414
-154 -256
0 119
451 -393
-175 220
75 188
-170 87
302 348
-360 -391
210 92
-116 -22
-307 424
254 -328
-400 24
314 275
69 -430
-24 -13
-128 391
335 -67
-170 375
227 -167
164 -432
388 73
364 -323
-193 -83
-401 398
164 -249
82 306
290 386
348 441
-124 244
284 198
-79 408
-430 77
-52 94
373 -27
451 -244
-252 -191
-462 273
-143 403
374 340
-208 -153
423 -445
442 317
277 164
411 302
-238 -259
-304 -53
259 -191
-420 -151
425 -163
108 -260
-163 194
167 299
355 267
450 -360
125 -27
333 6
-237 -37
316 315
-252 40
288 -249
-256 -366
-122 148
178 -69
-290 93
98 -130
-294 -157
-349 73
172 -374
-407 76
455 316
-60 460
212 0
-248 -156
383 -27
-319 363
-117 -209
-138 -351
353 -111
-76 350
465 56
105 298
-208 12
249 47
69 330
-458 350
5 -169
-382 -349
-31 -204
-379 -368
-367 106
-205 383
-441 -172
268 350
-410 304
174 115
360 -40
-102 162
332 -192
-449 -68
398 297
-98 452
332 -142
340 -155
142 -11
234 465
0 382
82 -386
388 -434
-17 -174
-47 -321
-8 156
437 -433
259 334
-117 -353
-407 -279
-417 377
143 -449
-341 116
202 162
116 194
-417 -231
-56 456
-7 246
-25 146
-447 359
-91 -85
-266 192
455 208
199 -158
-435 115
163 329
200 407
-165 -400
-212 211
56 434
-333 -105
-85 -108
-173 453
214 206
-149 -133
-432 -181
319 124
180 240
-78 318
-210 435
463 -146
-156 -298
80 182
110 -433
271 111
47 -153
-303 -346
125 -62
286 317
350 37
-212 -370
-158 -52
340 -442
-335 335
-361 -218
-335 -122
130 -22
-27 -216
139 319
454 -255
204 374
-157 -71
-84 -139
-264 -443
184 107
343 -73
187 -270
-349 -458
-254 58
-189 205
7 -9
312 -73
370 -189
72 293
-330 459
-186 343
-72 245
-91 -234
-390 -395
-408 387
-437 -361
-229 41
199 -208
-265 181
-374 -39
-171 62
-81 390
-93 -64
-126 -266
-248 -248
202 -106
107 233
58 310
-312 -434
109 -433
-273 288
250 407
225 156
357 -82
-121 262
20 202
318 -77
361 -79
-392 362
61 293
-75 -195
-219 -321
-108 337
306 194
46 -368
-219 204
424 453
-152 -229
35 75
342 265
-258 -336
-182 106
-278 -290
-185 -99
-122 399
-176 -453
131 -413
-188 382
-437 320
405 361
388 -381
252 64
-288 -222
-393 295
16 329
51 -349
353 429
-94 -156
-363 -465
-195 -39
329 90
302 -245
-442 -247
25 -264
77 408
-113 57
91 -162
-331 412
-389 -76
30 33
-356 428
-32 194
250 234
84 -342
-453 -338
4 -357
291 62
-458 97
-66 312
245 383
129 -289
16 -368
-358 -223
-116 -263
99 -402
-160 396
-183 23
453 360
-415 -441
-454 -183
292 -115
192 326
-56 -49
259 434
269 308
221 -2
54 -192
-395 -229
-146 -302
401 318
-210 25
-115 -178
-338 -454
275 286
235 -162
-314 -75
-344 -369
101 388
-182 17
-295 -416
436 -319
39 370
-314 -400
-73 -46
460 -422
2 -29
-100 -294
-4 -142
-293 -407
422 -322
-315 365
401 276
-202 -8
299 398
-129 205
84 262
-173 -206
-75 72
319 -313
-425 395
122 -40
356 446
-305 125
294 -107
358 -220
-77 311
154 300
172 -343
-244 24
367 439
277 250
-183 -446
-244 -425
313 -257
-42 146
278 -283
-350 266
-158 79
103 -342
-120 210
440 70
-265 65
-71 -120
123 -372
109 -46
-401 -370
420 -464
-230 -317
-429 277
237 368
-194 124
-24 -411
344 117
38 247
-436 -81
-26 -249
361 372
460 275
-328 92
185 1
376 241
-93 48
259 -90
241 270
11 74
-99 421
-300 132
369 -300
-266 -253
-378 67
-18 17
-47 -33
-412 29
238 -264
138 -87
278 -193
-283 -217
-75 -239
-214 199
-70 -79
-154 -62
-24 370
-244 75
16 395
-132 429
-100 -17
76 -245
243 -79
46 351
-455 -50
338 455
232 30
49 -20
-34 281
203 -341
19 404
-311 337
-250 -98
-448 -401
208 -303
444 144
-437 213
425 -332
247 -99
-368 294
-220 409
-272 -186
223 -53
204 177
-338 -316
-433 -37
-279 -174
369 358
-35 -184
-248 -230
-363 -462
7 -324
185 -403
360 -301
-219 325
464 6
422 -119
-34 -292
453 -56
-212 -436
157 140
-307 -357
383 -148
34 122
122 -4
-441 -334
405 -205
-426 -99
289 -391
293 -78
263 116
440 -174
-331 204
104 -356
-199 456
149 370
12 184
-192 -391
-354 -380
320 -281
352 185
116 -53
81 381
-364 -91
-270 -442
-432 182
-389 -299
-396 -100
56 -15
-250 462
353 323
-110 153
61 34
-94 304
-106 195
370 -49
450 276
189 -368
104 458
33 -416
198 -249
-251 126
405 -213
62 427
-301 401
36 -431
220 301
137 -58
333 -258
-190 -143
197 374
125 305
128 21
242 309
108 -316
433 430
-405 338
-461 301
-224 448
318 -347
-354 -261
346 205
-96 -366
188 235
164 -114
-135 -414
30 232
335 -433
-168 -206
290 305
-384 242
-367 74
-144 -265
125 -202
286 -17
-19 -273
-39 157
77 21
69 367
178 -425
-251 302
-138 376
-57 -301
22 -433
-20 -9
3 -150
-375 -318
285 -412
212 73
13 -50
164 -388
218 -89
-453 390
50 378
50 271
368 -109
-433 413
-128 -281
271 106
130 69
-55 -315
-462 -384
105 -397
58 -402
-182 5
181 -69
220 343
376 -171
-294 -415
-465 373
-295 -131
-101 -156
-225 237
16 273
29 263
198 -244
113 -437
-324 -190
352 164
283 250
89 179
202 33
464 459
429 -121
154 -389
-70 -193
-244 206
-5 -83
-284 -133
397 256
463 -316
64 453
-37 2
383 230
28 -457
376 189
-250 -198
465 419
-27 414
48 75
-75 165
176 -239
440 426
7 174
287 -46
16 274
191 58
339 -239
95 -13
-346 375
-30 -356
264 165
254 220
-190 102
-156 -367
302 379
-231 232
78 -161
-370 68
310 336
416 -201
137 98
271 -322
425 -199
284 -86
152 -318
190 -114
368 -424
-125 417
179 322
-32 -376
