3000
-71 -27
-444 -188
30 448
472 80
-222 468
324 169
110 257
-472 64
375 194
-247 428
-276 -15
223 -149
-400 350
-354 402
-21 23
340 422
404 357
248 191
355 341
321 308
-477 428
-30 -30
-430 -315
-124 -321
-168 198
-254 144
435 442
320 223
241 -49
333 -77
337 -206
-93 143
-91 224
191 428
236 -119
-311 -440
-393 -23
-436 52
408 83
473 -383
-112 274
324 220
314 -223
-91 22
-313 91
136 -454
221 -444
34 467
90 -1
-360 -8
-395 -85
47 -199
-160 19
-20 -123
-228 -93
326 -8
334 -313
-327 384
-355 428
364 -141
284 197
-188 -59
-289 -381
-105 -35
-203 297
86 -326
-281 112
-206 -20
-31 48
187 -390
-161 -364
-119 51
-444 -433
-403 121
135 33
-256 374
78 87
-19 459
147 271
-418 281
-461 96
-10 202
105 52
314 448
-236 -72
93 436
-201 183
248 325
-435 -381
-67 -17
-274 -465
-24 253
378 -131
-77 231
70 319
18 331
-492 54
-366 475
-467 -178
-326 358
181 -320
-175 -437
-446 263
36 369
-312 -202
-88 354
-420 439
-15 -417
-193 -435
412 43
-398 218
371 196
-170 257
51 -278
67 69
47 -157
-39 -163
-367 -285
-480 -294
178 -225
-239 -141
180 -374
77 -327
238 -92
-121 -104
32 148
135 -109
-392 -487
-76 -465
-297 -475
-70 -42
291 -452
-325 47
-250 -65
187 369
295 -345
375 -398
320 -185
-368 40
469 -80
-320 -344
-108 345
-110 423
306 -61
-265 -129
-382 482
38 417
-476 -275
-194 -47
-287 281
426 -423
-428 -435
-432 -151
50 246
212 180
-268 263
-439 51
369 289
109 -457
-19 -408
-30 114
-154 383
7 263
-375 -466
302 -466
165 443
-203 -201
-324 -237
-125 -194
-480 229
-98 318
-375 355
-391 -117
21 446
-153 -123
-144 69
239 265
-256 392
-115 324
-105 335
-215 -445
288 -112
497 6
493 15
-180 -282
44 -303
3 -358
-208 -252
252 113
191 214
-35 -270
26 55
427 36
-319 89
310 -258
332 141
-351 126
-273 124
92 -103
-158 326
189 -82
-104 -298
133 -134
375 454
-144 130
-24 -389
12 11
-387 203
-390 247
-255 105
-258 -484
-413 398
-268 -130
-25 196
-73 -82
97 -82
16 292
-112 164
-324 470
-404 141
472 124
156 83
440 -492
500 -111
314 -45
14 -347
-233 339
18 18
276 31
337 485
443 446
-361 148
-33 -50
-351 -113
192 -223
457 -441
-369 -3
-104 237
-295 -167
318 -450
-75 -370
390 -313
-97 -17
451 220
83 -145
-457 -272
368 -331
100 -56
-385 489
360 -189
8 -285
-143 -21
-361 500
194 -210
277 -340
29 -374
94 175
-305 -38
-347 -346
100 93
315 167
-122 59
144 181
201 252
-467 -287
-95 241
70 -15
-16 -259
448 214
56 -103
490 -97
-294 111
385 494
-2 305
172 202
147 12
-494 180
274 28
-205 -246
213 -45
-249 -110
400 200
-289 333
-274 211
130 -376
-481 -457
479 -465
305 -32
-285 -244
-392 209
-135 252
-451 235
-201 350
321 218
11 13
340 -160
-230 -59
-494 -186
425 -28
154 497
291 -366
274 416
-63 133
-428 178
275 -442
-463 -414
149 -22
-296 -427
-125 316
-188 -136
244 -498
-75 -305
-247 -299
191 241
-4 -20
483 212
85 38
169 3
-305 -29
425 261
459 -164
-422 237
-128 420
84 -459
-398 -138
-88 -174
20 -182
387 -256
-242 478
-193 199
220 135
-293 96
346 268
39 -187
415 344
-98 -405
-441 247
78 -303
391 -308
-488 384
-472 457
-79 442
-282 -247
-73 227
106 95
-323 -5
502 -76
379 -472
141 307
396 -100
382 139
430 -264
268 22
398 -83
19 -192
-141 487
25 313
222 -51
-450 -298
-46 401
-270 -455
73 -367
332 -166
68 -318
171 3
340 479
-411 428
-346 -463
487 -266
-95 -19
-114 108
-496 -90
-101 419
-74 257
415 -53
-78 -101
439 -77
-65 306
243 222
-316 -437
358 -498
461 442
-181 63
423 -349
20 359
-371 186
64 -116
-78 -432
88 480
293 166
41 213
362 224
16 -436
-341 319
-117 366
443 289
455 -52
14 -293
-240 -100
-107 486
-453 -447
9 12
479 -380
-77 -327
434 403
-155 -396
393 -259
-247 -300
424 489
336 -181
-34 -422
253 -405
469 -181
448 319
-313 -178
288 -94
-497 -172
-237 369
-124 479
-245 341
492 484
372 361
273 434
-208 10
-21 344
-262 466
455 -257
-400 -239
448 -180
-58 -472
-230 121
-463 -51
479 79
-210 331
276 -264
138 -90
-455 302
-191 -148
-462 -229
-226 27
71 -273
321 388
338 228
121 478
123 354
330 -240
-254 -241
-497 -218
324 223
253 269
385 43
-389 397
-104 89
-224 8
270 6
34 -445
-378 283
109 -348
-298 -361
311 -382
72 -91
152 -41
-378 131
155 182
-256 132
-112 415
228 10
23 -42
-373 153
234 165
464 305
-235 322
76 149
-178 426
284 156
155 347
288 385
445 -91
380 -12
-66 336
-474 -70
-307 -200
111 77
-320 185
185 416
-77 -449
298 -162
-372 -203
233 -396
-385 -443
39 -485
477 -39
464 -419
241 141
-177 -123
105 -168
-364 404
-3 71
-297 159
-227 -6
222 357
-473 -408
120 342
205 100
8 312
-258 266
-107 -464
358 -64
86 474
-92 -204
-110 -50
271 -343
-69 -37
-393 127
185 415
-446 233
-264 -366
182 -158
457 401
-40 385
-339 501
338 -423
-154 -458
-420 216
-96 451
-502 -21
-81 -337
-418 345
439 399
-467 -183
-154 325
28 313
-280 -83
237 -35
485 -466
242 397
264 353
56 -168
-235 386
-315 395
-206 423
148 437
-191 278
119 388
-364 -348
501 177
-29 39
-41 -379
-207 -301
-91 61
271 238
61 -184
246 376
282 -382
-209 -244
-189 -139
-210 -394
-312 478
148 464
485 -373
122 -349
-129 215
-242 -425
-15 -244
-20 -429
184 -246
73 350
314 -320
-248 237
240 78
-103 -4
-113 -145
444 84
-98 -205
175 -361
-180 -90
96 317
377 243
-377 299
-91 339
-414 -71
-35 460
-307 487
-312 90
427 -327
175 -270
116 -386
110 73
-41 -187
196 -142
387 -287
-192 -191
-444 190
-262 243
-446 77
-478 416
-157 387
217 -377
311 -52
17 -42
157 -136
447 -397
-372 -123
-453 -455
451 269
-238 -105
433 -30
222 -126
292 -351
427 107
385 453
-210 -474
-202 -426
-166 441
352 66
453 -243
60 441
325 187
175 -494
407 92
-113 -319
412 -487
439 -457
108 -458
203 68
-341 41
-91 376
-421 -422
-456 203
12 -399
105 431
235 136
460 35
217 63
300 193
-117 -250
-476 198
-121 127
-221 -399
-217 -202
94 -239
286 278
-391 183
-471 363
347 -60
-8 193
-176 -447
-335 230
316 501
-363 -236
194 -338
-420 -35
-307 248
-452 427
286 -79
-68 -289
287 -349
416 497
341 -476
-289 -96
-88 -381
-501 -30
106 260
494 13
352 248
-393 -479
-475 73
-461 -403
-329 -184
-162 290
425 -105
18 471
153 -150
7 -436
248 461
-341 -412
430 -335
433 -280
-85 85
-11 -459
358 -2
-199 240
-247 -397
404 231
-272 -235
125 143
-268 -400
-388 148
222 -284
458 408
-136 -404
118 -31
-3 442
-311 391
46 -454
-162 -283
-226 262
-289 -187
-231 374
36 354
115 205
-322 -24
-500 330
297 -389
-113 -416
-420 -222
-101 36
-262 -4
130 -142
426 284
325 453
32 58
-455 -60
340 -49
96 462
-128 242
222 -366
-342 -470
4 -446
84 21
90 -302
94 438
-459 -378
-190 74
383 -131
382 -59
286 249
-436 -16
-133 -46
-31 254
-341 -370
-90 -171
207 -129
369 -447
54 -183
-79 290
-260 156
60 -159
393 -236
229 66
-346 -366
-398 316
-145 127
-18 78
149 6
139 252
-193 -335
17 -448
-480 -410
-438 -252
381 -391
-412 123
-11 214
199 487
-128 -235
-312 216
70 89
-15 55
-496 -39
379 -116
-45 484
-257 331
-45 182
412 -302
-230 -472
-40 -400
-357 123
307 -86
470 -128
270 -267
-300 309
-147 329
334 341
124 221
413 264
-479 -360
-149 -149
-176 -476
375 -315
44 -334
407 -483
-199 373
100 -433
-131 -356
332 254
387 -279
-423 -181
357 -180
-167 -248
5 344
-437 205
-247 -84
102 -118
401 37
429 399
355 256
-299 94
-318 -120
-24 451
33 -46
435 41
-315 279
319 -220
86 81
202 91
86 354
283 402
-143 -148
90 -479
225 187
119 407
-231 344
355 63
-237 -369
-291 -245
-128 169
83 52
74 328
70 71
186 85
-191 204
96 -172
-474 208
135 285
-200 -465
-294 309
-137 -85
-405 48
203 -315
-303 -271
-179 -341
-18 -54
-497 456
461 61
-276 -421
-50 -218
-387 -50
305 397
349 -425
-480 -494
369 365
189 43
207 -307
393 -58
464 -272
337 -442
-398 241
-378 389
-286 -55
-32 109
222 206
-502 349
-261 22
190 -212
-430 -473
378 278
174 -226
-325 -5
14 436
367 -376
484 55
-431 447
280 88
-205 -110
107 -343
-380 -123
-194 -426
-245 -323
-470 428
133 397
471 -467
-488 292
-181 -386
314 -252
179 322
-404 -485
485 203
-283 -402
-286 378
-97 99
-152 -81
469 -399
483 169
-365 130
-27 142
315 -373
281 -190
482 -291
11 335
-27 -447
-474 -378
-493 -90
254 -83
-309 -93
-193 83
-47 -424
354 365
425 111
84 -27
-441 -116
-490 -273
-122 -204
388 -423
-295 -60
-205 -162
461 374
7 -254
351 184
-339 447
152 355
70 -424
108 285
-157 126
-158 -256
7 -332
67 -188
-298 -499
-340 -288
-68 438
-293 204
276 -85
34 -222
-142 -367
-161 484
128 -418
-198 22
437 -423
291 -327
-502 88
-465 9
315 -478
294 71
212 -373
228 -225
-392 488
323 449
-85 -144
-227 -465
-66 -302
395 56
-252 -443
78 -39
77 315
326 92
404 388
-394 -92
19 41
-435 27
-379 -187
65 -343
410 -65
-240 208
-164 399
-459 -474
303 -346
336 -288
-493 153
-345 400
39 -404
-286 356
-258 334
-157 125
439 384
-131 146
-173 274
412 -32
-179 -347
49 -22
-400 224
-441 351
474 19
-64 -268
280 94
-81 436
176 -129
-497 -84
-92 153
386 -419
-213 147
244 -322
161 155
413 410
-475 -54
189 152
328 -318
204 318
-160 -232
-181 -252
-111 22
249 32
4 108
338 33
-94 79
442 -306
221 312
-26 337
-103 430
-24 -144
-286 -375
119 315
-311 -177
349 -465
42 -80
-187 232
-480 101
-205 -367
430 -386
-221 -261
-376 -440
-376 110
-164 -465
344 -61
484 -216
-185 -488
294 -327
115 -341
127 -80
-203 -210
-450 112
183 -157
-255 103
-477 -13
462 -472
-74 100
-260 298
-137 227
-151 -111
-485 173
-363 0
-490 52
343 387
-183 125
413 41
360 76
229 52
311 413
34 -203
94 117
-233 -210
83 -197
395 451
37 -335
231 -339
-218 370
383 -294
343 280
193 -156
-191 2
-31 352
-279 368
-265 485
97 -211
-419 -33
-485 136
-70 -300
346 198
123 259
-134 323
234 328
366 171
-52 -464
-138 -227
361 62
-136 464
-5 -98
235 -73
-338 -502
-476 -335
-307 -32
138 -303
47 136
117 353
-483 448
146 348
-76 77
472 156
-372 172
169 378
140 -188
359 106
-70 471
-256 -43
-329 96
138 -98
482 167
-199 -474
-74 -379
58 -339
91 -63
133 -27
237 -292
201 -86
-408 194
-201 89
325 -401
-72 -14
312 49
254 372
135 252
-142 -95
-43 -23
10 -501
-127 335
231 -347
78 -153
270 -210
313 296
-188 252
172 -375
-335 -407
-283 -227
477 256
274 -17
34 -37
-188 247
261 405
36 -424
-80 -9
-408 381
-189 -502
-251 278
-256 285
-317 -130
-448 -262
-137 423
-458 390
-367 -88
-7 101
419 -469
1 30
20 395
-492 -17
91 124
-330 -269
-388 -72
132 -1
-148 -132
391 -22
-140 1
-99 47
-191 93
-488 -187
-117 -283
339 -182
-156 222
-280 -3
75 413
209 -252
367 477
-143 -5
257 337
502 173
-84 389
364 160
-393 -112
-333 65
-442 -355
-114 -329
488 -321
240 -68
252 -15
-410 -385
337 334
165 -319
179 351
-269 318
-367 -175
-287 118
-367 -205
-433 -153
73 210
123 9
119 -501
-485 89
150 141
-57 182
328 140
-19 -27
-165 462
-2 424
345 -430
-195 202
111 -299
-473 479
354 -291
-118 338
-114 302
-135 126
-458 474
-448 -365
-501 -327
54 -282
-170 214
337 256
388 -7
-498 -199
9 -353
-78 -72
354 207
175 472
164 -449
-275 342
-238 -484
131 164
422 -482
-18 -316
291 -256
-363 -425
-231 -272
93 337
489 -439
-326 -497
-453 -56
-14 -472
-227 294
51 84
376 -72
-280 417
-163 -44
429 -344
382 378
87 351
-60 204
-94 -213
-409 68
-39 -134
256 -20
-364 434
480 -23
-141 377
-280 -24
433 30
380 205
-201 -175
322 -380
471 -376
-307 -302
-67 -294
-470 160
186 -329
300 -76
-38 192
-236 -2
451 -180
-437 -125
321 262
-20 -476
-380 115
-109 113
427 -107
475 -422
-99 280
284 483
252 235
437 -381
69 41
48 246
-366 206
200 487
212 94
-325 454
-228 282
-415 34
-104 266
-244 -192
-227 40
-12 464
444 490
219 435
-215 187
-449 -116
230 353
403 -491
201 -305
10 59
448 -445
269 125
348 -3
-232 492
80 -475
-400 294
-460 204
188 276
36 474
-238 208
-236 212
141 294
82 489
-89 198
187 -164
200 142
233 18
43 -131
423 -182
277 121
0 171
-134 -361
-457 164
-479 493
-122 44
158 17
-435 -192
474 159
-277 -309
129 235
-121 -364
-248 263
199 -344
77 327
250 -290
140 -56
-92 202
291 -43
400 -269
-346 384
-210 17
172 280
168 270
480 -308
-472 -227
-84 -364
68 -76
-51 -163
443 179
-502 260
-289 -307
-110 -18
-149 1
57 83
-4 -447
433 180
264 -171
-80 359
284 203
-3 -241
457 -343
87 104
368 265
-286 157
-304 -152
-104 351
-334 427
390 387
116 -87
469 315
-440 -481
-224 -313
-190 -23
-308 -167
-114 255
-70 324
-492 73
-109 456
338 -492
108 -328
132 76
463 -316
279 -477
-91 -25
472 207
-48 -260
-240 42
-86 -129
-206 458
-356 28
38 317
224 -379
-3 175
83 -194
-266 -134
-252 230
-70 27
-184 -337
-175 289
260 -356
-458 -272
273 46
218 -365
-330 -366
248 77
-2 -318
-289 -97
-161 -443
52 209
-430 -495
216 -404
237 -237
-383 22
-239 -435
-466 229
181 478
498 -41
-448 56
53 -312
-128 -358
217 436
-399 -175
212 205
-279 -367
351 163
21 365
-411 -81
-260 -237
-117 -415
-399 340
250 -85
39 -193
-501 331
-185 -28
-320 -295
-477 177
123 390
429 -184
-134 -227
-153 -486
-417 -4
31 201
70 188
151 103
312 -183
322 -275
-231 50
113 237
-337 -308
81 -200
76 95
442 -489
-424 417
436 34
173 -390
-356 -148
-54 -178
200 -121
441 6
-404 -298
431 160
-260 -152
-21 421
399 -393
24 446
72 -198
-171 -249
36 -21
211 363
347 -444
473 -272
-55 -395
-286 -82
-214 -327
-277 -98
-236 467
229 244
323 402
346 201
-276 94
-419 -115
262 -50
-501 -186
-366 347
365 20
-301 224
455 405
-88 56
-272 423
303 -188
204 -398
-153 498
382 -412
343 -108
-396 90
392 403
-202 489
-123 51
211 276
155 247
398 -90
-265 -474
372 -433
-233 346
345 -487
-11 -323
286 133
-218 -134
-325 -70
268 296
375 -17
495 -374
489 82
-364 -121
-463 -301
-293 -40
256 -276
-373 -186
115 247
-445 -94
-281 -35
-408 178
-351 -285
287 -337
-376 377
-230 41
-273 -222
46 7
185 290
-174 232
-485 -118
238 -345
204 344
-157 403
202 415
440 -400
78 414
21 419
310 307
301 227
116 -143
-133 -102
247 436
-262 -382
426 -111
-146 227
100 -423
-371 -257
260 -259
-44 -416
-27 299
-73 208
41 191
273 -2
-142 309
-136 -340
-113 -412
210 502
-224 -64
322 -123
29 430
-87 -272
-36 231
-167 192
-191 496
71 -442
164 386
-38 125
420 1
-113 -237
476 -373
393 -285
-74 275
-7 -366
-309 -356
487 -446
266 56
-396 46
-478 -14
145 456
173 -150
-128 -423
-83 -422
377 356
-271 -356
406 274
-64 235
348 22
202 28
391 -338
440 -366
-269 2
499 -339
483 4
501 196
-262 -379
-377 -292
-79 -196
-163 345
-225 30
-189 -172
20 -233
-202 418
62 127
-164 485
317 26
-44 260
-214 294
-72 149
-471 478
450 202
-44 476
304 -68
424 -446
-172 375
-497 -396
-486 373
-173 430
-107 77
-410 -375
-322 -475
-259 382
419 -35
-383 -287
433 -483
-490 -259
175 164
237 -214
-50 -171
-303 16
313 219
393 73
-214 -425
10 213
17 -478
-410 -32
-312 180
-101 -359
164 40
-309 407
404 244
-91 436
478 227
134 -375
-8 -145
-60 -38
252 -162
474 -123
242 -419
-157 230
315 26
461 -495
287 -393
97 -302
-436 -48
-231 303
-174 118
-471 73
-27 -489
-13 438
159 321
49 304
-461 -313
-14 452
64 196
-184 470
392 -16
29 34
263 131
-194 221
-156 266
-223 -96
260 -401
-446 235
-306 -128
-51 435
-318 5
-143 379
212 459
-434 8
373 -242
-239 -367
-79 12
499 -245
305 307
-384 191
-302 -247
-316 -192
357 -244
297 170
-125 -405
-216 -309
459 255
-92 -133
-421 -382
-294 -345
-325 -170
102 360
-467 386
288 -399
387 207
86 -444
4 -501
198 -62
-270 -243
118 491
159 93
-476 -88
45 115
-210 379
344 361
-476 267
-274 -436
-101 -44
-47 -263
496 31
459 -306
9 -311
-35 236
-143 -99
27 -298
338 12
380 -279
-306 -337
14 -354
-204 -488
-406 344
-39 97
99 219
485 363
93 -451
288 253
18 116
15 -264
-412 -458
224 104
-473 203
-339 222
241 8
136 448
85 203
337 -156
353 362
113 -147
-401 -2
121 116
284 -35
119 -235
-371 89
-48 270
370 52
431 474
68 467
265 -360
-134 291
-247 299
377 -459
-188 -98
89 389
-43 190
-346 -247
-231 473
-408 339
309 163
15 388
54 -434
267 147
249 -101
213 360
340 -232
114 3
489 -267
-375 304
219 18
88 344
120 -179
225 356
-116 155
-119 295
170 -273
393 255
-144 35
-469 -15
431 396
289 -73
55 -331
488 19
-442 -467
-369 -13
-171 -296
-138 -432
109 -376
3 490
-328 51
-417 -502
-23 -477
348 101
488 -396
-476 51
328 -9
56 21
304 347
275 -5
-21 204
30 200
-369 -242
318 -417
266 221
189 -74
-208 90
-52 146
268 126
408 256
2 -311
85 -327
72 135
-402 291
51 -161
458 137
222 227
154 471
495 473
-50 -80
-478 -120
-111 501
35 400
-4 -469
421 155
422 -74
-340 -497
128 376
-432 -290
481 -12
329 -157
-451 -477
-360 314
357 -297
499 -198
241 -200
489 311
-383 78
-117 71
-377 147
49 264
-438 34
337 -258
-141 -52
355 -393
-209 145
456 -477
-353 -43
-51 -69
389 199
-141 178
328 118
-297 -284
-368 232
85 -458
-342 307
-301 39
-402 -253
298 381
246 292
296 -428
-195 494
94 402
-414 443
-218 -336
491 149
138 -179
215 -432
-419 -232
-106 -423
276 41
-134 -190
-183 -48
48 494
166 -38
333 -91
-308 -360
-105 160
371 -54
-345 267
-292 -469
-355 -459
-48 -260
335 172
138 -208
190 -75
-224 -131
85 85
-382 404
-375 -498
469 204
-98 366
415 -174
346 -168
-219 297
356 275
-420 266
-139 -395
442 -221
221 -86
469 253
415 -62
60 445
166 277
188 475
201 174
-246 -317
-322 216
186 -380
411 165
407 377
-442 403
-191 44
-125 361
-255 225
-153 105
243 124
-334 -398
-305 257
-126 283
-188 -239
90 68
101 79
393 282
-371 315
-51 465
376 69
-180 229
89 -334
271 338
-407 -311
287 444
103 -153
118 489
-45 177
15 -373
-29 -282
-454 350
278 -74
-92 163
287 261
15 381
-88 -59
-303 -60
-453 -192
-236 -328
420 -256
55 -12
-34 -66
11 -249
342 -405
-153 71
-463 -363
197 378
79 87
86 -70
145 -324
-2 318
295 473
480 311
-289 251
45 -146
-361 478
-344 -330
156 -317
-439 -243
-406 457
-314 -56
-164 425
323 -55
-259 -365
21 421
-387 148
352 -51
-316 -408
143 -22
-238 -280
-422 419
-310 -119
-489 376
-272 -380
-448 -301
-224 357
-496 -468
433 -193
-461 -282
-274 -153
-483 293
185 -126
-395 199
303 -431
-194 212
327 311
26 177
112 -430
-136 18
289 -261
38 76
129 -335
350 -336
-407 300
-479 -15
316 211
85 310
-252 -335
-472 -474
105 -447
165 -39
-133 426
-478 109
386 32
-370 175
122 -190
408 -294
-121 122
-190 -113
-313 -136
-123 220
164 -372
254 -387
311 -276
357 106
446 376
-403 144
-250 26
-177 -5
-72 93
499 227
0 -250
335 82
457 -471
-472 -61
448 7
402 314
-464 -364
-296 -111
370 -207
165 313
232 232
-345 -78
408 -180
-89 -467
49 475
-166 199
396 -290
-89 246
-370 -232
-407 315
427 379
-12 63
239 -347
192 54
-247 430
-198 326
-254 -35
-72 117
-189 267
-150 216
101 -323
371 51
383 -285
-134 -383
-68 -295
-501 346
-75 -87
-138 178
347 -228
98 -7
-405 -340
-122 -185
354 -333
-149 -39
-358 -68
-59 140
-80 16
-68 -269
-194 178
-227 -275
-289 318
392 -103
213 -257
306 -64
86 -447
160 348
274 -240
-493 405
61 -275
68 30
179 94
-218 486
-86 365
-407 -408
303 -242
-204 172
269 -458
-166 -423
254 -309
-346 373
-355 -469
253 201
257 -238
-263 168
-121 -441
-407 179
265 -195
162 -255
214 65
-405 274
277 316
481 -458
-500 -171
-105 359
-227 -245
-474 -245
-134 -64
-80 -98
187 -354
-140 238
-246 -459
-237 -357
407 -274
-318 428
-367 125
357 -319
-243 333
-502 -116
-191 104
85 494
-130 492
-272 -93
278 -290
358 281
202 111
-338 481
-261 -39
-388 109
-91 22
-159 152
366 276
175 265
-85 -12
-244 102
-384 -416
-356 79
187 153
-51 254
-87 -71
-307 82
226 -396
-121 355
266 311
-397 326
-162 -2
125 430
397 399
-281 -96
69 427
288 264
-205 -447
-53 112
397 -227
108 -346
241 -170
-433 -484
175 -156
-48 -65
278 -117
-214 -299
-468 200
199 301
29 363
63 373
-317 29
417 -158
-384 -376
-68 498
216 -277
-384 156
-224 -350
-119 -21
277 -288
309 -310
86 139
-210 66
201 -144
-399 -33
147 -375
-232 -359
-432 429
-433 -464
-303 -262
39 337
-343 -399
-90 -229
106 104
187 -249
-157 345
-352 -274
-215 -488
469 59
246 211
407 -129
-375 -397
226 -78
-318 -257
-6 289
188 267
-175 76
-82 -371
469 -282
-231 468
231 110
177 412
-288 -61
70 270
306 -172
293 33
368 -407
-352 434
-43 454
-140 328
-11 -339
473 425
14 311
-498 73
-128 35
456 194
314 357
55 -226
-280 185
-79 72
-3 462
46 431
124 13
37 110
320 290
-255 174
51 367
195 -350
-7 -251
242 150
-274 268
314 -167
-96 -316
-188 9
-28 -441
320 473
-19 -76
183 39
181 -279
-277 157
343 49
-254 -474
435 -263
492 110
335 -190
-116 -421
117 -73
321 466
-219 365
421 -291
120 406
-417 -394
-166 352
336 -151
-437 71
192 -387
-298 164
-262 -156
-232 497
174 -79
120 -151
-350 -14
404 413
480 -174
-387 456
-37 304
-18 -216
483 -243
-18 -259
-494 234
400 304
-158 -218
300 393
-461 -198
304 -2
-501 -104
-314 -121
-297 -366
219 -434
341 196
-172 118
-387 -122
-398 -364
224 -26
272 -227
-404 -167
-384 223
273 399
-325 -352
154 -211
188 -433
436 -193
-271 235
102 35
-317 147
341 35
76 -74
292 373
-116 -269
-253 447
208 38
172 -126
132 463
121 338
-408 -343
-350 100
490 193
271 32
-136 -97
167 -246
-320 -156
498 390
260 -65
30 -275
-486 325
370 -79
302 6
311 428
-339 -89
-193 132
179 293
52 241
-38 -311
495 403
-393 -374
260 -367
133 228
-438 20
486 167
-410 144
87 355
400 -303
478 -290
176 384
23 -424
-432 -107
305 343
-421 -299
235 -385
471 -179
-228 354
318 -315
108 350
-389 -331
214 207
-43 377
196 -182
42 64
-359 -369
272 -344
-409 482
470 -302
276 -247
417 -357
-257 200
178 -250
-84 -401
158 -225
33 -203
-345 280
187 469
-207 -457
-274 -144
142 156
-115 146
-372 -463
-339 328
92 345
-218 217
475 -464
-490 -199
29 40
-393 358
91 -497
215 -499
-299 160
-52 362
342 -24
451 333
-58 -368
-443 238
158 -396
-262 251
-198 147
269 -140
-18 75
-253 -346
-181 83
317 305
497 -391
-75 -113
-42 350
-50 -317
195 -230
-499 -306
367 -331
-5 183
342 307
415 352
-336 -365
-160 85
103 287
245 -464
31 -65
-71 -461
-496 -23
357 205
257 314
302 -386
271 -228
380 -246
147 443
28 -271
-184 -148
188 208
102 489
126 326
-45 -122
-235 280
-100 -407
-265 -104
173 -42
-28 278
-113 64
287 -25
-241 78
386 -351
383 285
-69 -92
-194 125
-177 300
55 308
257 455
480 -71
-34 -386
3 -363
473 263
314 -438
-55 197
-205 -208
407 -352
-25 460
-259 -452
249 -325
-239 86
263 492
297 -317
425 -136
294 380
-418 -257
-354 -76
347 -325
151 87
47 213
-472 -361
-412 417
-38 -227
74 356
137 459
-182 321
122 295
469 279
57 208
-258 313
398 -436
133 -27
407 153
218 -231
269 437
284 -218
-127 -247
-437 374
-79 -365
126 -174
-221 -74
461 -173
381 -281
-85 331
122 -258
452 215
419 -491
-284 355
-237 120
-233 460
91 7
-282 202
119 233
-470 57
81 -70
-378 -332
41 -457
121 -1
157 264
-411 297
-246 -168
-215 -395
144 442
67 -358
95 -72
-371 301
382 120
461 -337
-321 427
427 392
401 284
421 -412
-319 429
154 129
174 484
-443 60
186 -495
184 312
-483 202
-101 -160
-222 445
422 375
-31 -198
236 47
-63 -93
-205 168
246 -64
56 443
16 118
-465 300
162 -315
30 -387
63 -314
253 -5
314 -107
1 350
-354 -482
487 -301
105 -47
151 -394
-27 -300
453 12
51 -500
-469 230
314 12
463 -128
-117 21
276 -497
-356 246
-166 82
-189 -460
161 -348
72 264
-472 266
300 -341
-273 319
44 419
23 351
283 65
-186 -72
437 -266
77 408
-81 415
-293 -65
144 471
372 -369
371 236
66 -15
-226 -473
-405 213
-51 133
177 294
200 -344
328 85
-80 160
419 -95
74 390
263 -484
166 -163
-262 434
18 -299
-177 -282
321 337
418 158
-449 -338
-144 346
467 246
-389 292
320 -419
314 -203
-293 -301
-260 209
-453 452
144 329
-262 -304
-382 -323
-96 -9
-126 -459
-49 342
-4 403
460 425
-340 -56
-446 196
-191 132
466 136
-211 302
307 393
-114 269
-70 448
438 249
362 -346
-177 107
-361 137
-329 -71
200 -285
-41 -260
444 -418
-25 -3
-208 328
-65 159
-265 -470
-86 203
-143 -29
65 266
258 435
-212 -253
-224 492
125 198
466 274
-100 272
-412 238
-220 -54
17 407
492 188
67 -397
-223 234
-97 -80
79 96
-122 -1
276 7
232 189
-147 -175
-82 -246
290 -147
-195 349
3 146
364 291
-90 83
28 98
-70 345
-330 -482
316 134
36 437
178 -451
-6 -69
252 -439
-80 417
-46 189
-96 162
-161 -373
-28 -435
380 241
-119 -362
307 -14
-118 -37
5 -135
247 186
155 210
-449 283
75 169
101 126
318 -232
-126 -488
-75 -500
-84 -292
225 217
-133 362
-223 -15
-8 -290
-344 299
-202 -156
-174 -258
-279 316
188 61
192 -72
393 48
-217 97
99 245
448 -38
-137 208
133 -458
-8 459
-316 -307
482 414
-448 -171
-405 105
466 -263
-209 -250
-352 501
303 26
-231 -501
-302 27
51 -361
209 -39
-16 -447
-410 -172
77 17
-152 107
-31 -491
304 209
-334 -479
-98 -499
207 16
430 4
-183 406
459 -377
285 -295
185 -37
324 -77
-471 -310
392 -86
178 323
379 -40
-346 -335
-274 -176
63 96
-362 -261
475 369
-177 317
-210 -333
-353 -170
-128 -78
-51 407
-240 -197
192 475
-264 -94
-225 4
-76 210
-361 -423
358 -177
265 77
114 -180
432 -320
-38 380
-163 438
148 296
305 77
386 155
119 2
117 446
345 95
-6 -14
498 -288
378 453
287 -99
406 308
-81 62
-485 202
498 37
81 376
-459 -447
-461 -299
296 226
404 211
401 -402
-3 -137
-215 344
345 -146
-20 200
-232 -243
391 -411
210 104
-371 360
-74 -312
-396 396
-46 -92
87 198
-52 243
371 -62
340 -168
147 -487
-123 171
-53 -48
-1 162
-3 -262
-35 -117
-50 -229
501 42
-457 -477
-238 -351
-330 53
-405 -31
-257 -26
76 55
-308 -438
-452 -118
409 -448
-380 257
78 446
401 392
-394 -196
-13 -488
-141 19
-218 -322
101 -338
-369 347
-74 103
150 -240
73 388
-15 -451
-134 207
237 308
-467 153
331 418
-230 481
-229 418
202 91
-184 385
85 160
292 -389
-230 85
137 35
336 220
-177 -48
13 81
321 -448
-125 -449
103 378
14 331
272 330
0 -170
68 290
-275 153
-243 293
-283 -67
-389 -462
21 395
247 -461
-404 -490
267 -371
-388 479
-450 -148
-269 482
-411 89
242 -248
-248 -349
356 -323
-104 -435
-147 -131
416 445
-263 -327
-240 449
-181 340
98 -229
36 452
432 29
-337 457
286 -437
163 -251
-87 -479
-170 -135
-7 182
-347 -256
-314 176
-374 312
-482 -109
232 497
-312 89
480 369
143 -191
122 281
363 -49
-210 -46
-326 -483
460 -265
-193 -481
-126 76
-205 112
315 -35
-496 -339
-393 -389
-203 450
-479 -166
172 110
338 -351
416 -388
485 428
-403 -327
17 -267
-339 -209
-6 304
-202 -235
113 414
207 228
-224 305
330 234
-102 78
267 259
385 384
103 -3
423 -136
310 278
-287 -261
485 255
27 -199
113 -86
209 -300
-274 -368
376 -469
415 -112
111 142
-14 -217
153 -75
214 231
280 193
-48 -383
263 236
-134 -145
57 21
-24 242
111 346
223 -112
343 280
-114 208
225 212
-425 -255
-141 278
-277 -493
-163 63
-213 87
-1 131
-415 417
428 -351
89 209
130 -108
258 -178
451 33
-109 -90
-109 193
326 -407
227 -483
-489 -449
173 -169
-137 10
319 -136
-303 277
-458 21
-248 151
204 -219
-213 -109
137 -6
-392 313
130 133
-48 -436
-471 -302
-144 24
116 -168
-319 49
-480 378
283 75
335 -336
327 -418
-488 463
-482 184
-482 14
-323 -124
378 137
-462 -144
-490 226
-338 -266
336 -107
-105 -324
186 -205
158 306
-38 417
157 -234
-140 18
344 -467
432 -355
-60 44
-99 -155
411 24
319 -336
-454 -238
220 -151
113 -449
319 272
239 122
38 -99
-8 380
27 -369
317 231
-477 111
209 124
396 -288
-437 -20
-449 498
120 -182
-412 -3
12 -26
274 101
-410 193
46 -58
-236 414
-257 -476
-350 -470
-500 -494
-440 247
228 -208
318 384
-417 133
-17 -390
54 -426
-296 74
183 -49
-164 -332
261 -265
