300
31 30
7 1
-24 6
36 1
18 -12
-7 10
12 35
22 -32
-4 -14
-23 -17
-12 17
30 25
-15 6
17 -1
10 -13
-27 -20
0 -13
27 -13
-31 19
-7 -32
30 -27
-34 21
-34 -18
22 -31
-7 8
5 7
22 23
2 2
25 -30
-30 -19
31 -35
35 -18
-35 -38
3 -37
-24 32
13 -10
25 17
-29 -6
-16 13
6 -29
35 -4
-9 26
-12 -30
-28 24
20 35
19 -28
6 -9
25 6
-37 16
-13 -38
8 0
-29 4
-15 35
-9 9
-4 -14
-16 -22
6 -39
37 21
-35 5
-26 27
-15 -21
-15 13
-11 -18
2 -21
-2 12
34 -22
-30 33
-24 -9
-4 -31
31 27
-38 10
-1 13
15 -29
-12 37
8 -3
29 22
-29 10
-9 -32
35 -25
2 -38
-12 17
-5 12
26 -34
27 3
-21 -4
-13 -1
-25 -19
26 -25
9 -33
-28 12
-10 9
14 -20
-29 -5
37 -22
15 5
-10 -30
21 33
-25 -35
-37 -4
18 25
-2 11
-9 1
-23 -27
-31 -13
26 24
25 -25
20 31
-32 -29
-6 30
34 -20
6 -12
29 1
25 7
-30 23
-34 -4
-22 -28
6 -4
28 -14
-22 35
-17 -16
-25 -28
-16 -29
16 4
-27 38
-27 -3
35 9
-29 22
-31 -28
32 -34
-11 -35
-8 27
-10 17
0 -19
34 -5
34 11
13 -2
9 8
-34 -9
21 -3
-10 22
-34 21
11 -5
8 24
6 24
-21 -22
1 36
-13 1
-20 -9
-22 -9
-26 -31
23 -18
8 28
15 -9
15 -26
8 35
38 36
-31 13
-15 35
28 -26
22 -21
28 -32
-38 -31
22 -25
-3 38
-35 -32
22 31
-2 -4
-34 1
-37 26
-16 24
-5 -5
31 15
27 -25
-3 -34
-36 -5
10 12
9 -39
0 -31
-16 34
-29 7
-20 -10
2 -11
-31 11
14 30
2 -37
-12 32
-33 -27
-23 -23
6 -6
-32 -19
10 23
-9 28
-27 -30
4 -34
13 -29
20 -17
-18 18
35 -32
-13 -2
15 16
-17 3
-16 19
-17 34
-21 -27
-25 21
31 21
-33 -4
31 32
-22 -26
14 35
-15 -29
18 8
36 2
-16 -33
17 -34
11 -11
21 -23
0 31
30 -24
-35 -34
28 -25
-34 6
-24 7
35 -17
18 -33
-34 -7
24 16
-28 9
-10 -38
-22 22
-11 -2
-38 -29
5 -37
37 -3
11 16
33 38
17 6
20 6
13 12
-10 -27
15 18
-21 36
25 22
29 -21
1 16
-38 -14
38 13
-5 -7
3 -35
12 0
26 28
30 -38
-15 13
18 -8
-7 5
31 -15
-33 -6
15 17
-5 30
-28 12
-34 -22
-32 2
-27 5
-18 1
-23 -20
-29 18
-8 -12
35 -31
27 5
-3 6
14 10
-2 -8
-1 -23
32 36
-2 -16
0 37
-9 14
-19 19
30 -39
27 -34
4 -34
-29 -22
10 -8
-7 2
26 14
6 -29
-4 35
2 32
-13 20
0 -27
1 -13
-1 22
11 7
30 -20
-22 -14
9 6
-22 -25
23 28
18 -32
-9 -10
