300
20 -46
-5 34
38 26
-29 20
28 -12
6 -16
42 -17
-44 -38
-21 32
-41 45
7 41
24 1
29 7
-14 -19
17 -1
29 -15
-12 33
36 -6
-27 16
-43 11
44 41
-14 -10
4 46
36 19
-10 -6
-46 8
-26 28
33 -4
20 -27
-40 44
-42 12
24 35
-15 22
6 8
-27 -28
12 -13
46 0
-33 -30
35 35
-27 -17
15 14
-2 -37
-1 34
13 -15
39 4
33 -10
-21 -12
-20 27
-1 -30
-16 16
26 -3
-3 -45
0 -31
-18 46
42 -21
33 16
-5 12
21 4
-13 -26
-2 45
-24 -46
21 -35
33 5
34 -46
-45 11
-40 41
-33 -11
2 0
31 -25
-18 -4
19 -27
-34 -11
-29 3
7 -31
-12 -42
15 -21
26 19
-21 45
-23 -2
31 23
24 21
17 44
-32 -12
-36 27
-36 -36
-4 -43
-32 33
9 27
-28 1
-44 18
8 -29
-33 31
34 -17
-37 -36
33 -36
-43 -15
27 25
-9 28
33 -23
-20 -20
34 45
-25 46
34 -14
-22 -6
-13 -35
4 -33
29 18
4 -17
-26 -24
-44 24
-37 22
15 -22
11 43
28 8
7 46
19 34
-41 15
-39 35
33 -10
-7 37
32 -40
12 -20
11 -15
30 -20
41 -18
-5 -6
-13 -35
26 29
-40 41
-35 9
22 6
33 4
15 -37
15 -8
-18 -40
20 -26
25 20
-41 -12
19 -20
-16 -8
18 -32
0 27
-42 -17
-13 -22
-28 42
-18 37
28 17
-37 -17
28 1
20 -42
-3 -14
-45 34
43 33
2 -1
24 2
-5 -27
12 37
7 7
8 17
22 6
-24 -4
-16 -12
44 28
40 34
-23 23
-19 40
-37 45
9 -41
0 -32
24 -5
34 8
20 -5
18 -15
-12 8
-5 18
3 -2
16 -23
-33 -17
-4 9
28 -7
2 -21
11 -20
15 42
29 14
20 43
-18 -38
-11 34
-9 25
-12 30
-8 25
-37 -42
-30 -37
44 -33
-32 9
36 -33
4 -9
-1 28
-15 -5
20 -12
-3 18
6 25
10 -30
-17 0
12 -36
-30 -12
-34 -45
-27 -5
43 -20
26 45
-46 -32
14 -4
-26 -3
-7 -31
-21 -16
37 45
-11 -34
5 44
18 16
-18 8
40 -7
-17 0
-10 -27
-18 17
-8 -43
16 -13
-31 -27
-11 -3
-6 39
7 34
27 -12
3 -38
28 -13
-16 -14
-9 12
33 -40
-1 41
-38 -1
4 -27
-22 -13
-19 29
-21 12
20 21
-25 15
-25 32
-20 -36
13 45
12 37
42 -42
-6 32
39 -4
-15 -43
7 42
20 -43
40 25
30 -39
-28 -36
46 21
31 5
-10 -32
-1 8
-2 -28
-41 8
-17 10
-5 9
43 -45
-33 34
-14 -7
26 -31
16 6
-46 2
-43 -32
-14 20
-20 -41
19 -40
-14 -33
14 31
33 12
26 -46
44 15
29 -44
-13 36
-31 -33
9 3
7 -17
-3 -43
29 -45
38 23
-21 -28
-28 -20
41 -26
-13 -35
-27 -40
-17 6
-29 -4
8 35
42 -19
39 -22
6 -42
-19 12
-5 17
