300
32 -30
55 -15
72 -3
-2 30
-63 58
-15 67
63 34
-83 -32
-83 -22
-54 49
-25 -47
-27 14
72 -76
-59 40
69 -51
62 64
67 26
34 9
-12 84
4 60
13 36
64 69
-38 0
-22 -57
33 39
29 47
62 -67
34 -82
43 54
8 -76
-6 -62
-52 53
-79 -33
17 -20
-22 12
33 40
66 -52
-44 23
38 48
40 -12
-48 56
-51 -8
-19 46
51 8
53 76
2 -59
73 -16
6 -61
-21 -39
-37 33
-33 -26
46 49
-12 50
38 -71
-63 -33
-46 -70
-78 -35
-71 -85
-36 -24
28 52
15 -46
24 5
-23 -16
-25 -68
-8 55
42 -49
-76 -19
64 57
-70 -28
-84 55
20 -17
39 81
82 6
53 75
42 -46
8 -10
-84 -34
-23 -33
23 -59
-14 9
19 0
-44 23
-66 -2
60 61
-45 78
21 15
-33 -41
-34 52
38 -51
-34 28
25 45
82 68
9 -80
58 44
31 50
-53 -42
37 0
35 -16
16 -4
-4 -40
39 43
-36 0
-30 84
54 28
-47 83
-73 65
-8 16
0 -61
-76 -16
79 -84
84 20
70 7
12 46
-53 64
-80 71
-51 47
80 13
-19 -6
42 49
7 71
64 -33
17 53
-39 52
53 3
69 17
59 -60
-37 -51
-16 76
35 11
76 74
-19 1
-80 -71
-69 -30
-11 -77
-1 -31
-69 6
-37 31
-59 82
-33 51
-57 -66
43 29
-43 59
-33 1
47 5
-45 66
-55 57
-76 -59
-69 62
-26 65
-52 -42
-19 8
70 72
-41 2
-41 5
12 56
-16 -83
-72 -43
-15 -70
31 -11
15 -61
-44 -12
47 71
-52 5
-55 7
-15 49
-38 -36
22 -1
65 -23
-79 -15
64 -55
0 4
72 46
-38 26
-68 -62
15 -33
71 18
83 23
-10 51
-22 -81
-59 37
-57 5
-67 -10
-38 33
-20 -12
-67 -77
-35 -66
-49 -75
19 -31
56 76
15 27
-13 -82
76 16
-5 -44
-35 4
48 -24
-18 -82
-17 -68
67 -5
18 -33
-80 60
50 62
-17 59
47 -42
-47 -44
-35 24
11 12
27 26
62 -50
79 4
-63 -29
40 41
15 69
72 -14
-38 -20
32 -5
68 -36
42 7
36 -44
25 -56
22 63
-27 -57
-3 48
68 -83
12 -5
-46 29
67 -53
47 12
-84 73
73 82
18 73
-22 -40
-66 -75
-61 -21
43 39
-41 -74
-26 77
59 75
19 -58
8 -26
41 48
-12 -18
55 36
7 -8
76 66
-49 37
81 -43
83 81
-15 -75
43 -72
83 -52
13 -67
-8 52
-28 -53
-44 -14
4 48
-62 -76
-12 80
-82 -37
-38 12
-60 -53
68 36
-12 -41
-3 -58
30 15
-73 -81
52 -27
-28 -49
-14 68
-11 30
-65 29
-72 -58
7 1
23 -52
-1 21
43 49
-70 73
-74 76
-31 -13
84 44
14 -14
0 -48
55 -4
-4 63
-55 -22
-8 -63
6 40
-73 15
-11 32
25 -77
-65 48
-45 -57
47 -25
-31 -11
-21 -84
-33 -26
-84 84
-71 69
3 75
-83 -18
18 42
