300
-18 62
27 54
4 -48
-34 65
-19 -32
-31 -3
43 20
27 33
9 56
-61 -8
-13 13
-51 -20
-37 11
55 17
-26 17
29 -60
42 -12
-17 6
-20 -12
64 -26
22 -28
-29 -43
-64 -43
-40 -26
-43 25
37 -21
37 34
0 -44
54 -47
36 42
29 61
-19 9
14 57
26 -43
3 -5
-7 52
-14 -31
5 -28
13 -24
59 -44
31 -19
-5 37
-52 -52
28 -34
-22 32
-47 -37
-60 13
-17 5
-18 56
44 15
-53 -21
55 -59
-3 -63
36 11
-4 37
62 41
-62 30
-19 -65
55 12
-56 21
-27 49
-37 62
62 -22
54 62
-54 25
-42 -4
14 42
36 -54
63 3
30 -36
3 15
59 -46
-1 -32
25 -10
7 -11
-44 49
19 -4
-22 -34
-61 53
-62 34
-2 -52
35 31
-31 -17
-64 -13
-41 46
-33 -46
-3 7
-58 63
-50 -62
9 13
-11 16
-64 23
-13 -64
-29 -22
-33 61
55 65
61 22
-63 -20
0 35
-53 49
-37 32
-51 -44
-59 -17
53 -47
-28 24
-59 20
64 0
52 51
-16 -22
-59 2
24 -57
1 -15
16 4
-42 20
61 19
-55 -43
5 -30
10 20
-5 60
23 2
46 24
-50 -50
-1 -3
-7 43
25 -39
34 -17
40 -24
-37 -17
8 46
21 -45
-21 28
62 -50
15 -60
-54 11
-56 32
5 -10
42 61
-3 13
-17 -34
-20 32
-44 40
-15 -47
0 14
-54 18
-5 18
-2 33
-55 5
-28 -44
-14 -56
-63 -18
-61 40
-1 -34
37 5
15 -39
4 57
63 -23
-41 17
10 20
32 61
56 45
-7 11
-8 45
23 -13
-65 -23
6 14
-61 1
54 -15
52 13
-56 30
50 51
-30 48
-5 46
1 6
-47 -49
-35 -41
-55 34
-56 -40
-14 -52
16 22
6 -37
59 -2
-44 -65
16 28
-48 61
45 -16
57 -54
-44 -33
33 -27
35 -21
-14 13
30 34
-62 5
21 -36
-62 57
2 64
-14 -21
33 19
21 -22
-14 63
6 26
1 -21
22 22
-41 -43
-33 61
5 52
-48 -47
49 64
-2 -51
44 -11
-16 59
-10 -35
-24 40
-4 15
-63 -5
13 -8
21 -52
-18 -7
43 -51
-33 -31
-4 55
40 0
-22 -52
-32 -35
38 -56
-12 -25
-38 59
-10 -20
5 -64
-34 49
33 -20
52 -26
-11 36
30 -33
10 -60
-47 29
-46 -37
-44 25
29 -8
17 45
-23 26
-11 -7
-60 32
-10 1
44 52
5 24
-64 -8
6 62
-50 1
51 6
-8 34
-62 48
-24 63
20 25
-52 11
5 22
-16 -41
-11 33
-43 11
-15 8
21 -44
-53 33
-28 28
-39 17
-51 32
41 59
29 -38
-55 -19
40 45
57 60
-22 0
-57 24
-29 -30
-62 -26
53 28
13 37
57 42
60 -53
-44 11
48 51
-52 -20
5 -4
37 -24
44 -30
-45 33
-24 -47
-65 26
29 30
-1 23
34 -40
-41 -40
-41 51
63 -37
51 34
-5 -19
40 57
12 -35
-25 27
23 -57
35 -52
-18 50
