300
-18 16
-29 -7
-23 -10
-5 -9
29 -7
32 28
-4 30
27 -19
38 27
8 -6
-22 -1
-36 21
11 24
24 13
37 6
-16 0
33 -4
16 16
-28 -15
-11 10
-11 23
-37 -10
10 -35
30 12
-1 7
13 -22
11 26
-20 12
9 4
-36 31
9 8
-38 -3
-4 16
6 -4
-19 -18
26 8
19 15
2 13
19 12
-35 -16
20 -35
29 -38
5 2
-3 -13
-11 -17
2 -1
-4 -11
-31 -22
31 1
-33 -23
-11 4
-14 -11
0 -38
-33 2
17 8
36 -26
-19 -20
-12 35
-7 20
-3 -9
-22 -32
37 -17
17 -20
13 25
-29 -9
36 28
33 -36
-12 20
14 16
-25 8
-14 22
24 -11
19 -6
16 -28
11 13
-32 -29
8 9
-20 -18
34 -22
28 -39
35 23
-30 6
9 3
-19 -30
18 -2
-21 2
-28 -6
38 -39
6 3
21 -23
-14 -20
37 -31
13 37
-17 18
-26 35
-10 6
29 2
-33 2
-30 -23
-31 30
-27 23
-12 -11
-38 9
-35 23
-2 0
14 5
35 12
26 -16
-2 -26
19 -8
-20 -26
2 2
32 17
24 -5
19 -17
24 5
34 37
-7 3
-6 -12
-26 28
-25 -8
-10 19
-14 -20
13 13
-31 32
-13 -22
20 37
-20 34
17 -7
10 13
-23 -28
-16 17
-1 -37
-16 -12
-29 -15
37 -15
9 4
-9 -32
32 16
25 30
0 21
-8 -15
-23 -18
-34 -5
1 22
30 -19
9 -21
-38 17
27 10
-20 24
-32 17
-25 -11
33 -39
-30 26
0 5
-4 -24
12 30
31 3
-26 -19
-3 -34
5 -31
29 18
23 -20
-37 -26
23 -35
6 -28
29 35
-21 14
-29 -37
-14 -10
-18 8
0 -8
-28 -38
-24 -36
28 -36
26 8
-5 1
-36 24
-28 -30
-9 22
17 20
-6 -32
-33 32
21 -13
-37 15
38 -27
27 -35
19 35
29 36
-17 -6
0 37
14 17
-36 -24
35 26
-9 2
-17 -20
4 12
-29 -1
17 -33
2 -37
-14 -12
-24 -4
-32 -21
-5 14
-8 3
-15 16
22 -6
-22 10
-7 -23
38 25
20 8
14 -13
-1 -14
20 11
33 0
23 25
-33 -39
13 -28
4 -50
29 -5
27 -25
38 -17
-17 -11
8 -16
25 -39
36 12
-16 -39
29 -1
31 -2
20 -37
-20 30
-19 -21
33 30
4 31
-10 24
-29 -15
-27 35
-33 10
32 -11
13 -12
3 1
5 -14
-28 22
-8 29
-21 24
-4 1
36 -28
-39 -34
21 -14
-32 -3
34 4
-3 -5
13 -6
-26 26
13 -38
26 3
-7 18
19 7
-19 10
-38 26
-1 33
-32 -25
-27 14
-31 -1
-2 36
34 -9
37 -18
-20 13
-16 -24
31 15
-15 -9
26 -15
9 4
20 -38
-7 -24
-34 35
2 -33
33 19
-33 -9
22 6
-30 12
-36 -27
-36 3
32 6
-9 2
-27 30
-11 29
-26 27
8 -8
-12 34
-19 -29
25 -3
1 -36
0 -23
-30 -4
29 29
10 24
-16 -8
-4 -22
35 19
