300
41 7
54 -10
-29 60
-15 62
-44 -56
-52 56
5 21
-35 15
-22 21
7 45
-27 7
20 29
0 24
-42 -7
-14 -44
29 -4
0 -18
18 -26
41 -5
32 7
-40 12
-43 16
46 37
35 2
-21 60
-14 -58
35 -5
20 -32
63 -44
-27 60
55 14
13 -44
-6 42
-2 47
11 -61
-28 11
12 -59
-54 -14
14 23
42 -35
-58 43
-62 50
-42 11
13 41
-41 -29
-27 -6
-11 58
4 -25
-4 -16
-27 12
32 -26
-48 39
-11 -39
22 -55
-38 54
8 -22
14 47
-9 -59
29 2
9 56
61 17
-10 -55
-40 33
-35 -62
-12 -31
-34 55
-42 42
-37 -10
12 -13
-41 -32
40 -23
11 36
-50 36
15 -28
-15 40
-10 -23
50 53
-46 -49
7 19
-53 15
12 26
62 53
7 6
44 25
11 9
28 0
-27 -6
-21 -26
18 3
18 -24
43 -17
31 13
-16 51
19 -24
-10 0
54 -20
-3 61
62 -25
60 49
55 -19
-32 -26
-35 7
28 33
8 50
-22 4
44 -18
-58 -27
42 -23
13 -7
20 22
-14 -56
-40 25
-61 6
-19 32
60 -17
10 -30
29 15
33 5
18 -12
11 -8
11 -4
62 51
-26 -63
-3 -48
-54 33
-52 -32
-10 59
-7 51
-34 -53
-15 62
-60 37
-31 -20
35 29
7 -25
-33 42
45 50
41 30
-19 -4
20 48
-46 -3
45 4
14 55
-14 -10
46 4
-47 0
-24 -35
15 20
27 43
0 6
-30 3
24 -52
-35 -42
13 -28
60 -22
-30 -54
-16 31
-33 24
-34 59
-16 -39
-1 20
-9 -24
47 -32
46 3
20 -53
16 -30
-54 49
30 -43
9 -38
54 46
48 -44
2 14
-15 -39
-4 -62
-4 -63
51 -6
28 29
-43 11
-35 14
-33 -25
62 17
-13 58
46 13
-29 -36
-59 9
33 63
-62 47
-9 56
-3 -60
57 27
-43 -24
-60 4
41 44
-40 50
-40 52
14 31
-9 49
26 -117
-17 -44
0 -26
-15 -37
32 -37
34 -32
50 -48
60 -33
-34 -56
-57 -39
-32 47
-56 -48
-9 34
-12 -46
32 1
2 9
-43 -30
5 -54
-6 -46
26 0
-5 -45
14 36
-59 -41
-10 0
55 -60
19 62
49 30
3 -18
62 -20
-4 24
-21 57
23 -12
29 59
-17 18
45 -40
-3 -63
-30 2
-57 -20
-18 10
-23 -2
54 31
4 -4
-29 -20
-49 9
-41 59
-47 43
27 59
56 -60
16 29
-29 13
-52 -34
-14 48
13 -23
36 44
-49 0
60 -1
-9 -44
1 57
-22 -7
-18 -42
-11 41
4 9
-17 41
61 -106
-14 -55
-33 -63
9 -16
-34 -22
19 46
44 63
35 -30
12 17
26 27
25 6
-8 -48
-2 31
-8 -3
-53 -31
-17 -46
56 8
17 -60
44 14
62 54
29 -60
48 -55
63 -52
59 -6
-56 20
20 60
42 -2
-41 -53
61 -31
-55 3
-41 7
-24 -6
-18 40
11 23
18 -53
44 -57
50 28
-2 -34
-9 33
59 11
47 -48
