100 100
58 63 39 53 31 26 23 118 95 117 42 65 14 75 44 87 105 0 42 22 33 59 24 2 22 0 50 1 121 105 83 50 94 4 0 0 28 13 9 41 15 34 30 47 122 98 71 123 17 35 74 111 27 0 84 50 73 45 40 82 16 52 44 0 69 89 45 9 9 72 88 77 0 54 25 3 101 31 0 91 82 22 11 39 0 0 19 52 48 88 121 73 121 124 120 101 69 1 2 19
36 53 5 17 0 27 23 86 51 13 59 32 25 99 118 124 110 124 0 86 21 83 98 33 37 81 51 34 15 124 39 121 117 30 124 24 0 60 62 101 84 100 115 37 18 46 48 23 48 80 25 20 105 57 9 3 87 27 123 28 100 104 7 33 84 4 61 123 125 51 97 70 122 2 75 3 48 29 46 14 62 5 72 71 72 5 102 94 120 79 100 2 32 11 58 75 122 17 16 26
84 77 39 102 1 51 10 0 67 36 84 40 17 25 10 55 0 77 29 0 33 42 30 51 90 121 115 0 79 97 45 108 0 9 96 36 95 0 0 0 39 113 0 8 51 107 100 89 75 34 28 84 50 47 27 0 0 15 55 101 50 125 40 0 81 63 21 122 0 120 94 32 45 61 112 24 36 99 104 19 58 24 104 86 106 38 6 97 31 95 113 68 54 25 0 95 121 68 86 95
16 91 95 30 119 104 33 61 81 32 3 3 45 50 119 42 4 0 1 113 14 26 71 117 85 96 51 36 0 0 96 12 0 115 0 0 122 62 61 57 92 0 0 4 33 95 23 34 22 87 49 8 119 0 0 3 10 0 118 6 0 77 90 89 58 38 43 72 108 0 56 66 89 22 69 0 111 0 55 110 18 10 0 88 0 0 0 113 110 0 28 24 93 38 54 35 0 113 0 45
78 23 46 91 73 64 70 70 114 60 55 105 1 119 17 76 48 123 83 87 0 15 89 110 7 108 0 84 67 6 82 104 85 47 20 41 18 104 37 10 15 27 56 60 31 12 61 18 1 58 12 120 109 100 45 25 42 102 9 53 0 124 0 88 103 29 52 92 111 80 121 102 92 62 30 19 92 15 68 94 94 115 36 53 121 92 74 23 61 29 72 63 90 80 47 20 107 108 66 40
114 0 92 66 6 48 38 96 16 112 9 80 77 42 115 38 43 25 53 113 15 37 92 106 10 36 30 20 120 2 38 7 50 36 50 60 62 38 33 104 106 36 119 57 117 9 14 6 123 103 44 23 14 122 61 82 93 102 84 8 118 116 64 94 0 81 39 49 88 108 39 106 106 0 17 90 120 93 69 57 80 106 46 117 52 44 80 71 59 112 1 74 7 51 41 10 66 108 24 60
0 0 0 0 0 54 44 71 87 109 0 90 0 72 17 98 58 0 84 37 50 26 0 15 10 75 41 18 2 0 84 54 67 99 103 111 5 0 80 0 73 3 97 47 114 79 118 0 43 0 0 117 103 43 19 0 0 79 0 89 55 103 41 65 0 23 97 0 93 63 12 104 25 58 13 125 30 0 58 0 79 93 60 0 40 100 39 41 5 53 88 7 0 45 0 82 3 0 63 87
106 103 87 91 3 28 66 4 110 74 41 103 105 35 121 71 120 96 93 0 114 0 0 49 15 30 53 18 29 0 13 47 101 53 61 84 34 34 81 102 0 101 86 74 0 9 81 116 68 58 93 86 32 18 84 0 21 22 97 62 0 112 5 0 55 113 46 85 41 0 102 61 0 68 116 55 86 51 91 27 78 113 65 95 86 124 109 0 15 0 99 119 61 58 66 96 46 110 17 106
112 13 48 84 45 58 20 43 59 21 52 100 18 115 80 61 84 84 76 57 125 77 91 50 51 107 24 85 79 0 118 6 83 70 102 117 37 93 71 0 101 101 33 47 108 46 13 89 68 2 0 57 20 97 48 13 0 50 70 118 16 125 80 69 41 40 57 38 83 42 27 81 20 119 37 94 38 31 115 73 113 51 67 17 97 107 75 37 20 73 114 118 3 52 48 65 77 73 72 84
45 100 55 14 122 16 99 40 73 27 79 58 56 59 119 34 4 100 4 10 31 42 35 15 15 107 97 64 56 121 104 60 2 104 0 22 20 8 37 70 23 119 3 64 114 24 95 53 122 103 76 2 21 60 102 0 6 44 100 77 104 63 62 113 90 6 85 0 109 59 77 31 56 98 17 56 3 39 120 46 2 117 57 16 57 49 110 25 119 53 77 48 119 56 98 0 117 122 49 84
119 32 86 29 71 124 65 0 48 27 24 9 73 85 40 79 44 3 94 29 27 5 88 15 0 110 60 0 123 26 112 1 31 0 75 70 88 43 25 110 3 123 41 59 9 51 100 87 58 19 0 104 98 72 100 72 30 15 1 62 87 110 124 43 110 95 77 121 34 76 79 69 80 96 68 0 124 112 102 98 1 29 55 98 74 21 0 102 3 2 54 0 10 95 93 61 102 43 0 32
34 63 101 79 121 114 40 7 77 117 5 104 85 9 60 21 96 25 82 54 40 53 82 7 104 23 31 57 4 49 124 82 74 51 20 85 71 105 62 85 70 91 117 93 5 26 5 19 119 41 29 83 9 17 124 7 35 84 7 21 94 12 22 122 66 32 3 50 42 96 83 116 47 42 23 121 98 23 105 108 53 88 25 61 86 33 29 109 44 36 49 40 71 106 123 115 0 60 66 60
122 113 119 120 94 63 37 73 98 33 63 29 81 53 100 24 11 26 36 62 49 6 124 65 48 0 113 39 39 46 94 83 11 91 100 65 115 122 118 56 67 38 102 72 125 8 49 62 84 71 35 27 1 109 92 63 23 10 100 24 105 124 76 60 107 30 89 58 108 114 49 106 106 0 108 122 82 12 19 81 83 66 90 107 44 87 85 103 123 54 2 4 78 14 21 88 104 15 42 20
33 88 53 47 62 93 2 121 24 68 48 79 49 120 119 75 82 63 97 8 3 93 17 78 93 26 115 11 99 98 4 119 60 64 108 96 84 23 76 86 4 19 107 121 0 6 118 16 64 54 105 10 73 36 121 52 111 36 38 111 43 22 44 103 62 78 6 81 71 43 116 42 27 12 45 118 78 34 22 84 36 85 36 19 67 122 3 80 122 23 37 33 45 16 49 51 42 118 94 121
58 28 0 44 12 97 0 52 94 46 0 82 88 55 121 0 0 83 45 83 51 1 70 0 90 39 6 3 124 83 103 95 18 70 7 102 0 111 68 89 37 72 94 55 75 113 106 80 113 55 75 21 93 93 80 30 119 34 54 86 108 94 55 40 65 48 0 102 107 105 59 50 107 97 122 93 47 65 83 79 108 35 33 12 48 30 50 42 30 0 86 62 85 20 31 96 107 67 28 27
113 65 74 51 11 124 120 0 105 74 9 50 99 88 48 0 120 43 46 0 54 78 19 32 0 106 103 95 86 107 60 14 93 113 123 80 0 52 30 98 18 60 15 85 43 0 45 107 0 0 38 38 0 15 103 24 0 115 52 0 92 34 89 92 9 69 78 27 50 20 36 60 105 62 47 61 80 62 85 18 87 34 58 0 118 47 120 0 0 0 41 116 101 83 64 0 84 77 16 73
61 41 16 20 48 41 26 55 11 76 76 69 108 53 122 61 88 124 101 114 94 30 34 71 94 30 71 8 13 31 79 40 25 93 68 0 95 0 58 51 3 27 108 97 83 35 2 6 21 68 29 66 37 75 32 12 58 36 9 29 0 123 31 36 56 73 84 94 0 78 99 117 45 55 104 4 20 18 13 21 90 16 34 81 28 112 49 13 100 27 2 111 31 123 44 56 98 122 78 37
54 22 112 45 47 29 67 16 0 62 72 58 23 47 49 91 62 10 21 74 52 58 70 0 96 107 27 92 106 92 107 0 53 0 1 49 76 40 72 65 103 0 37 85 120 99 66 0 43 87 14 108 0 86 40 110 0 77 124 80 100 32 0 0 84 0 50 0 65 97 13 125 99 23 12 77 27 91 82 69 120 47 25 3 56 86 55 40 54 5 0 91 37 6 0 100 69 0 34 79
102 93 111 118 60 62 104 104 75 113 18 74 107 90 64 28 43 41 13 119 36 72 31 72 114 103 32 96 87 79 19 11 84 32 13 81 11 98 44 0 34 29 21 43 80 45 25 11 11 0 66 48 100 21 106 101 120 18 22 110 124 97 106 50 84 65 90 116 97 38 37 87 59 123 71 107 13 4 61 71 70 7 67 16 99 6 117 107 54 86 42 108 15 112 101 51 84 67 79 120
8 9 55 12 111 89 26 46 97 111 62 51 2 119 77 28 89 84 80 106 68 65 80 28 47 121 35 62 0 93 76 49 13 75 88 61 53 105 125 18 92 79 26 0 21 91 94 73 36 87 16 15 86 55 34 114 2 27 87 105 50 24 76 42 123 74 106 109 86 95 114 36 83 122 94 5 1 67 110 108 79 12 65 111 100 0 26 21 32 80 24 119 106 14 58 105 15 92 31 40
0 117 49 1 0 85 48 122 69 57 103 5 86 5 125 16 118 75 100 33 69 64 89 109 3 0 37 125 18 0 31 37 34 104 19 10 31 30 68 18 92 46 30 0 105 94 26 33 45 6 4 16 7 123 110 49 45 0 38 0 83 38 40 44 36 55 28 38 67 83 78 67 9 35 13 0 110 111 106 124 9 36 85 106 41 53 111 85 18 83 112 51 124 12 31 105 94 0 2 25
109 37 41 69 6 116 55 68 86 68 20 25 49 65 8 102 29 113 27 0 86 121 38 122 123 67 24 1 106 98 85 43 67 4 88 41 123 90 1 40 94 110 22 98 92 13 50 118 2 29 112 108 13 65 69 38 68 111 32 116 17 92 39 15 17 124 18 79 55 15 111 114 75 123 49 23 16 1 46 0 9 33 20 48 94 125 100 98 79 20 115 33 77 96 44 10 8 72 75 84
8 2 3 15 27 23 18 91 112 89 61 121 10 112 59 88 33 19 50 18 26 109 2 48 83 55 81 20 106 55 117 50 67 74 109 122 76 123 0 76 23 74 7 95 13 100 111 97 20 6 23 76 118 124 88 65 66 107 122 39 54 38 120 42 22 51 23 26 125 53 17 101 116 63 70 42 111 58 39 27 21 99 31 6 122 65 80 70 14 24 67 102 85 104 89 63 17 120 62 63
3 83 105 61 13 118 37 119 107 33 10 30 109 100 91 89 3 119 20 102 70 30 113 50 100 39 71 109 57 90 83 45 47 21 7 71 52 71 124 67 53 3 114 79 73 101 33 41 42 13 33 85 65 65 65 85 41 65 94 97 35 84 47 61 23 75 115 62 90 16 40 114 115 78 40 108 22 0 124 123 2 67 85 111 114 95 60 71 103 85 57 100 82 6 35 85 11 86 114 67
35 0 0 41 35 70 15 23 92 117 101 68 84 22 87 10 39 0 0 25 40 56 76 0 121 121 105 93 8 81 62 15 40 38 22 47 94 88 98 42 111 123 107 91 101 125 111 3 23 0 32 12 118 5 80 84 25 0 0 77 24 12 0 12 78 56 21 97 80 93 6 20 88 47 17 120 93 46 52 32 113 13 69 21 9 71 42 0 8 105 59 91 32 84 20 112 115 64 0 21
27 86 95 72 80 27 41 39 81 80 61 63 84 87 51 33 105 27 64 61 58 60 96 62 36 116 29 95 56 20 124 122 47 21 100 6 92 74 20 26 98 76 38 19 67 103 114 25 90 7 23 25 116 43 22 67 94 75 41 43 79 58 9 29 93 83 98 61 79 72 91 91 8 106 27 29 56 6 24 36 22 42 41 82 81 104 93 123 112 119 8 5 89 120 48 0 35 96 12 106
2 10 16 84 25 28 117 113 15 108 121 85 76 68 118 98 46 85 16 0 102 19 119 65 32 96 82 84 90 94 118 42 108 79 22 65 100 114 67 122 28 22 106 67 20 25 0 110 105 84 89 86 52 1 82 92 38 10 5 124 101 70 83 78 51 60 27 101 122 34 19 2 86 31 110 1 73 16 114 74 40 70 60 38 1 2 7 67 70 4 78 82 21 85 38 97 24 27 108 120
121 11 52 117 60 112 32 76 114 0 96 71 117 86 19 20 0 43 63 45 60 100 13 75 28 68 0 45 0 119 43 22 65 60 11 67 36 17 67 115 20 5 32 63 52 24 20 77 74 74 55 53 21 2 63 22 122 75 12 0 27 104 42 17 121 83 94 35 94 43 53 0 33 71 98 108 2 9 0 5 15 54 37 103 91 89 84 2 98 26 16 51 66 8 89 4 79 66 55 54
96 50 46 60 41 63 8 60 97 110 115 106 109 63 29 33 62 24 0 38 96 33 79 63 116 87 8 48 70 37 27 115 26 95 36 2 51 8 77 86 112 102 100 113 22 45 87 80 109 43 120 15 63 125 2 106 96 17 40 40 50 95 40 17 9 56 102 106 107 70 61 117 7 22 93 105 5 42 4 64 111 103 108 106 20 41 109 13 15 0 105 83 100 107 17 54 67 124 24 36
14 87 63 1 93 54 16 104 55 46 77 29 112 64 0 84 83 0 58 115 88 63 26 2 64 82 95 110 41 106 0 89 67 36 84 92 84 32 11 38 28 65 63 120 87 118 60 33 54 56 69 78 64 44 18 91 11 123 20 31 106 114 1 74 48 46 42 37 7 78 101 98 107 89 35 89 99 70 8 26 97 53 89 100 88 26 49 15 83 99 81 95 46 7 16 5 27 117 60 17
86 24 51 15 95 78 113 24 2 35 8 7 106 38 93 115 0 17 2 68 34 117 15 78 55 44 117 70 69 79 9 51 104 55 98 99 60 4 25 2 79 61 57 103 84 110 40 54 47 52 121 114 46 87 60 63 73 67 43 23 0 71 3 50 21 74 109 29 91 0 95 38 53 42 119 102 30 11 95 34 60 52 21 91 50 5 7 95 25 107 53 2 85 7 103 54 12 27 104 85
34 0 55 8 96 120 10 109 21 22 18 98 20 123 49 86 106 106 122 62 99 115 12 78 47 56 10 0 114 43 53 33 113 2 112 72 50 12 90 40 125 82 71 67 89 68 118 7 66 36 75 45 111 72 68 63 42 115 25 91 70 13 25 109 115 42 123 119 20 0 25 75 9 107 89 112 39 2 4 17 25 116 78 4 97 125 5 92 76 88 111 97 18 90 94 53 11 73 65 43
0 69 25 38 40 46 78 121 65 31 47 121 22 21 98 94 26 39 112 57 79 58 123 119 115 26 20 73 76 67 0 123 70 98 100 7 68 58 10 122 3 91 87 94 113 63 2 85 66 104 70 21 116 35 105 90 0 47 22 36 30 112 0 45 92 0 32 85 96 12 51 117 70 107 0 103 115 78 22 105 36 67 33 67 125 61 5 60 18 61 68 108 62 85 101 11 91 85 14 9
23 94 70 84 55 108 5 33 102 62 75 41 56 48 0 44 86 31 0 0 122 118 21 113 65 64 18 70 53 47 13 124 60 60 86 83 104 87 105 110 72 49 22 44 66 12 0 20 0 103 0 5 42 48 8 109 118 122 97 77 7 14 90 27 118 21 86 114 44 6 120 9 40 50 11 69 70 100 107 110 73 44 0 51 68 0 14 65 7 17 0 33 44 116 118 10 11 44 85 13
67 45 83 104 79 0 66 115 122 25 14 105 20 33 62 29 56 14 104 117 21 114 111 45 44 112 95 118 105 54 15 52 26 91 56 101 97 118 47 90 22 54 33 8 62 95 6 93 60 86 101 94 94 55 27 15 106 81 87 123 101 41 0 21 39 70 49 2 47 63 70 98 29 97 0 79 78 18 30 53 102 47 50 119 38 13 17 66 70 47 53 63 37 5 62 81 8 50 62 84
0 102 122 35 2 75 67 63 100 63 19 78 70 101 49 22 10 77 65 8 90 39 15 112 30 120 117 0 120 125 0 2 24 94 58 48 61 12 103 16 48 75 95 19 30 19 16 6 46 91 18 66 40 69 54 19 48 87 97 112 115 65 65 118 87 58 56 70 36 38 63 75 23 102 0 38 9 66 39 51 29 109 6 44 78 57 97 119 99 22 99 53 58 25 124 4 36 17 110 83
6 72 88 41 61 104 91 80 56 48 116 81 97 93 8 4 49 33 28 122 10 76 57 78 109 83 13 67 98 78 41 2 71 5 107 95 26 22 0 37 52 103 92 111 89 21 34 96 50 53 41 49 46 14 43 124 56 107 14 70 65 78 107 6 69 45 87 102 77 90 88 105 94 28 19 79 109 82 45 98 111 111 22 3 0 98 76 0 52 19 121 62 76 47 32 0 39 59 75 124
64 16 60 38 45 85 88 41 123 105 89 96 102 59 0 20 28 27 96 0 6 106 23 77 89 103 92 79 32 60 87 17 122 63 119 74 125 83 60 45 0 100 84 40 114 116 65 92 71 18 111 42 32 39 4 47 15 65 6 108 59 30 99 120 121 69 30 102 123 110 34 47 56 112 101 11 103 8 58 10 30 32 125 89 95 99 69 116 31 119 0 15 51 31 40 95 0 41 55 66
19 92 32 0 62 46 39 117 93 0 48 40 35 0 36 67 26 56 69 104 11 95 11 31 0 99 96 42 28 10 66 40 103 95 98 78 0 63 0 47 43 86 0 0 36 0 0 23 110 0 117 71 27 62 89 29 94 14 72 0 13 93 60 97 103 36 117 0 16 22 33 60 22 22 29 39 104 33 48 19 0 122 94 109 80 75 63 58 34 1 46 37 0 73 98 12 19 71 0 108
1 0 0 7 76 98 123 17 120 96 0 97 0 95 121 26 34 0 0 109 9 6 5 121 63 0 97 36 119 107 64 0 51 3 89 107 56 112 1 98 85 2 67 0 103 0 0 92 41 56 65 0 1 90 100 125 63 8 7 118 123 49 98 88 98 8 5 69 0 38 53 0 0 114 45 9 118 67 39 29 67 115 89 0 120 73 23 0 124 20 62 36 101 47 12 27 56 51 100 119
67 70 74 77 110 15 85 0 80 39 109 102 1 44 109 84 4 0 109 29 46 49 69 36 97 96 73 13 34 25 95 40 90 40 35 111 80 83 97 39 96 56 104 53 117 22 111 105 87 81 58 0 40 71 43 68 30 70 33 41 78 37 54 49 9 35 42 62 4 118 35 111 97 29 92 113 121 55 60 57 64 59 81 53 32 22 4 118 13 123 54 33 112 60 100 47 7 121 114 40
62 104 20 19 36 90 3 49 60 79 85 90 109 99 88 68 45 45 103 11 96 86 104 78 26 49 0 34 48 90 15 118 74 50 93 74 123 32 93 72 34 2 45 51 58 99 25 113 78 10 80 53 25 115 41 111 40 8 83 40 112 90 13 124 69 65 98 68 80 71 18 47 28 1 14 5 55 38 124 19 25 93 77 66 62 47 62 123 46 68 81 85 0 3 78 118 13 112 71 114
0 0 42 118 125 80 25 112 34 115 0 1 0 24 0 69 22 6 48 0 58 74 0 85 104 66 0 0 26 31 14 67 54 124 0 37 10 110 100 98 30 0 12 8 58 96 0 36 53 50 58 70 0 79 22 51 37 52 0 24 93 99 0 28 79 0 94 46 18 38 70 113 101 15 7 65 13 125 7 49 39 14 37 49 69 72 23 104 98 50 64 67 60 0 0 0 108 0 0 90
23 108 66 122 42 79 122 24 14 55 31 68 25 69 106 85 4 40 58 41 86 22 0 50 122 0 79 77 67 104 56 111 104 79 0 113 38 50 111 9 96 84 13 11 39 29 63 76 125 88 103 109 104 56 36 116 45 44 121 75 9 111 73 89 110 15 94 77 121 68 123 90 85 78 77 74 71 55 38 59 120 28 46 94 58 24 110 100 85 44 25 88 115 71 80 28 7 61 125 101
60 45 120 60 113 24 109 38 57 65 6 28 18 114 9 88 113 120 79 23 71 37 54 123 63 50 95 0 107 86 102 89 10 62 13 10 99 53 48 49 124 80 69 13 108 0 42 0 86 124 70 68 113 12 7 0 106 115 31 59 19 9 33 45 57 77 24 79 93 67 82 75 42 82 22 23 12 22 10 115 25 34 79 2 0 44 2 0 32 61 100 22 85 93 11 10 52 119 70 75
38 28 46 119 82 81 81 20 107 55 19 86 113 35 67 8 19 58 26 103 91 7 60 52 70 57 120 109 97 118 73 113 82 125 3 105 123 121 15 120 5 14 99 23 114 50 83 116 110 78 79 98 94 20 65 3 120 91 30 2 110 23 45 56 25 62 97 116 5 77 27 12 49 103 97 62 120 119 109 92 43 77 125 80 92 88 98 100 113 61 75 9 96 96 25 0 44 95 47 112
122 103 22 115 83 19 41 9 51 116 107 87 35 102 11 69 23 0 56 107 38 55 99 125 98 22 69 71 112 0 26 51 58 123 87 14 120 109 87 114 52 1 58 0 35 0 91 36 37 11 30 26 27 64 9 72 76 20 66 37 92 65 124 59 32 102 6 1 1 51 71 28 33 24 27 6 23 100 109 19 45 72 99 111 6 69 62 10 42 97 64 95 19 56 62 73 124 123 118 105
89 113 54 71 28 110 74 0 122 61 0 0 23 0 55 55 1 17 67 13 116 43 58 92 69 86 113 35 42 60 100 93 119 111 13 0 14 85 85 67 0 75 105 60 120 31 21 5 31 31 81 117 0 102 87 89 55 0 89 46 60 91 3 118 16 117 78 0 0 123 45 35 35 47 98 30 67 0 8 108 0 3 0 90 88 31 71 26 50 115 81 0 119 33 7 101 100 56 117 73
41 120 12 121 32 47 106 0 102 83 21 34 50 36 3 112 102 108 43 40 27 35 6 41 10 21 102 3 119 19 14 50 12 104 37 33 114 62 36 7 71 75 124 116 0 82 8 123 123 125 15 64 70 49 3 51 89 21 36 18 2 77 83 63 25 118 0 35 32 63 100 84 18 62 21 72 2 62 74 105 72 54 104 83 43 48 22 80 17 51 3 3 90 52 80 39 118 21 46 20
82 40 71 86 85 104 37 77 68 47 88 57 123 50 3 41 20 114 0 64 82 92 70 99 35 98 39 121 102 118 82 0 11 117 110 7 101 33 61 22 18 26 106 43 0 82 25 87 58 71 39 125 101 21 80 92 29 105 31 80 70 109 85 5 41 57 83 76 68 86 62 24 67 109 35 118 85 64 36 19 69 76 98 103 41 91 55 49 52 88 99 14 37 0 22 78 69 77 46 120
5 27 88 48 4 79 75 118 1 92 122 101 5 57 18 58 117 16 32 88 122 103 39 38 1 51 0 0 67 24 21 125 53 94 28 79 45 81 5 15 82 102 15 82 7 57 39 124 27 112 110 79 125 0 33 59 118 123 0 95 90 71 50 33 54 55 62 20 35 1 19 116 85 34 96 34 33 12 12 92 1 87 80 56 117 18 88 23 116 110 41 30 6 69 1 8 33 15 67 51
84 77 50 122 105 84 115 90 101 105 98 81 83 35 0 2 36 121 67 68 98 102 32 77 108 20 117 33 47 21 87 39 23 4 39 2 9 104 35 95 119 14 116 100 121 83 97 114 52 108 115 95 53 29 17 61 114 62 116 11 52 5 125 58 16 21 71 14 61 28 80 36 34 110 22 103 62 12 0 0 10 117 114 12 84 97 119 94 122 30 64 0 22 22 45 38 113 110 57 71
116 36 71 102 27 11 89 43 84 120 41 97 70 18 110 26 120 112 9 62 24 57 84 66 40 26 94 37 14 83 15 0 55 116 54 64 35 70 26 71 48 44 67 84 0 97 104 23 63 22 108 3 65 38 29 114 53 14 70 24 39 95 0 68 99 10 31 49 49 108 53 29 102 64 104 60 65 117 0 49 34 35 48 63 109 24 3 51 119 110 51 37 16 109 75 93 59 54 110 30
85 0 112 3 0 2 125 0 75 120 103 55 91 110 47 9 12 112 46 20 25 5 79 27 65 21 91 20 84 83 87 38 71 71 15 15 55 0 7 26 0 0 8 58 7 35 0 0 99 0 4 69 35 0 105 0 66 6 80 84 20 0 104 0 99 9 103 1 97 66 0 101 53 56 47 7 108 7 3 44 42 18 22 113 124 124 105 22 51 71 75 48 0 0 74 42 0 106 65 94
20 49 0 112 116 15 50 14 97 67 25 82 43 68 38 123 100 125 50 112 87 90 95 106 72 82 7 4 42 0 110 100 70 91 9 31 45 14 71 54 112 49 32 53 26 81 89 4 11 124 65 119 13 125 15 108 113 9 24 29 21 92 79 77 110 123 7 64 113 12 35 113 112 59 76 82 91 2 57 60 46 83 102 80 89 55 40 117 51 98 10 53 49 71 8 89 74 56 19 21
12 9 26 58 21 51 85 86 54 41 4 15 2 102 58 16 120 47 89 14 0 112 77 115 28 115 119 110 46 91 60 20 19 50 16 83 54 43 80 124 2 27 43 30 21 2 14 4 54 34 1 14 13 120 105 53 117 81 91 35 71 123 30 103 49 10 20 120 2 8 57 68 53 69 82 22 89 39 19 30 102 72 17 33 13 92 55 94 53 21 51 57 43 72 61 115 104 25 79 8
0 1 45 107 80 14 3 78 110 7 123 21 50 9 87 19 83 109 62 50 98 27 61 77 22 122 25 80 27 0 30 124 34 48 6 8 45 38 64 64 15 104 115 14 106 26 93 72 94 108 22 72 77 0 115 67 45 30 47 99 124 117 39 52 42 108 0 0 83 113 34 16 122 74 0 73 120 62 60 105 73 23 52 73 65 81 75 26 64 115 61 117 52 7 0 115 68 60 66 93
70 49 52 42 111 89 45 96 34 17 46 121 13 63 52 89 99 39 40 20 73 85 111 80 87 82 81 69 78 99 114 112 35 3 94 39 74 61 9 84 81 82 16 78 15 115 102 9 83 23 42 5 39 81 86 108 38 91 96 25 52 123 0 5 116 37 35 58 12 82 9 24 62 120 27 1 39 88 119 105 10 106 14 12 79 35 70 28 121 51 90 70 38 42 97 47 12 52 39 98
67 81 6 10 118 67 20 120 81 55 46 67 27 85 78 24 108 97 34 56 93 46 104 104 52 73 91 99 46 86 74 109 23 28 3 107 38 53 36 120 5 106 110 33 53 16 53 61 57 109 119 94 81 107 23 30 22 51 15 5 97 20 45 104 38 53 60 96 2 96 71 34 3 11 4 73 98 4 95 97 17 97 55 77 119 43 10 2 46 97 14 46 35 72 35 72 124 0 42 116
56 96 96 47 112 100 118 37 112 35 9 67 58 93 95 85 1 75 7 94 45 70 50 80 66 91 0 87 125 125 56 76 110 14 39 0 118 69 71 37 99 48 53 11 76 102 94 117 32 72 7 17 82 5 65 97 18 70 10 100 98 32 25 84 67 67 34 9 68 92 32 115 13 106 26 104 81 0 116 122 96 71 30 0 18 115 35 78 106 59 105 36 78 55 40 113 97 96 3 115
34 41 46 0 92 99 15 123 119 88 5 41 37 116 19 17 17 115 90 84 41 19 52 109 90 101 107 71 90 41 72 115 105 37 13 42 59 64 94 75 45 106 92 73 83 80 76 125 17 118 78 36 29 75 63 89 92 13 8 26 42 28 37 40 125 5 23 52 50 3 30 40 84 93 117 117 41 0 49 87 106 20 113 9 49 104 41 32 76 21 93 9 44 91 67 33 38 115 94 74
82 17 3 18 78 46 60 0 79 99 65 0 42 85 44 31 43 21 41 116 61 0 65 93 0 58 25 19 0 20 123 36 36 0 123 39 65 114 62 30 74 62 44 80 58 114 0 109 36 39 9 0 47 82 65 0 112 0 9 99 76 54 0 101 71 15 15 0 14 98 0 0 85 99 13 58 78 0 32 90 60 67 105 83 58 0 61 118 65 82 86 86 50 51 0 15 63 20 8 35
95 104 46 14 45 98 87 100 93 116 110 39 3 57 45 32 59 119 38 107 49 72 0 0 97 52 57 41 33 8 125 107 62 88 108 87 36 12 97 89 14 42 120 16 90 50 25 47 20 43 88 67 0 113 12 49 104 22 107 81 94 43 41 0 62 0 79 85 23 51 124 21 15 93 72 65 3 73 28 28 102 90 68 29 18 123 104 61 100 90 9 0 89 37 58 57 104 28 60 35
75 11 123 7 95 103 46 3 77 34 27 113 83 59 120 86 21 31 2 107 97 55 112 68 94 75 75 114 110 79 21 19 71 87 70 0 60 50 5 27 30 19 78 74 6 76 91 26 11 86 119 63 49 125 30 50 75 105 27 84 17 14 64 23 37 80 29 0 5 0 32 35 50 114 24 41 18 106 67 85 78 81 55 24 82 105 17 56 10 31 13 42 122 116 95 99 50 86 17 14
99 20 83 42 66 78 43 16 94 24 54 86 5 18 56 68 4 24 86 87 111 13 38 81 121 29 58 8 75 29 16 62 12 20 22 47 85 87 13 62 37 0 22 111 17 36 12 61 74 68 107 88 89 115 119 67 56 85 6 18 28 55 24 46 99 8 70 112 56 7 77 119 58 5 52 65 69 98 57 19 106 77 113 82 2 108 83 33 79 56 3 122 78 44 37 92 60 47 49 93
111 73 113 106 70 110 0 25 110 88 34 45 0 30 59 39 89 60 89 48 104 53 94 42 3 117 33 55 79 114 43 33 19 73 68 112 63 38 40 85 1 113 5 0 81 66 26 102 90 7 105 40 16 63 121 113 116 0 0 49 49 9 80 75 58 117 80 19 86 69 101 107 0 115 115 37 54 0 1 12 25 114 11 120 0 117 52 16 64 19 93 29 62 95 36 48 45 71 43 56
18 78 90 122 98 89 20 120 10 4 23 5 64 93 22 103 48 125 63 61 37 122 50 113 14 102 98 5 64 125 76 41 112 125 62 0 88 11 52 96 113 77 51 65 116 88 52 89 64 43 50 103 76 123 33 80 17 70 25 12 53 77 16 36 5 84 80 97 110 31 22 0 48 44 40 23 73 64 112 63 13 52 68 21 72 94 7 63 25 79 34 39 52 40 122 116 114 94 125 1
61 7 123 83 81 61 122 109 88 87 108 28 38 29 71 39 97 78 34 109 109 0 8 32 19 85 116 0 105 48 2 16 41 107 96 96 77 6 79 46 83 96 43 115 96 111 27 42 91 117 61 91 63 125 97 0 49 63 118 83 7 35 33 73 53 1 52 56 43 88 4 67 12 112 60 46 59 87 43 58 84 74 6 93 17 2 17 73 89 82 35 116 41 103 15 11 36 116 58 106
61 97 67 1 46 49 20 90 30 50 69 27 94 56 98 121 62 6 23 102 60 38 15 69 117 0 21 93 18 1 72 50 6 124 68 0 19 37 116 100 81 22 0 51 5 47 95 89 120 14 0 111 25 79 98 39 44 67 97 55 69 4 78 17 49 85 23 0 91 48 90 22 61 6 6 65 56 21 106 88 7 3 32 111 112 48 99 41 0 25 94 123 22 117 74 53 116 29 75 0
48 46 33 106 12 34 98 0 20 78 28 96 66 61 22 89 28 26 119 39 50 68 90 72 43 113 48 14 15 26 24 112 109 20 70 4 86 111 118 124 0 40 2 118 61 39 31 48 115 5 0 99 64 94 33 33 17 96 47 36 69 111 121 31 16 12 96 109 111 80 118 53 13 8 54 79 0 3 56 111 123 14 43 89 22 8 75 94 31 46 20 28 49 74 102 118 92 36 18 21
99 73 45 46 42 57 0 92 47 99 7 6 60 103 32 57 109 99 43 50 11 47 115 54 90 43 33 46 0 124 107 46 39 65 68 1 25 66 0 8 0 49 94 101 13 0 29 102 118 122 89 6 109 76 112 87 119 42 105 88 54 40 123 52 18 7 62 31 102 20 95 0 50 88 4 23 125 107 27 9 85 121 44 11 10 33 39 45 89 124 30 93 0 88 37 86 43 96 99 90
49 38 6 99 2 16 100 75 60 19 98 71 60 4 114 42 22 50 82 17 40 101 121 21 12 50 30 93 33 97 52 68 84 107 81 45 51 104 85 58 4 36 111 21 5 45 15 58 54 119 74 49 6 93 3 48 68 36 49 83 73 71 58 47 85 108 24 63 0 62 107 114 29 81 42 66 89 114 97 34 93 106 104 77 109 0 65 19 81 27 51 32 30 42 0 34 0 51 97 124
85 122 102 10 7 63 108 37 100 117 36 120 64 1 40 65 98 94 93 36 36 47 65 123 36 84 54 73 111 0 29 8 19 56 0 24 92 68 94 15 83 58 37 0 46 125 113 0 67 4 8 102 72 0 48 54 45 52 118 35 120 93 10 0 28 102 119 19 36 62 123 57 80 56 9 5 113 82 72 9 93 112 111 3 45 33 88 53 113 61 94 0 121 61 113 109 90 23 92 59
31 83 4 76 45 59 102 0 13 52 29 92 80 21 78 51 28 33 72 27 63 122 27 59 74 69 125 39 37 64 52 49 74 109 13 71 90 97 78 73 109 70 80 76 42 76 77 61 56 101 42 10 77 2 68 101 55 52 86 112 73 115 5 35 109 45 35 20 46 9 123 34 90 42 23 56 20 71 0 3 65 20 82 104 65 24 16 18 53 75 90 10 78 79 15 67 20 74 81 23
73 119 88 86 69 0 26 0 42 67 57 22 103 57 81 11 27 94 102 66 68 114 94 58 72 109 61 97 38 46 19 112 70 100 4 57 88 51 42 5 36 24 26 41 72 100 28 84 33 50 8 116 105 111 40 100 26 119 3 15 39 86 31 76 119 112 104 68 19 61 16 46 79 80 73 112 11 115 28 19 72 122 13 2 48 0 52 92 68 73 113 103 114 104 112 118 42 88 43 10
30 50 110 37 80 75 15 92 122 103 92 116 67 17 4 6 66 100 47 44 46 45 45 53 57 106 114 111 49 33 73 93 119 14 49 47 72 19 116 65 61 116 22 25 35 26 105 35 88 1 44 45 118 84 56 64 39 101 1 68 117 43 111 61 117 116 36 29 79 52 1 87 66 14 91 44 104 47 32 2 1 113 22 54 0 16 58 34 125 58 44 41 26 115 96 119 5 8 104 75
75 114 94 81 122 0 6 0 11 80 116 10 59 116 94 58 90 85 115 0 0 78 76 77 54 83 43 38 33 0 91 64 27 90 16 0 103 0 38 103 124 53 118 0 106 24 0 101 100 0 85 0 0 0 29 87 0 61 8 67 114 112 44 9 51 20 66 58 99 104 113 110 68 49 28 31 9 0 21 97 90 10 91 41 101 89 0 0 56 77 80 37 14 109 95 85 33 54 14 0
64 101 122 0 76 56 1 125 119 38 0 0 72 6 114 70 79 124 65 32 11 2 106 104 51 4 8 15 95 51 30 8 123 0 106 47 0 117 61 28 1 63 82 73 39 42 36 89 0 122 69 28 16 12 119 78 92 110 45 50 74 100 124 70 67 18 15 58 14 100 64 93 0 32 73 95 8 61 83 85 28 122 11 0 104 0 49 4 25 28 103 80 78 22 86 30 81 74 106 25
71 98 26 102 121 121 75 62 85 10 2 24 110 82 120 33 110 83 53 52 57 45 40 24 4 1 99 116 26 76 32 121 39 12 90 53 96 0 123 32 21 9 5 69 76 89 9 70 103 104 88 31 41 69 55 81 54 71 0 2 49 102 121 96 111 15 121 14 57 93 39 29 125 2 57 73 44 55 15 86 54 109 82 79 92 58 110 98 74 52 88 54 69 48 48 49 44 32 64 17
80 95 5 0 6 65 64 123 0 7 84 70 0 35 42 0 61 41 60 95 60 95 108 96 10 0 115 121 60 83 0 42 51 101 0 37 63 99 26 123 34 61 0 73 6 0 51 52 27 22 89 110 8 24 96 93 86 0 92 124 87 61 105 117 58 84 83 57 101 90 87 35 80 0 0 66 13 12 9 25 2 74 109 98 116 63 72 0 70 0 53 3 43 0 30 0 0 22 89 62
90 118 0 93 104 52 102 29 115 27 20 62 66 53 97 99 11 28 70 112 116 6 6 104 95 108 29 85 121 0 5 26 0 69 0 103 87 77 82 49 77 15 26 5 21 107 119 107 52 0 62 52 125 11 2 98 71 87 113 20 91 52 81 106 51 99 84 29 120 107 36 22 0 57 83 90 63 58 17 52 88 0 87 62 122 46 80 37 12 38 76 35 124 32 42 17 36 17 45 66
0 104 28 112 0 81 60 82 56 47 1 105 106 94 13 103 100 0 40 97 0 10 9 115 91 0 51 67 83 48 122 124 47 96 97 113 47 51 113 67 18 28 83 114 0 101 14 54 33 0 102 53 43 0 7 50 94 68 57 3 118 28 39 0 106 56 0 115 42 23 87 3 99 113 0 41 31 96 115 0 50 0 30 52 125 41 119 104 76 88 57 79 12 58 55 6 120 107 0 0
12 73 115 80 10 13 124 70 87 23 30 1 85 23 96 85 21 59 38 21 48 27 119 97 0 4 45 111 70 0 45 64 11 72 63 113 98 100 63 69 65 48 54 28 113 95 50 119 30 55 46 2 31 104 9 85 56 101 81 23 110 46 117 84 6 92 125 32 105 98 78 90 48 61 75 100 12 55 30 59 30 103 17 64 33 0 120 47 72 36 33 27 53 71 59 57 97 32 100 94
76 66 100 117 115 8 72 123 72 80 66 68 58 13 78 120 27 107 19 108 39 91 44 118 57 84 39 22 109 53 54 5 76 89 125 0 9 44 123 55 21 113 71 94 0 0 65 84 70 62 60 105 14 19 11 91 54 25 102 78 27 114 65 108 55 52 54 18 96 119 107 120 46 34 14 95 95 125 121 93 48 58 104 112 8 110 31 15 109 98 42 48 64 78 74 7 6 4 13 4
48 79 76 32 108 33 101 71 15 123 53 98 46 75 100 77 74 24 20 93 96 79 83 83 42 87 57 76 16 87 18 35 85 3 4 124 119 115 19 123 114 81 112 48 0 38 7 82 97 61 6 62 77 41 74 96 46 38 87 15 125 67 118 0 46 109 65 7 114 99 105 84 112 90 89 55 42 73 4 70 60 62 0 46 112 107 101 54 85 74 41 19 47 124 60 92 33 72 61 31
0 96 92 58 125 67 90 11 5 94 100 2 73 113 10 41 36 47 110 121 0 111 97 62 44 11 36 119 82 120 0 0 0 0 73 27 23 43 64 105 4 113 22 108 4 33 6 125 107 84 103 23 81 17 6 26 86 114 25 103 125 99 91 113 15 90 105 103 7 5 112 115 76 97 101 51 10 25 56 105 51 72 81 25 4 76 86 100 86 47 8 118 27 67 27 2 53 114 10 60
2 94 90 96 109 24 13 31 3 47 51 89 69 0 76 85 45 86 64 114 99 0 73 17 29 0 58 88 0 36 84 9 13 42 36 125 0 13 37 0 103 18 7 58 58 69 110 8 0 97 102 18 0 28 11 52 2 107 47 88 53 2 13 86 63 0 116 68 113 53 77 117 38 34 100 85 1 15 21 73 83 39 111 109 66 99 0 98 75 104 71 20 81 2 45 108 17 40 34 107
108 86 119 58 74 65 8 19 51 119 0 93 33 89 21 94 109 51 79 86 62 63 17 79 67 35 100 98 97 49 119 117 116 53 18 107 78 13 10 26 68 84 0 35 111 27 81 0 105 79 9 113 34 61 104 14 10 100 108 120 0 44 44 94 92 120 26 120 13 53 114 35 48 122 106 106 69 32 2 15 68 115 75 45 5 7 121 21 50 97 75 53 4 0 16 49 123 44 28 22
84 87 59 39 38 9 17 23 121 89 95 103 61 64 113 58 102 101 47 93 109 101 75 89 30 30 34 22 105 62 76 28 30 4 19 96 89 41 60 2 46 10 18 89 29 43 8 71 58 16 95 83 76 95 25 73 104 45 91 62 86 61 122 98 3 27 42 7 84 51 54 8 9 16 36 4 51 90 13 30 103 16 0 18 2 57 45 33 62 84 55 45 96 11 36 7 87 123 53 26
11 54 83 106 19 90 51 76 9 24 95 66 70 74 56 113 48 106 54 40 96 7 33 110 55 26 89 41 15 49 57 123 34 48 96 41 9 69 34 29 38 28 113 0 43 2 98 39 59 23 34 46 45 54 63 28 124 36 33 109 81 55 28 95 85 15 82 96 43 26 115 24 10 61 29 94 123 107 71 43 16 35 25 123 17 23 68 81 57 51 77 107 17 6 81 116 85 17 10 44
112 76 62 35 100 115 55 125 0 59 75 57 110 102 52 43 58 21 4 21 44 45 5 77 95 57 71 39 0 105 124 93 66 60 125 0 20 125 10 0 86 125 14 15 56 0 0 64 6 6 80 0 14 4 26 1 105 33 109 124 0 29 0 72 68 48 61 32 81 74 39 86 0 23 13 0 48 6 114 33 100 110 83 7 56 6 4 13 81 51 82 85 35 106 15 11 121 11 57 58
9 118 102 109 49 91 23 32 16 71 120 97 47 115 63 78 12 7 0 0 14 0 85 85 0 107 29 111 32 77 108 37 32 106 125 62 12 92 34 111 16 86 114 50 73 43 10 97 79 101 113 43 102 13 70 80 81 116 22 10 40 64 109 39 90 70 94 35 105 12 118 98 96 43 40 0 88 89 100 14 97 11 73 27 26 54 0 99 76 93 56 64 120 46 26 94 57 99 37 66
109 96 104 8 24 63 117 29 21 115 114 115 101 18 124 24 93 120 123 49 10 82 82 97 52 1 79 103 85 54 119 73 17 34 89 43 38 24 112 79 20 18 46 88 95 59 110 107 123 90 7 34 89 58 2 63 12 41 31 77 45 24 59 67 43 0 64 21 19 12 75 12 66 102 12 111 114 5 105 4 91 69 85 35 49 1 118 50 113 119 29 34 76 0 106 105 117 0 22 3
42 75 0 84 52 18 26 114 88 81 57 3 60 57 56 121 99 91 110 59 29 0 8 109 83 28 118 122 72 91 12 72 116 16 54 9 12 73 7 115 72 28 58 101 91 108 63 58 94 108 86 18 52 63 92 113 102 11 79 100 93 74 119 86 119 60 21 0 27 57 96 43 92 38 82 63 7 64 57 67 18 116 22 25 68 90 26 0 59 36 54 48 97 80 0 7 106 81 51 13
0 41 113 46 2 73 36 18 99 4 109 12 111 71 104 104 0 101 51 39 26 28 67 56 117 7 25 113 23 69 87 61 47 91 0 54 97 115 87 19 13 109 0 113 79 53 9 25 103 0 56 48 112 80 74 32 99 16 74 71 0 109 43 65 119 29 45 0 37 110 44 67 47 54 75 60 65 53 107 56 93 3 4 89 0 115 80 67 71 33 95 22 46 50 0 117 78 66 96 0
116 17 22 111 108 112 34 49 99 26 21 120 107 33 18 34 86 60 16 26 123 125 59 5 45 1 58 88 98 82 87 81 80 100 107 84 53 14 117 114 2 105 2 83 74 18 48 26 73 66 18 12 53 31 125 120 44 58 76 13 82 110 24 82 85 60 14 39 69 105 91 98 66 69 56 37 34 6 3 86 117 81 59 97 49 70 116 1 91 79 122 58 10 60 63 101 77 59 0 99
21 100 121 123 43 20 1 106 30 39 109 26 29 103 38 111 6 103 85 92 114 43 22 6 101 118 42 73 30 16 105 49 99 0 114 60 104 70 17 33 11 49 118 17 0 6 115 8 115 75 62 53 39 20 36 71 18 33 42 46 95 35 91 28 37 56 103 74 7 93 80 17 63 95 81 115 31 77 79 41 55 57 8 25 105 81 15 114 70 122 43 72 0 97 17 18 65 64 67 55
55 37 107 53 76 4 74 14 33 21 103 31 107 39 26 67 43 44 120 87 13 7 5 16 75 70 98 3 18 41 124 12 103 74 54 114 0 96 96 56 2 119 2 49 57 104 82 116 98 13 89 113 83 2 4 26 19 28 107 5 13 5 100 118 109 62 26 114 50 117 101 34 62 51 91 23 80 26 118 111 45 0 37 54 91 47 57 61 84 111 105 61 65 116 28 21 105 107 37 101
32 57 62 98 62 111 112 58 48 87 32 8 46 19 85 86 98 71 16 7 77 29 44 117 10 11 0 5 2 21 17 51 48 113 52 26 13 44 5 74 24 36 0 27 38 102 47 55 125 11 47 3 11 61 77 36 11 30 38 20 66 31 50 31 20 4 61 56 48 19 101 3 36 23 75 88 83 99 87 45 58 57 108 115 115 65 94 74 14 123 30 113 50 68 1 92 98 64 92 62
94 96 107 117 74 38 94 0 106 16 120 73 106 31 15 66 82 117 11 125 26 8 123 65 121 56 117 32 94 5 24 76 58 59 98 11 89 116 31 42 3 41 63 91 7 0 37 87 70 30 49 67 91 61 5 75 98 60 85 26 57 34 29 23 121 38 84 93 39 96 35 66 0 67 48 31 91 19 23 123 125 79 66 76 30 69 84 39 73 89 13 64 1 68 34 32 11 57 61 83
