100 100
6 73 45 2 32 92 103 29 81 84 41 36 119 0 49 30 95 118 14 69 115 39 97 62 0 14 27 14 99 69 34 107 2 125 111 16 91 24 44 0 72 98 106 61 27 110 109 93 19 51 6 102 100 28 75 47 91 87 87 110 73 75 103 0 92 109 16 33 125 84 47 29 53 0 96 59 70 23 119 123 58 122 7 20 78 32 31 5 90 94 95 15 29 14 26 125 118 91 65 103
45 2 48 100 107 27 58 52 72 93 52 113 34 53 91 113 120 65 31 102 4 52 0 6 120 0 56 32 51 93 92 62 13 112 69 80 83 49 68 70 64 118 19 83 66 77 66 21 21 93 87 80 50 48 36 56 20 111 120 124 125 44 57 73 111 71 71 121 26 97 111 6 34 41 76 5 65 10 13 61 28 87 19 103 51 87 84 47 6 26 57 71 35 66 83 63 97 26 67 66
3 24 15 14 0 76 68 101 21 109 44 92 74 115 28 0 72 57 0 106 123 23 87 8 74 0 83 2 38 27 62 7 105 0 58 20 76 103 70 76 94 22 87 53 92 31 71 121 1 45 109 120 119 93 3 60 53 103 64 62 111 23 99 50 28 118 27 114 28 125 96 47 45 7 0 57 31 18 118 18 37 101 109 102 125 40 96 70 102 119 24 58 26 109 113 0 0 64 26 25
76 101 70 40 90 107 0 1 75 46 7 82 87 86 49 1 78 72 95 42 50 95 95 39 69 8 11 15 45 121 3 110 97 14 25 85 14 41 74 117 7 100 44 14 103 35 40 96 99 94 76 80 122 0 111 99 24 31 41 62 85 115 120 75 2 86 119 19 18 120 57 10 96 91 15 121 21 117 88 34 105 100 26 70 4 55 93 60 94 18 98 121 74 98 64 24 44 111 60 22
42 0 35 116 118 0 36 66 81 0 0 62 0 8 12 5 17 125 54 27 26 81 18 49 125 61 0 64 118 80 66 0 0 83 113 0 27 27 17 30 0 30 0 0 65 115 41 38 44 62 0 36 0 44 105 14 0 103 1 109 42 16 42 12 31 52 26 83 62 0 50 97 43 106 43 29 0 0 27 0 56 104 94 46 43 118 0 0 32 32 117 73 122 33 0 14 0 18 0 105
76 98 4 105 85 34 109 68 23 43 27 97 78 113 43 44 105 121 108 99 41 103 56 107 118 20 3 36 28 23 77 106 55 64 75 81 78 60 121 96 109 122 100 12 82 65 36 65 118 26 105 54 39 119 105 101 14 96 96 44 66 44 60 0 10 16 63 44 49 119 34 54 64 30 10 51 0 84 104 21 94 7 40 104 53 42 90 75 59 39 1 84 43 25 30 116 57 78 103 8
105 120 0 74 54 62 26 10 96 36 94 91 0 81 123 115 112 93 102 23 0 56 94 58 100 55 56 111 22 58 77 99 104 38 123 0 0 90 105 27 89 31 7 25 71 23 13 69 96 119 53 12 31 74 121 92 79 117 0 0 59 105 30 51 121 0 13 58 1 45 2 115 34 94 3 84 39 11 0 33 79 71 122 78 0 42 97 31 118 104 110 80 0 8 118 53 17 42 0 8
22 17 62 65 0 46 59 34 108 17 34 52 31 0 118 99 68 11 107 47 84 85 54 18 95 41 63 114 120 108 2 86 27 73 119 120 3 111 100 19 121 100 71 85 108 112 97 52 45 71 38 115 119 18 114 34 67 66 25 71 108 6 99 121 77 69 31 16 51 120 122 50 77 41 19 124 58 17 88 13 33 45 52 82 73 22 106 52 113 109 55 98 110 90 91 104 36 56 92 95
82 50 36 83 109 0 118 103 19 61 81 0 86 74 0 110 63 1 124 32 124 61 35 107 125 0 36 66 74 110 1 67 9 33 56 70 20 67 0 0 120 86 45 108 61 38 116 21 80 95 27 43 45 31 101 90 6 0 104 7 0 0 123 94 0 59 58 1 2 72 100 34 33 107 57 105 0 0 5 16 45 121 49 104 112 37 53 11 88 94 108 58 36 88 53 112 109 15 95 118
125 71 106 32 117 107 0 63 22 20 16 48 107 124 115 70 59 120 24 68 5 122 76 13 24 99 26 123 92 60 33 39 86 112 3 98 66 81 57 69 9 118 58 114 60 95 90 77 70 54 100 26 125 109 15 20 61 125 82 51 91 111 71 110 52 0 31 50 72 16 36 103 94 48 32 82 67 122 36 114 3 31 39 28 95 117 24 99 86 9 10 25 71 79 121 16 89 65 70 117
9 8 52 122 50 109 89 12 112 60 110 0 1 88 65 86 68 78 93 17 24 36 15 99 61 38 81 58 89 31 104 98 75 75 27 48 110 17 11 96 121 31 113 0 116 26 0 93 50 62 104 27 44 63 14 37 93 85 62 30 51 53 80 62 94 67 52 121 11 6 70 67 0 37 61 16 3 47 88 80 57 124 70 116 113 86 30 18 15 38 3 116 13 30 56 118 116 29 82 35
43 63 121 1 98 7 85 101 65 0 3 34 0 72 38 105 91 101 92 30 11 23 124 5 73 100 1 109 103 89 37 63 116 0 74 22 13 103 74 113 83 54 0 6 36 7 11 65 119 77 109 0 47 108 114 104 52 124 28 73 23 77 33 95 51 86 107 61 41 16 123 115 123 91 80 70 87 72 17 74 87 79 0 25 52 59 85 49 1 82 4 43 81 17 73 74 101 4 108 106
0 119 1 27 28 66 15 68 122 38 83 118 64 77 35 48 98 61 39 94 93 86 38 90 55 68 32 92 74 70 55 23 0 80 9 113 43 93 72 63 8 54 46 101 38 112 3 27 82 45 19 0 56 2 4 104 28 90 86 0 0 34 44 5 0 57 110 0 63 84 52 38 65 39 49 90 7 15 98 103 107 31 26 37 44 78 0 2 107 112 123 82 0 33 35 84 53 89 86 5
24 35 106 67 55 31 122 39 55 121 6 73 55 57 0 47 40 53 6 7 27 18 30 101 87 69 87 63 32 61 51 0 121 22 35 114 100 109 50 37 103 83 59 116 0 47 51 125 88 37 4 98 58 17 118 52 69 0 122 78 1 16 98 95 102 10 72 23 29 0 0 80 37 66 59 32 46 0 37 32 74 0 38 0 11 3 50 83 99 91 0 74 36 22 29 29 0 6 59 85
0 48 5 7 56 81 62 93 21 111 3 56 77 73 8 19 106 8 64 70 16 60 38 24 117 37 117 47 8 107 21 42 26 34 65 46 31 94 26 80 0 82 20 39 64 8 91 7 0 77 40 2 100 112 78 120 22 100 85 82 82 112 25 19 125 109 60 86 111 55 121 26 75 94 98 61 74 25 38 41 76 80 84 124 70 92 58 36 8 110 6 81 112 49 10 118 26 81 43 68
72 103 48 0 0 76 68 14 0 80 19 61 37 91 66 117 0 13 0 38 0 104 37 62 17 76 70 100 114 0 18 82 27 0 0 107 51 13 8 90 83 40 87 97 20 54 125 0 95 7 8 31 72 106 63 68 0 17 92 105 46 116 59 31 71 105 93 53 18 26 19 0 73 111 74 48 52 111 121 0 0 116 19 52 91 0 48 62 80 82 117 80 88 1 92 35 0 70 82 48
67 55 56 89 28 23 109 67 35 2 56 35 124 55 101 121 89 98 33 47 3 54 13 41 104 65 33 94 73 38 78 20 55 106 9 51 18 68 100 70 109 118 46 85 49 7 47 102 110 73 18 35 109 60 101 86 93 76 27 9 33 113 36 0 52 8 82 103 93 76 91 39 109 112 2 65 89 109 16 42 34 79 14 57 8 31 32 99 3 5 97 32 24 64 51 112 68 106 57 49
13 75 89 111 21 82 4 119 113 108 125 9 74 0 92 19 91 0 0 79 0 58 119 61 37 43 121 81 78 116 69 66 88 80 4 113 61 101 32 94 32 75 112 95 60 84 71 19 115 112 20 34 24 0 5 39 59 11 41 85 100 106 50 92 81 106 28 69 110 41 14 10 83 0 3 90 67 95 114 109 121 59 95 107 120 0 4 87 122 39 86 99 0 28 82 55 15 95 36 21
105 92 9 36 74 66 62 67 5 1 73 7 112 102 95 95 14 90 73 60 70 64 0 84 1 89 106 39 105 103 121 83 60 4 110 33 87 30 98 55 103 123 20 65 53 48 20 49 114 8 85 123 92 27 28 74 35 20 54 40 97 93 46 40 41 121 98 22 79 119 32 23 83 58 0 62 116 69 112 106 78 58 99 48 77 49 72 64 0 39 34 123 12 107 25 104 14 30 59 116
19 98 53 99 122 19 4 105 72 3 7 70 88 5 110 0 90 20 34 100 111 87 108 10 90 53 0 51 78 0 44 98 109 122 51 65 72 11 38 105 47 58 79 61 0 47 0 57 16 27 28 15 10 83 37 68 29 35 103 72 0 69 86 7 64 71 0 38 22 21 106 23 74 17 115 50 80 0 95 23 96 0 91 71 108 102 42 112 62 72 1 122 20 0 76 114 113 94 13 125
20 58 19 7 31 46 50 106 92 18 119 0 8 21 45 110 44 7 0 89 66 84 13 49 22 17 2 83 56 113 54 107 43 94 75 38 78 112 10 110 92 82 60 15 64 9 12 0 49 20 32 91 17 106 58 66 101 120 69 112 87 49 24 91 15 74 82 61 81 113 18 84 81 6 42 57 89 62 1 54 48 109 14 114 44 37 29 108 46 45 82 58 46 28 106 116 114 108 25 0
89 4 55 91 92 105 33 103 49 100 15 64 86 91 52 121 78 85 0 21 35 68 47 8 0 49 53 123 86 0 11 45 0 12 0 110 0 84 53 6 69 53 111 10 67 7 85 70 0 0 25 3 38 1 6 0 89 20 122 98 125 9 86 37 59 42 68 22 70 88 32 55 61 119 57 35 123 26 1 0 73 122 119 122 5 14 111 58 80 41 80 112 109 35 0 34 40 115 118 3
84 4 20 100 14 56 113 38 60 28 40 109 75 89 87 39 60 10 91 81 34 83 57 43 29 75 125 13 0 0 31 35 100 61 51 36 46 75 18 4 44 115 88 27 83 4 29 80 55 38 13 3 34 23 60 84 22 28 8 63 69 111 35 1 123 19 125 106 97 77 76 14 116 21 90 117 30 46 15 60 99 80 22 81 56 72 42 111 41 44 102 64 97 85 87 42 79 64 11 59
18 57 36 53 6 106 26 101 16 74 12 6 17 123 29 99 81 0 77 70 104 121 17 32 16 12 89 19 96 23 32 32 71 74 14 79 20 20 45 111 53 94 54 7 75 114 56 44 62 10 101 88 37 47 32 83 108 72 112 49 38 2 93 66 52 8 5 1 15 109 25 9 94 53 46 31 114 102 98 71 109 8 19 67 117 59 53 50 49 45 75 13 24 119 50 73 101 24 1 35
25 119 46 109 8 8 108 24 110 0 74 81 13 123 31 113 71 65 79 69 32 5 79 93 16 22 46 82 44 43 24 17 44 52 36 48 48 14 4 50 104 69 30 125 74 69 101 58 102 83 22 68 78 117 20 113 101 13 101 63 47 17 0 117 102 49 85 8 93 118 118 96 18 4 37 113 10 104 117 99 3 87 100 61 82 89 110 16 15 71 101 99 63 24 107 117 57 58 104 53
102 66 123 33 40 30 64 56 4 52 110 31 5 3 67 107 39 30 97 36 63 87 49 91 98 15 19 0 95 100 43 4 99 46 19 22 42 39 41 29 17 30 62 38 40 58 30 87 64 62 89 42 102 31 28 51 38 1 67 48 124 8 108 52 45 10 124 118 28 102 78 40 115 55 72 112 109 52 61 36 83 71 48 104 31 118 101 0 5 84 53 44 96 123 78 78 84 97 83 0
58 87 65 82 62 103 10 70 115 45 16 84 80 53 50 25 50 63 30 43 88 124 93 34 117 119 0 3 57 0 61 15 29 83 117 121 90 57 46 114 72 75 86 112 68 43 6 62 6 15 92 62 35 0 76 36 11 108 40 51 57 110 66 31 122 98 105 9 0 40 47 71 108 42 69 109 50 79 36 121 22 0 0 68 120 106 54 51 118 107 93 0 23 0 39 8 8 111 108 40
6 17 24 63 95 117 124 83 80 17 0 104 114 65 111 22 67 120 48 0 20 32 80 5 95 42 62 10 49 93 45 120 79 0 43 14 92 109 64 121 0 5 101 0 93 20 21 82 39 0 85 82 55 57 24 65 47 49 84 14 62 55 112 12 117 65 90 102 24 13 5 68 19 104 22 119 115 106 117 119 63 0 3 108 28 73 58 81 113 123 60 41 17 12 93 125 0 57 95 104
39 84 11 63 10 0 103 62 81 59 38 70 12 46 69 89 86 122 88 100 0 69 80 91 84 103 117 78 0 65 0 70 114 38 81 105 112 93 99 118 89 35 14 13 34 78 2 7 6 108 20 11 125 40 41 70 3 26 9 2 53 79 88 96 46 0 75 88 22 115 71 0 9 44 62 109 71 99 82 30 21 113 14 72 65 119 60 77 6 61 39 73 77 66 122 0 71 91 73 6
120 124 34 120 120 25 123 82 60 89 34 105 33 86 17 9 52 23 0 56 8 9 13 30 99 22 115 91 111 98 24 46 44 79 4 94 77 94 12 85 42 30 2 104 104 99 101 82 71 59 106 101 18 34 101 13 22 56 0 8 0 66 112 46 123 123 82 9 39 28 123 29 32 63 30 30 72 19 124 14 55 55 0 48 59 78 61 39 116 121 23 88 117 42 75 117 65 118 0 98
59 113 108 91 53 121 23 0 44 5 56 37 113 100 25 0 51 111 79 50 10 66 2 71 89 0 40 93 120 120 0 0 112 48 104 124 117 99 104 64 37 29 43 106 52 93 71 0 19 67 79 60 122 47 100 20 10 82 61 67 28 52 95 0 122 11 101 56 48 4 35 14 8 50 39 89 55 40 62 73 54 29 61 97 116 60 18 33 13 93 83 40 0 33 11 102 79 119 34 31
52 105 92 95 60 103 0 16 63 57 0 31 71 55 113 60 101 106 0 5 8 118 45 109 91 105 48 14 39 86 27 69 78 13 54 120 65 99 117 59 24 43 88 92 21 22 125 4 53 18 37 14 0 0 105 101 123 52 108 50 120 122 114 70 3 50 34 14 98 3 86 75 26 104 20 35 86 119 100 16 65 7 61 64 52 10 21 79 28 38 50 91 82 99 85 118 0 72 119 109
86 9 85 54 51 32 72 112 93 63 32 73 29 103 12 2 42 4 106 104 91 119 11 38 96 124 110 106 4 35 0 103 14 73 71 58 72 114 14 33 10 74 105 99 115 32 38 2 123 107 121 102 92 99 44 51 68 0 86 65 103 116 18 118 59 53 72 124 111 125 115 0 62 105 103 103 104 103 40 123 105 9 96 51 55 118 63 67 9 104 106 15 0 4 41 86 39 12 15 120
86 62 101 49 18 39 115 17 67 78 106 61 125 81 112 32 72 52 63 71 113 111 55 123 0 36 56 0 78 33 38 107 11 95 80 113 89 79 98 103 67 96 35 74 4 13 37 87 21 40 28 16 62 58 5 62 122 27 30 89 46 91 46 18 84 42 97 69 52 26 67 68 102 0 93 28 38 109 75 113 91 35 38 11 93 32 125 116 85 53 22 18 121 39 46 98 100 0 116 80
114 122 26 32 33 119 73 117 118 94 72 115 2 70 44 43 51 87 42 62 36 31 111 81 103 58 32 13 75 26 113 82 60 32 0 29 6 25 59 89 102 46 103 80 116 91 120 124 11 108 16 61 114 11 89 106 54 0 43 72 121 11 87 86 116 7 12 114 0 43 48 50 58 104 125 35 73 92 5 73 35 80 72 109 61 100 88 0 34 18 11 23 84 21 29 10 33 38 19 14
74 110 37 119 37 112 57 0 24 56 0 44 62 75 18 117 95 114 71 1 24 33 118 63 92 64 99 84 125 82 119 40 19 16 62 107 46 55 3 33 51 0 0 58 0 21 88 123 97 87 51 12 78 0 9 60 99 7 115 71 75 14 110 34 64 55 101 118 72 96 105 74 119 81 125 50 94 118 115 125 57 72 124 15 101 22 64 45 47 80 0 57 40 37 40 61 74 62 114 114
114 97 66 38 39 60 53 115 37 32 39 104 60 108 19 71 57 55 51 120 36 5 45 124 44 102 29 85 47 60 85 0 0 71 8 34 81 105 80 1 121 48 121 28 28 39 101 70 92 5 10 34 24 62 17 97 46 121 66 43 26 56 108 45 19 96 10 14 114 2 90 71 102 63 103 44 0 36 14 49 87 54 43 82 29 82 46 122 0 55 106 96 63 120 117 42 115 61 74 12
118 78 0 99 0 30 88 60 49 45 19 90 79 1 0 50 12 24 53 47 61 21 8 101 53 7 113 84 64 101 89 117 110 0 88 28 67 54 20 105 108 21 76 120 87 118 8 22 102 123 108 120 0 66 79 33 26 41 38 82 15 0 91 49 0 90 91 109 71 121 26 23 115 16 112 51 41 0 93 33 0 19 19 45 39 76 16 0 11 22 115 99 1 87 44 114 124 0 67 124
31 105 74 44 34 50 12 28 0 25 10 15 76 15 49 14 29 88 2 84 70 105 0 37 124 84 39 97 75 43 4 88 120 102 31 102 67 88 26 23 44 46 117 117 59 102 123 70 125 65 113 76 121 105 121 75 9 57 4 54 76 70 88 39 10 119 24 23 50 121 55 52 56 0 115 59 67 39 8 88 20 115 23 2 33 66 4 50 25 53 98 124 4 116 106 3 96 79 98 73
26 111 99 108 59 79 22 89 27 58 14 90 23 113 69 115 62 103 42 50 63 124 70 34 112 109 94 25 0 32 24 47 35 109 26 92 0 3 50 25 12 123 16 87 6 94 44 17 76 103 41 61 87 16 23 95 61 50 72 52 38 92 19 93 77 54 73 40 77 40 108 53 89 59 0 22 28 80 65 29 98 28 41 41 109 120 119 38 113 9 98 33 55 38 10 12 29 94 59 18
32 52 52 31 121 122 18 13 74 109 10 41 69 41 112 103 40 46 108 74 86 93 92 44 47 72 17 12 13 19 20 109 12 28 4 75 58 31 68 121 7 8 95 54 55 60 113 61 80 100 81 89 90 83 73 7 20 90 9 56 96 77 48 19 51 123 25 98 15 32 113 53 73 87 110 43 73 60 124 101 4 56 26 54 11 84 13 28 60 22 118 99 21 0 1 39 83 62 56 67
105 65 62 38 0 39 109 78 112 7 106 5 63 82 7 96 75 0 27 31 44 48 74 49 26 39 6 33 0 54 77 66 17 0 14 63 8 101 29 0 116 90 91 76 21 68 91 104 0 107 98 117 18 77 49 75 118 66 42 62 97 22 63 84 57 107 0 45 47 44 100 58 72 20 86 12 0 106 0 79 22 40 108 36 104 61 0 98 87 5 32 89 109 114 92 81 51 19 0 0
82 67 0 1 113 72 100 18 96 39 107 104 60 63 87 65 72 34 70 120 10 15 125 83 13 95 74 11 3 101 35 51 81 119 105 105 27 103 25 46 94 12 70 12 6 113 106 92 63 81 3 76 4 111 108 6 100 86 36 13 19 55 57 108 95 15 114 106 19 102 33 70 30 36 85 29 5 121 7 91 25 19 1 6 76 0 10 111 85 119 101 51 51 69 0 120 68 50 15 42
113 62 113 46 64 93 98 63 13 78 94 0 88 45 0 63 74 71 14 56 110 109 65 8 0 70 49 2 6 55 68 113 112 59 79 105 14 117 26 40 60 70 1 77 90 121 26 97 0 4 53 17 115 31 69 123 90 108 46 86 82 79 50 75 110 33 27 124 103 91 92 101 24 73 89 23 23 7 98 125 100 27 0 9 110 46 3 41 22 124 125 68 80 21 70 0 81 105 88 52
0 105 0 99 0 91 79 20 43 29 83 101 84 68 123 50 62 115 0 0 55 14 99 75 0 54 45 11 4 69 11 48 0 16 100 75 0 23 73 0 34 96 0 21 56 76 122 105 111 31 58 34 84 45 0 85 100 19 6 22 124 96 118 0 0 105 0 72 34 93 0 0 110 32 0 43 15 71 0 48 0 0 0 19 79 104 70 101 66 58 2 62 98 0 0 43 14 0 17 44
110 65 31 64 92 87 88 105 16 27 11 87 27 120 19 24 25 115 24 38 114 17 40 32 4 118 62 43 7 36 101 75 74 97 104 0 100 116 85 92 17 65 51 0 51 34 81 52 66 45 94 56 110 12 0 88 61 22 46 58 37 64 36 47 85 94 94 12 63 23 104 0 89 102 44 90 43 65 0 14 95 83 122 80 95 92 70 86 70 69 3 94 47 37 33 90 48 0 83 14
8 86 110 113 69 15 34 80 117 11 58 46 116 17 111 58 124 21 34 111 65 62 5 31 57 36 21 1 67 110 27 0 23 98 22 31 12 55 124 81 42 50 0 119 11 82 75 65 17 123 36 29 62 105 64 50 19 25 125 67 40 112 98 78 124 85 94 107 26 109 92 1 107 57 123 41 21 54 95 110 118 0 61 119 100 35 25 80 45 100 120 72 11 79 123 104 106 1 64 43
0 0 0 49 74 18 115 30 99 88 118 78 45 0 104 52 64 0 0 76 68 63 66 64 106 86 53 43 109 88 0 87 4 74 103 71 49 117 91 16 28 65 33 13 91 21 0 12 48 0 4 17 85 89 107 105 40 111 60 32 57 112 63 25 119 113 97 70 42 109 81 11 91 69 108 1 0 30 17 88 110 0 38 81 1 117 53 74 87 101 87 0 60 31 44 37 57 121 35 25
54 90 95 69 100 87 8 80 113 2 8 34 92 12 91 96 116 109 100 67 121 35 78 87 100 34 27 25 110 57 36 105 112 77 117 113 40 122 79 0 51 98 83 88 116 53 90 28 73 30 26 73 41 56 4 120 25 10 114 111 20 124 37 84 76 69 40 71 70 58 74 68 31 5 60 30 56 23 89 16 8 42 98 32 16 38 78 125 48 33 53 96 59 18 0 112 99 2 108 17
11 47 101 66 25 104 45 64 45 15 58 31 91 101 57 100 0 63 119 24 97 66 81 21 45 75 100 77 75 41 36 115 79 26 3 44 52 33 121 106 82 3 61 47 71 28 89 2 5 56 85 0 71 113 25 22 1 25 59 24 95 29 36 4 65 66 86 7 15 123 22 99 40 78 42 88 44 47 108 95 74 79 39 55 28 62 13 65 69 73 123 11 123 54 72 80 58 11 41 86
82 44 0 83 70 2 0 99 20 0 83 121 74 91 0 81 27 22 55 108 73 84 16 93 108 88 47 112 59 80 1 3 34 0 28 53 25 110 18 7 18 17 19 35 87 60 12 115 97 0 37 23 113 0 84 98 50 38 51 43 41 79 0 59 76 1 33 115 64 53 123 49 63 12 32 38 72 41 87 110 72 95 2 6 91 99 57 44 124 0 0 0 6 105 113 111 36 65 50 112
0 56 86 85 29 87 76 0 0 110 52 32 25 7 36 3 121 2 120 42 32 8 69 108 55 15 116 92 61 54 1 68 1 69 39 57 78 93 119 109 42 62 111 99 101 0 108 45 92 122 102 101 97 102 104 38 99 120 1 0 0 26 4 123 19 42 72 2 110 13 43 14 111 60 42 94 50 103 0 53 50 108 71 26 27 106 111 91 114 7 124 66 116 51 0 64 9 110 117 58
83 84 36 25 123 1 84 99 81 87 13 96 107 113 72 113 113 52 105 9 117 29 11 95 69 88 91 96 9 44 27 75 113 8 84 23 47 42 119 12 39 8 19 23 28 87 0 116 56 38 122 15 45 16 8 80 105 28 16 92 79 9 110 114 113 74 24 121 54 93 120 30 52 36 36 25 107 19 24 41 60 121 100 121 123 18 83 3 30 69 96 122 67 122 69 67 0 11 40 14
0 99 102 22 50 11 116 0 0 24 6 117 98 46 60 42 17 40 25 113 36 53 0 63 0 24 118 114 7 75 90 64 65 29 0 0 108 75 70 2 10 82 125 89 72 38 43 108 2 91 25 81 63 39 26 101 62 0 111 111 107 100 27 16 24 0 0 116 86 41 52 51 95 57 57 41 103 117 76 0 117 29 11 16 28 108 11 68 93 66 0 118 111 7 60 46 36 105 41 0
99 121 48 123 5 69 33 12 15 37 111 37 95 24 125 53 25 71 12 113 118 0 19 0 65 50 109 43 24 112 69 95 0 19 89 29 85 67 123 0 27 104 75 107 0 64 1 58 118 122 10 104 4 57 1 15 8 105 124 31 18 50 57 93 62 82 32 41 13 110 36 112 59 0 78 42 35 27 122 117 0 10 9 0 54 63 83 93 59 0 53 14 66 71 93 41 52 36 109 17
49 5 113 109 89 51 0 94 96 72 8 20 95 11 0 22 7 13 7 82 48 52 105 70 0 69 33 40 118 51 114 124 33 50 9 2 19 67 0 0 71 0 98 0 0 0 49 20 66 6 0 101 0 109 88 0 4 0 122 106 96 90 30 100 16 106 96 119 10 3 96 60 114 28 78 63 12 0 14 75 120 119 55 0 89 88 82 49 0 116 0 66 86 5 17 39 69 67 23 38
0 118 0 91 80 60 108 0 4 20 86 44 91 120 9 12 10 109 12 100 70 15 10 109 78 18 9 20 37 109 21 85 115 53 0 67 12 121 60 28 0 0 57 35 35 0 98 48 79 101 81 64 119 6 0 109 44 93 0 117 102 80 28 0 1 102 0 8 99 2 0 112 44 117 114 124 102 33 8 32 55 5 9 15 122 37 56 66 119 37 101 85 48 43 48 117 107 81 19 3
122 59 125 62 0 0 58 114 22 30 65 81 54 100 69 42 99 122 112 113 12 15 119 45 47 47 25 96 16 104 111 111 48 10 60 118 25 11 91 99 46 101 44 93 100 47 16 67 1 77 83 97 39 118 22 64 69 119 7 6 86 80 116 26 48 64 13 110 0 123 71 3 30 74 115 20 24 38 26 42 44 49 52 5 12 30 1 1 12 22 5 86 10 55 115 10 16 118 24 62
0 70 17 118 51 18 68 19 46 15 114 58 52 92 82 70 37 74 65 28 41 84 116 37 70 122 91 68 86 0 92 101 11 120 46 36 11 74 68 125 124 24 56 0 110 112 24 45 42 40 83 89 106 31 90 28 63 60 58 66 24 29 90 57 117 44 115 36 62 0 75 62 26 20 118 54 116 124 84 7 18 38 36 87 0 118 17 82 92 115 45 43 108 77 53 31 35 30 123 89
64 59 61 65 50 101 102 0 6 3 64 31 54 36 17 0 33 0 44 123 0 29 59 26 48 41 93 39 0 0 70 32 123 55 21 75 115 5 104 32 15 55 114 78 41 65 81 119 72 121 91 73 54 0 49 94 92 43 36 0 124 98 0 78 108 25 40 0 3 29 65 64 0 120 34 0 58 80 86 85 0 3 72 80 118 23 95 0 39 80 111 108 92 35 119 76 116 72 45 65
121 37 55 57 70 81 3 95 114 1 0 72 116 72 27 0 98 43 45 116 31 31 0 47 103 16 115 94 56 48 28 0 0 67 26 115 34 117 77 40 36 53 43 21 46 42 78 54 30 60 51 5 92 80 124 56 49 0 0 109 35 42 98 10 107 0 0 18 13 89 120 5 118 26 12 48 8 116 71 54 62 109 13 7 99 111 0 106 40 95 70 15 12 104 64 12 94 3 78 88
21 81 79 25 81 99 4 61 67 61 29 116 106 118 89 77 60 109 43 72 0 2 56 83 124 51 58 102 110 56 10 120 72 120 24 71 70 8 20 23 116 106 83 101 39 99 82 118 85 47 123 80 48 68 103 51 62 44 122 18 17 81 14 22 106 70 108 88 12 29 48 60 29 124 40 74 19 116 34 38 96 44 88 66 48 115 55 53 72 69 109 35 57 18 55 108 91 25 75 71
13 15 63 1 94 18 2 26 98 81 119 5 0 118 6 103 124 3 84 17 101 122 57 3 98 57 7 59 69 96 76 76 124 6 15 25 57 73 41 98 54 109 62 88 34 119 68 121 5 54 51 2 19 96 109 98 123 36 17 40 19 112 40 86 18 82 24 18 111 121 60 45 28 40 31 90 49 6 94 92 5 34 90 63 6 32 39 95 86 29 109 73 26 84 66 5 76 39 3 113
115 5 5 106 71 27 72 0 80 116 18 7 22 122 5 39 4 86 12 108 89 78 76 55 9 99 89 108 63 87 81 103 52 53 86 56 105 43 106 29 102 106 26 40 14 103 54 91 110 60 102 37 38 91 43 123 24 75 66 9 24 62 20 34 91 104 125 7 61 58 95 22 117 92 95 93 102 47 15 115 92 113 25 48 68 52 79 44 44 9 79 60 5 71 0 31 7 83 29 122
6 117 0 0 0 0 122 0 49 82 65 22 0 3 113 0 0 0 0 120 38 0 68 0 6 0 124 104 11 21 6 70 0 93 124 89 5 89 0 0 0 104 0 125 72 0 46 0 30 54 8 13 0 48 0 76 53 0 0 0 0 82 114 116 29 0 65 69 111 123 79 21 123 16 70 106 114 0 55 114 46 120 0 43 35 42 4 0 50 108 36 45 114 24 0 67 118 0 3 84
43 88 87 28 93 75 63 54 72 73 77 58 74 119 49 81 64 85 124 16 115 95 118 57 35 50 13 97 54 91 0 40 86 118 13 109 32 84 99 33 53 64 88 92 21 40 51 21 102 9 87 49 0 37 57 40 93 91 125 91 45 63 42 25 45 18 43 109 22 35 27 103 62 40 106 2 56 88 111 18 11 89 100 121 6 74 90 64 17 91 86 35 12 92 26 88 10 23 109 100
66 39 67 67 61 69 29 33 1 104 20 4 95 43 31 120 18 96 93 47 43 98 73 98 32 53 45 43 86 40 117 108 14 76 47 0 61 100 66 51 79 105 75 13 99 97 41 32 57 90 33 118 107 109 91 2 58 70 0 36 53 32 105 121 66 120 10 119 23 117 95 46 31 41 44 75 117 16 61 82 48 4 124 95 105 38 77 82 85 7 38 105 22 118 33 99 108 9 125 122
0 53 121 62 31 55 40 30 0 22 0 0 0 52 13 122 53 0 0 0 80 0 52 110 0 0 119 0 68 0 0 99 57 29 116 0 70 0 7 0 0 0 52 70 84 0 0 81 0 38 7 113 0 0 64 0 0 68 0 67 9 64 0 0 0 88 0 122 116 0 75 0 0 75 111 34 5 80 0 0 53 43 38 35 0 19 97 6 0 85 0 82 32 64 0 65 81 0 0 33
5 17 96 26 53 77 14 73 123 9 91 34 0 11 39 57 23 8 0 29 2 119 6 95 77 13 60 28 85 108 92 81 98 107 5 35 23 0 69 40 121 118 43 61 121 125 61 16 8 0 104 67 116 14 107 77 0 0 52 64 24 102 0 101 55 106 65 66 49 0 56 27 41 85 15 47 91 24 95 105 81 2 2 38 56 84 88 26 116 0 0 52 0 29 122 43 4 34 90 22
56 83 70 40 74 105 0 17 0 109 0 0 6 38 73 113 13 24 0 70 0 92 37 0 121 0 97 68 63 0 16 75 0 37 86 108 0 0 68 3 119 121 0 0 83 27 38 94 121 0 58 78 83 74 3 0 61 0 0 35 0 75 49 0 68 92 0 0 55 0 95 81 70 103 100 120 85 120 103 120 10 0 113 86 12 5 66 62 53 121 0 73 5 94 125 0 15 117 0 43
111 107 99 13 122 2 28 56 67 68 0 29 25 86 75 57 20 0 55 30 20 67 40 0 91 44 91 18 66 89 106 48 107 0 7 104 0 7 94 31 43 44 121 66 53 8 105 96 0 70 51 10 35 0 49 92 1 25 68 96 59 74 87 0 85 26 75 3 84 35 88 53 58 43 10 118 2 96 41 118 33 8 4 117 114 110 97 13 38 91 31 41 90 97 88 33 97 33 77 14
112 66 58 31 30 47 21 24 37 109 71 12 2 116 108 46 96 11 8 20 105 60 105 0 85 52 74 29 124 76 125 80 121 42 30 46 104 57 72 37 72 3 80 109 83 90 122 112 90 23 1 31 111 0 20 120 84 71 58 22 28 86 113 3 77 87 35 71 2 31 50 53 102 76 30 78 113 97 90 93 37 91 74 107 119 115 66 75 98 85 116 115 84 73 100 21 3 114 120 122
44 7 35 16 83 40 89 20 73 1 25 17 100 12 61 9 73 124 12 44 108 109 5 75 71 19 71 11 18 50 94 21 116 114 66 44 8 22 93 1 84 49 113 116 46 19 37 104 40 94 18 16 45 21 9 100 119 120 0 6 91 11 109 51 33 0 119 59 61 122 11 85 28 73 81 52 85 0 7 57 9 80 57 53 73 53 30 5 96 85 58 15 31 15 26 13 90 118 100 108
4 64 47 30 77 75 35 93 44 32 102 34 41 95 59 116 81 74 117 124 77 91 123 2 16 28 108 29 55 68 50 103 50 17 63 5 13 76 88 73 97 111 45 6 15 122 45 91 107 99 63 102 40 64 68 0 103 11 19 14 47 50 118 12 96 43 117 1 24 96 66 56 38 50 107 117 27 84 75 99 23 73 87 71 33 118 4 70 4 41 28 51 35 52 74 60 124 3 88 24
50 27 101 0 94 123 71 114 75 0 46 74 63 14 0 113 27 0 61 108 29 89 94 94 80 0 74 118 32 17 116 60 22 106 90 4 35 112 61 82 38 57 66 25 103 64 25 17 81 59 117 67 32 80 28 5 92 90 91 102 0 0 125 72 68 73 60 16 121 81 3 113 79 70 0 103 76 11 34 7 35 35 1 96 24 56 1 31 114 103 97 36 40 70 85 10 2 77 59 38
85 26 115 86 75 27 61 12 21 0 74 73 43 56 96 60 7 56 120 105 0 0 37 85 32 3 58 41 18 102 86 113 0 43 20 121 112 0 35 68 87 23 29 101 10 90 39 51 37 17 59 2 11 89 111 24 1 110 27 106 62 0 117 27 96 115 12 97 65 54 99 80 108 86 88 35 35 62 66 72 83 70 23 55 90 29 24 22 45 118 0 0 102 40 69 123 115 88 79 99
54 28 9 89 66 8 16 74 0 76 93 61 98 6 24 40 95 52 81 31 57 20 20 20 49 124 15 63 47 107 2 101 44 40 27 61 83 109 83 37 25 104 63 107 8 89 101 16 61 50 36 1 44 89 39 76 117 51 40 31 28 98 12 116 84 83 13 121 34 73 42 87 19 60 9 47 102 17 63 99 112 38 118 37 102 118 112 84 12 49 0 36 13 0 93 52 66 32 0 48
72 116 99 117 35 115 15 0 73 103 79 69 76 55 125 49 23 24 81 120 22 19 55 53 86 100 89 8 86 76 12 125 55 75 36 53 18 109 59 11 2 106 112 90 28 38 0 63 0 7 29 101 52 119 20 64 85 0 93 45 50 0 33 66 29 33 31 26 124 112 46 40 67 82 69 28 120 80 17 90 124 41 109 21 104 99 60 51 24 123 0 16 12 108 63 66 45 125 123 108
0 89 45 82 91 46 65 74 27 50 100 69 0 98 32 57 90 49 106 81 102 30 65 92 20 59 25 107 42 101 71 19 49 7 32 119 63 116 34 6 55 98 87 16 57 20 29 107 11 28 93 13 70 11 108 47 105 3 63 55 95 112 16 5 117 50 100 0 33 86 15 109 0 89 123 95 33 122 0 11 107 88 24 82 123 98 22 11 0 112 74 24 89 22 22 27 123 29 55 53
79 92 0 109 0 100 46 116 65 32 51 0 119 109 32 57 7 8 20 91 65 22 86 8 53 58 86 12 22 24 0 0 45 27 121 27 71 120 33 16 52 86 114 15 47 72 7 0 75 51 84 98 40 12 16 54 34 6 87 112 24 100 70 40 30 12 7 14 31 118 73 116 65 61 107 104 95 85 31 103 28 75 0 100 18 10 0 68 61 0 93 97 74 70 1 27 9 0 7 34
51 79 46 91 83 110 14 42 0 82 92 0 121 32 121 30 102 58 116 69 0 50 42 122 80 71 123 113 7 68 65 102 85 63 11 121 29 89 17 18 82 77 84 11 75 12 108 107 80 15 9 118 16 76 77 35 5 8 35 37 19 103 120 2 123 87 119 112 37 112 0 86 106 17 39 42 114 104 3 105 18 9 107 103 117 2 75 58 17 76 117 36 72 94 0 95 107 40 89 71
68 22 9 75 102 116 0 115 34 39 100 26 9 20 83 80 78 16 58 90 84 49 65 84 106 87 94 111 29 46 96 41 74 77 32 97 1 48 21 3 60 32 53 52 20 94 97 25 76 105 42 84 39 3 57 0 82 4 39 59 0 79 116 24 32 91 74 30 80 79 121 56 117 16 21 3 77 19 76 94 39 14 2 115 112 124 119 62 50 18 77 94 60 40 97 42 0 113 0 12
17 81 71 53 57 33 16 24 27 95 67 2 80 69 7 85 41 96 116 59 42 102 27 54 108 108 122 29 18 13 13 93 66 72 95 28 11 70 80 96 91 87 5 74 94 77 68 69 107 43 44 99 107 9 53 108 114 0 85 1 10 62 53 35 58 47 25 22 17 42 108 70 16 122 15 75 109 100 3 45 38 68 31 46 105 48 71 91 66 102 55 75 101 89 88 108 23 92 89 122
102 120 73 67 24 78 45 35 92 72 92 120 42 0 85 29 72 7 72 7 11 106 104 16 14 76 8 103 99 48 37 19 112 118 89 30 73 92 53 105 124 38 119 0 47 59 102 43 119 32 84 5 14 120 44 94 0 80 0 98 28 85 0 54 45 24 10 15 120 72 28 32 82 39 22 0 89 0 115 98 44 28 0 80 102 107 59 124 0 97 74 58 116 120 0 29 63 91 0 89
58 39 83 54 102 50 63 120 57 94 76 8 31 35 32 123 23 20 111 20 41 92 2 38 119 34 53 14 84 38 87 100 0 34 42 74 47 81 8 64 20 12 65 102 54 118 46 18 41 21 59 16 70 48 19 1 77 73 37 94 59 68 109 37 58 80 44 77 62 96 40 36 108 28 67 31 59 1 41 16 98 16 98 93 108 14 33 16 69 115 16 13 124 48 10 63 26 66 116 40
48 10 52 0 118 18 77 13 5 66 70 4 39 0 12 116 106 90 0 51 120 71 44 117 118 68 85 29 98 12 90 31 0 4 62 41 28 19 109 35 96 125 70 89 0 87 110 114 113 55 40 57 10 8 58 47 103 42 67 12 63 111 93 114 34 0 30 83 51 7 66 96 106 108 85 63 103 47 77 71 0 33 86 60 111 39 61 104 0 109 41 116 70 97 111 56 92 68 30 58
1 83 59 107 105 28 40 45 50 115 76 4 105 101 37 118 62 82 118 40 27 0 25 27 17 40 111 14 95 4 0 112 53 0 0 0 69 34 37 0 87 97 57 3 17 69 0 54 74 68 73 100 81 105 4 15 117 117 40 116 30 65 90 53 59 81 76 6 120 35 89 29 5 112 0 2 107 81 94 77 99 106 25 29 0 0 58 38 78 88 52 37 5 86 62 45 0 46 27 77
105 13 45 4 33 59 64 92 26 77 106 55 119 117 62 25 40 94 18 14 120 45 16 12 37 66 30 23 106 122 40 21 24 121 88 2 60 95 64 37 35 96 12 81 110 73 33 47 53 19 28 45 88 42 43 0 94 26 83 76 0 81 84 107 65 54 70 33 30 14 98 38 105 109 64 61 0 106 117 102 35 13 2 4 45 51 31 1 91 45 94 24 80 87 74 99 27 84 56 42
41 123 109 47 123 88 110 41 101 35 105 7 107 90 89 67 62 4 37 76 60 121 123 89 72 7 35 107 86 9 59 39 0 10 62 25 29 83 110 0 0 0 47 48 89 0 83 97 110 120 20 0 41 108 77 58 99 0 4 51 55 103 90 37 0 90 81 49 100 70 12 45 65 27 123 125 92 70 96 19 0 20 95 77 5 65 59 17 0 8 0 92 88 0 69 0 111 6 70 119
8 107 114 112 20 71 41 25 123 115 109 63 0 61 94 99 73 0 89 64 117 16 85 79 110 0 100 95 97 35 78 65 30 10 85 107 1 59 62 72 94 94 108 113 42 117 30 35 80 45 48 118 107 37 91 110 118 112 44 82 0 74 62 0 84 0 19 81 85 18 52 69 117 35 44 20 123 48 60 109 0 11 101 81 55 16 120 5 34 114 21 96 119 54 79 113 73 110 115 67
36 63 14 27 82 68 0 104 32 99 125 4 3 111 100 124 83 15 90 100 74 17 49 107 86 69 15 58 20 125 125 46 14 44 61 92 12 90 56 19 120 119 35 72 109 69 65 26 4 29 88 98 28 2 107 0 66 97 89 45 52 24 66 100 42 5 29 93 44 118 55 7 115 109 87 94 7 108 41 26 64 16 23 12 77 76 53 99 120 86 93 43 69 19 41 39 124 97 0 0
14 99 83 64 18 47 37 19 39 76 117 0 109 107 62 13 24 107 14 84 85 32 64 26 57 116 25 1 73 67 40 110 22 36 47 122 94 98 121 0 40 67 26 121 49 3 77 37 0 4 35 62 53 34 87 106 49 32 24 125 56 36 125 1 98 110 108 56 62 56 62 5 0 15 25 76 18 82 0 87 120 18 55 39 107 91 116 79 98 0 0 47 83 57 100 12 94 42 104 18
80 8 41 2 76 19 7 89 104 117 38 80 38 123 40 98 85 45 63 35 111 40 113 62 120 27 122 81 104 68 17 72 23 31 0 82 30 0 39 9 16 115 5 94 74 0 1 125 12 59 52 121 64 79 3 68 106 63 107 3 113 63 2 1 13 0 75 4 100 76 30 86 4 51 12 120 66 93 13 62 50 82 50 82 93 124 23 61 43 83 29 91 109 117 0 3 11 96 71 2
6 82 99 27 68 83 15 44 43 75 45 28 48 65 105 120 28 48 102 70 36 77 39 70 86 113 115 42 18 33 65 105 60 91 85 106 54 46 71 77 72 3 83 48 110 25 50 102 113 110 0 116 125 94 94 44 10 46 0 96 53 81 51 104 115 94 26 61 9 120 0 38 64 36 31 75 103 29 22 3 42 19 112 93 22 97 36 106 50 88 64 39 22 99 37 63 118 34 53 53
117 105 122 64 10 100 83 92 46 43 13 63 36 24 111 94 123 17 100 6 61 87 0 41 119 0 23 74 9 108 5 20 123 8 71 72 70 18 54 47 90 38 70 21 0 122 83 38 122 107 51 6 4 71 10 0 8 68 24 78 81 88 5 104 108 85 16 37 48 0 17 90 50 75 75 63 48 70 116 55 96 14 49 1 72 20 29 121 13 16 66 41 100 77 68 19 38 95 56 50
19 121 103 124 0 32 1 54 116 6 45 118 75 100 7 100 124 109 117 74 61 107 44 104 57 122 121 13 100 17 105 105 73 56 86 5 80 19 0 92 89 66 61 22 77 113 16 28 58 72 65 82 94 104 100 47 118 21 112 87 55 90 26 63 48 93 117 0 92 34 9 37 75 0 115 12 61 4 3 42 82 31 89 66 57 122 95 19 54 116 36 51 81 49 120 47 43 93 48 0
77 39 125 69 22 25 0 0 42 125 69 124 104 52 30 0 1 75 13 69 27 41 10 118 32 23 70 115 94 29 47 119 100 83 102 119 28 91 59 46 20 120 20 3 63 84 77 23 59 120 70 105 77 109 72 122 66 83 14 22 1 84 64 17 124 91 75 109 102 70 0 121 28 0 11 107 26 0 22 89 115 32 109 71 23 104 0 9 0 5 17 101 97 8 11 40 61 91 40 82
23 67 102 58 71 0 26 21 117 62 108 0 59 7 25 88 0 103 0 72 43 41 8 76 83 30 97 1 0 89 0 55 6 98 62 27 70 82 19 64 11 21 77 40 100 79 97 99 50 105 78 34 112 43 39 22 89 78 43 91 45 72 37 0 51 64 58 73 45 41 12 31 121 94 115 115 0 12 71 24 5 13 3 39 97 23 70 11 54 49 49 98 14 28 96 0 77 89 97 106
25 21 13 56 53 64 17 108 114 43 123 67 32 92 3 33 102 86 46 77 97 61 91 52 88 22 97 48 1 70 57 100 125 101 0 89 28 101 92 33 108 120 44 34 86 112 52 32 68 82 1 26 63 74 94 114 35 43 82 95 63 70 70 50 72 5 88 58 109 12 58 39 103 78 67 100 109 38 36 0 16 122 95 105 53 25 43 89 66 46 58 42 84 35 124 32 91 115 55 0
91 107 116 111 78 92 82 56 119 40 8 119 27 86 125 114 69 4 0 37 109 58 50 90 26 13 40 51 64 0 31 12 65 107 108 75 119 107 89 16 52 7 56 108 47 36 0 30 87 8 7 64 92 114 79 0 7 95 23 85 31 89 88 72 55 71 110 113 81 65 30 34 27 48 78 113 98 103 13 86 101 34 80 56 108 0 93 113 13 67 103 37 25 66 91 37 103 26 71 0
