15 30
66 9 71 56 31 61 61 55 19 18 45 22 17 67 21 47 14 15 45 3 11 3 66 69 4 2 68 2 56 0
56 72 0 26 37 4 61 75 63 3 21 39 6 65 49 21 55 66 14 48 7 71 34 59 0 60 60 28 32 55
42 0 53 74 30 48 66 47 2 12 53 0 65 50 45 28 8 0 31 30 58 21 54 0 58 68 36 22 0 67
28 3 72 55 38 62 16 26 21 60 2 22 7 72 26 30 58 57 51 50 16 72 67 12 57 63 32 0 63 2
50 66 5 18 30 71 35 46 31 17 65 33 44 59 54 28 0 26 59 31 6 60 27 58 34 15 24 55 71 3
22 36 49 74 0 26 67 8 19 2 73 61 20 0 20 34 5 7 68 59 2 36 32 6 4 17 47 41 43 22
2 48 9 68 69 41 45 24 4 75 12 58 57 41 23 17 57 39 14 11 18 60 1 31 0 53 43 72 47 13
48 59 57 33 35 60 58 65 32 48 43 62 4 16 55 0 25 58 24 29 21 66 58 46 33 67 50 27 2 0
2 40 62 39 13 50 18 45 0 29 21 44 35 18 51 7 52 20 37 60 54 6 44 23 16 55 7 0 63 25
0 14 1 46 3 31 71 38 72 30 49 39 28 7 47 30 40 19 0 71 18 53 52 20 63 0 41 40 24 28
33 45 20 53 65 57 47 70 24 16 55 23 70 53 38 59 58 55 15 31 26 36 54 14 67 0 67 15 14 2
11 57 13 41 6 46 44 27 27 33 71 24 6 52 0 61 6 27 15 74 48 70 32 25 74 9 71 6 1 0
62 15 71 25 14 27 50 75 75 71 26 61 19 70 43 41 56 52 69 28 74 0 22 42 70 27 12 13 31 57
16 39 19 61 46 35 0 45 57 7 64 43 30 67 16 71 30 57 71 15 48 59 10 60 2 62 41 63 34 37
40 66 30 70 10 6 21 39 47 54 41 58 59 75 43 0 16 42 10 47 62 9 69 16 0 37 69 52 25 12
