15 30
62 2 52 0 26 17 4 43 36 56 2 5 7 1 36 39 61 43 46 3 46 69 46 4 38 59 72 25 57 3
21 68 44 6 11 49 43 0 39 0 25 4 56 42 68 24 51 38 48 75 51 0 51 0 10 0 69 5 69 20
4 25 33 73 45 30 61 19 39 11 69 46 0 31 53 54 9 2 5 53 36 38 37 48 1 42 20 8 37 61
59 31 71 0 26 43 43 67 58 74 34 75 21 57 65 2 22 62 54 58 0 0 20 3 0 7 59 8 11 6
0 0 31 4 2 15 51 18 4 71 19 30 0 28 0 17 42 60 22 60 49 69 34 50 56 0 3 7 2 41
16 9 1 20 52 29 61 8 55 41 73 11 0 62 67 29 7 18 0 21 5 54 11 60 73 32 68 40 45 27
21 0 14 74 0 0 3 62 73 43 66 31 0 40 72 43 5 44 59 54 66 27 0 10 27 17 10 26 55 70
47 15 15 3 22 46 10 69 12 0 25 39 23 5 14 62 22 67 21 0 13 46 37 68 15 53 44 0 64 33
0 75 47 49 70 10 0 70 0 74 37 45 19 22 41 49 64 35 14 13 56 29 43 13 58 74 28 57 12 10
73 22 25 47 36 14 59 0 5 9 33 26 14 7 20 47 43 35 69 65 12 65 28 3 68 39 20 71 12 27
73 48 72 47 7 19 73 38 58 27 10 40 67 0 29 0 25 27 43 27 0 63 1 68 27 50 70 28 40 7
60 64 0 61 49 0 68 18 49 33 10 58 63 35 4 54 70 0 64 13 16 9 0 63 67 5 0 53 72 3
70 57 6 21 2 69 41 0 0 39 17 8 48 1 54 23 26 21 39 0 11 27 73 63 50 13 20 1 64 36
24 33 72 15 34 58 23 44 4 15 25 16 25 36 2 30 54 0 33 52 20 0 43 0 60 64 36 4 36 68
63 0 41 57 43 66 69 72 18 18 37 18 74 56 0 33 51 4 20 41 27 67 36 55 57 36 1 60 61 5
