15 30
7 47 50 72 52 24 3 34 75 47 38 13 33 68 71 16 38 9 45 31 38 47 73 36 0 39 24 69 48 15
50 55 22 0 61 28 46 49 55 14 9 4 38 9 18 35 44 74 72 0 71 30 37 46 25 4 28 0 3 66
0 30 5 73 27 62 5 30 27 17 74 36 3 41 58 17 52 34 4 31 31 16 59 65 42 57 59 58 39 45
71 13 54 32 63 70 13 38 27 66 31 10 29 45 56 28 6 44 53 60 69 19 0 31 4 37 20 28 14 41
0 0 0 0 69 61 0 48 68 12 0 0 10 0 0 0 25 67 0 56 0 2 68 0 0 67 51 0 0 0
22 41 11 22 0 0 43 14 66 9 35 0 46 26 0 30 43 28 11 0 54 0 52 26 33 60 57 37 44 50
23 50 53 8 3 61 30 36 20 10 70 64 38 54 54 74 10 74 0 71 75 48 0 3 45 72 0 31 2 70
65 41 38 38 2 9 49 3 17 57 6 62 0 71 34 12 65 71 62 6 47 57 34 36 9 36 12 66 12 42
30 74 0 48 66 42 0 47 35 5 25 27 67 0 0 27 0 0 74 53 0 75 0 25 0 0 54 70 0 74
46 2 37 11 4 75 11 40 71 25 2 66 43 47 63 64 30 0 71 25 55 18 5 70 40 63 31 8 64 9
27 71 3 44 44 60 64 1 48 4 75 0 63 24 27 38 37 56 70 74 27 23 61 31 30 69 23 18 43 25
54 53 61 24 47 6 0 72 17 5 49 6 74 2 19 60 29 74 0 33 20 50 55 58 56 39 69 68 8 41
67 12 3 59 54 20 56 44 49 59 34 55 32 73 47 65 43 71 0 71 57 53 27 9 71 60 21 56 58 36
4 28 69 41 27 46 0 8 6 46 15 71 13 8 68 30 0 5 60 50 0 12 57 0 14 0 48 44 11 61
0 39 42 0 49 0 6 32 16 58 31 53 29 39 53 36 28 47 36 15 36 51 27 32 38 61 44 38 14 19
