10000
20 3 1 2 3
7 3 4 5 6
17 2 7 8
13 2 9 10
14 2 11 12
8 3 13 14 15
13 1 16
7 1 17
3 1 18
16 1 19
1 2 20 21
15 1 22
11 2 23 24
12 2 25 26
9 1 27
8 1 28
18 2 29 30
14 2 31 32
19 1 33
16 2 34 35
8 3 36 37 38
5 2 39 40
14 2 41 42
9 3 43 44 45
12 2 46 47
10 2 48 49
7 1 50
19 2 51 52
14 2 53 54
12 1 55
19 1 56
14 2 57 58
18 2 59 60
15 1 61
5 2 62 63
9 2 64 65
8 3 66 67 68
8 1 69
4 3 70 71 72
2 3 73 74 75
20 1 76
15 1 77
6 2 78 79
17 1 80
18 2 81 82
6 2 83 84
3 2 85 86
11 3 87 88 89
5 3 90 91 92
8 2 93 94
15 3 95 96 97
17 1 98
8 1 99
10 1 100
11 2 101 102
14 1 103
6 1 104
18 3 105 106 107
10 2 108 109
14 3 110 111 112
16 2 113 114
19 1 115
4 3 116 117 118
16 3 119 120 121
18 3 122 123 124
5 2 125 126
18 3 127 128 129
4 1 130
15 1 131
17 2 132 133
2 2 134 135
14 1 136
13 1 137
10 2 138 139
7 2 140 141
17 1 142
6 3 143 144 145
2 3 146 147 148
12 3 149 150 151
1 3 152 153 154
9 2 155 156
17 2 157 158
6 2 159 160
19 2 161 162
5 2 163 164
12 3 165 166 167
10 3 168 169 170
9 1 171
12 3 172 173 174
19 3 175 176 177
7 2 178 179
16 2 180 181
12 2 182 183
14 1 184
4 2 185 186
7 3 187 188 189
9 1 190
20 3 191 192 193
8 3 194 195 196
13 3 197 198 199
1 1 200
9 1 201
10 2 202 203
16 1 204
6 3 205 206 207
19 2 208 209
6 1 210
8 1 211
11 2 212 213
19 2 214 215
14 2 216 217
13 2 218 219
9 2 220 221
13 2 222 223
4 1 224
16 3 225 226 227
2 1 228
8 2 229 230
19 2 231 232
19 1 233
10 1 234
10 1 235
8 3 236 237 238
18 1 239
2 3 240 241 242
3 3 243 244 245
13 2 246 247
10 1 248
17 2 249 250
1 2 251 252
20 3 253 254 255
3 3 256 257 258
14 2 259 260
17 2 261 262
19 3 263 264 265
5 3 266 267 268
3 3 269 270 271
14 1 272
13 3 273 274 275
3 3 276 277 278
20 3 279 280 281
9 3 282 283 284
5 2 285 286
20 1 287
8 2 288 289
1 3 290 291 292
10 2 293 294
5 2 295 296
8 2 297 298
14 2 299 300
12 2 301 302
13 2 303 304
18 3 305 306 307
6 3 308 309 310
4 2 311 312
15 2 313 314
17 1 315
9 1 316
14 2 317 318
2 3 319 320 321
15 3 322 323 324
14 1 325
1 1 326
4 3 327 328 329
5 2 330 331
6 3 332 333 334
18 1 335
6 2 336 337
12 2 338 339
19 3 340 341 342
10 3 343 344 345
4 3 346 347 348
1 3 349 350 351
18 1 352
8 2 353 354
12 2 355 356
14 2 357 358
16 2 359 360
14 3 361 362 363
4 2 364 365
9 1 366
12 2 367 368
6 3 369 370 371
7 1 372
11 1 373
20 2 374 375
15 1 376
15 1 377
16 1 378
16 2 379 380
10 2 381 382
1 1 383
3 1 384
8 2 385 386
8 1 387
16 1 388
19 2 389 390
15 3 391 392 393
2 2 394 395
6 1 396
15 2 397 398
6 3 399 400 401
10 2 402 403
13 1 404
7 1 405
12 2 406 407
6 1 408
13 3 409 410 411
10 3 412 413 414
18 2 415 416
2 2 417 418
11 2 419 420
15 1 421
18 2 422 423
10 3 424 425 426
5 2 427 428
10 3 429 430 431
16 3 432 433 434
18 1 435
18 2 436 437
15 3 438 439 440
10 2 441 442
5 1 443
1 3 444 445 446
4 3 447 448 449
16 2 450 451
3 1 452
13 3 453 454 455
2 1 456
19 3 457 458 459
3 3 460 461 462
15 1 463
14 1 464
4 1 465
20 3 466 467 468
19 1 469
7 2 470 471
18 2 472 473
7 1 474
14 3 475 476 477
3 2 478 479
10 2 480 481
2 2 482 483
12 1 484
16 1 485
10 1 486
7 1 487
19 3 488 489 490
12 3 491 492 493
7 2 494 495
17 2 496 497
1 1 498
16 3 499 500 501
8 2 502 503
12 1 504
10 3 505 506 507
3 1 508
19 1 509
17 1 510
9 2 511 512
19 3 513 514 515
4 2 516 517
7 1 518
19 1 519
17 2 520 521
20 1 522
10 3 523 524 525
7 3 526 527 528
4 2 529 530
8 3 531 532 533
5 2 534 535
16 2 536 537
10 2 538 539
6 2 540 541
15 1 542
10 2 543 544
2 3 545 546 547
3 2 548 549
14 1 550
16 1 551
16 2 552 553
19 3 554 555 556
16 3 557 558 559
19 2 560 561
15 3 562 563 564
11 2 565 566
3 1 567
5 3 568 569 570
19 2 571 572
2 2 573 574
12 1 575
3 3 576 577 578
13 3 579 580 581
4 3 582 583 584
9 2 585 586
17 2 587 588
15 2 589 590
10 1 591
14 2 592 593
4 3 594 595 596
15 2 597 598
2 3 599 600 601
1 1 602
11 3 603 604 605
14 1 606
12 1 607
11 1 608
3 3 609 610 611
20 3 612 613 614
12 1 615
8 3 616 617 618
11 2 619 620
9 2 621 622
17 1 623
11 1 624
8 2 625 626
8 1 627
5 2 628 629
12 1 630
19 1 631
17 1 632
18 2 633 634
12 3 635 636 637
14 3 638 639 640
20 1 641
11 2 642 643
10 3 644 645 646
15 3 647 648 649
18 1 650
10 3 651 652 653
11 2 654 655
11 1 656
14 3 657 658 659
8 2 660 661
4 1 662
13 1 663
20 3 664 665 666
5 3 667 668 669
10 3 670 671 672
7 3 673 674 675
9 2 676 677
4 2 678 679
8 1 680
8 3 681 682 683
17 2 684 685
14 2 686 687
4 2 688 689
19 3 690 691 692
16 2 693 694
4 2 695 696
4 1 697
1 2 698 699
4 3 700 701 702
18 1 703
17 2 704 705
11 1 706
1 2 707 708
18 1 709
18 3 710 711 712
17 1 713
7 2 714 715
8 2 716 717
11 1 718
20 3 719 720 721
7 1 722
13 1 723
8 2 724 725
2 1 726
3 1 727
11 1 728
9 2 729 730
12 1 731
17 2 732 733
11 2 734 735
10 2 736 737
12 2 738 739
20 2 740 741
3 1 742
12 1 743
9 2 744 745
3 2 746 747
9 3 748 749 750
19 3 751 752 753
8 3 754 755 756
14 1 757
9 2 758 759
3 3 760 761 762
20 1 763
11 2 764 765
8 2 766 767
4 1 768
8 3 769 770 771
18 2 772 773
9 1 774
6 1 775
17 2 776 777
13 2 778 779
20 2 780 781
4 1 782
4 3 783 784 785
16 3 786 787 788
14 3 789 790 791
6 3 792 793 794
17 3 795 796 797
16 3 798 799 800
10 2 801 802
4 1 803
19 2 804 805
9 1 806
12 2 807 808
18 2 809 810
17 3 811 812 813
6 2 814 815
2 3 816 817 818
3 2 819 820
4 3 821 822 823
9 3 824 825 826
16 2 827 828
14 1 829
7 1 830
16 3 831 832 833
18 1 834
1 2 835 836
2 1 837
14 3 838 839 840
19 1 841
18 1 842
5 2 843 844
14 1 845
6 2 846 847
19 2 848 849
19 1 850
19 1 851
6 1 852
6 2 853 854
13 1 855
9 2 856 857
20 1 858
7 1 859
8 3 860 861 862
9 2 863 864
4 2 865 866
15 2 867 868
6 3 869 870 871
16 2 872 873
17 3 874 875 876
4 3 877 878 879
11 3 880 881 882
18 3 883 884 885
15 2 886 887
1 2 888 889
17 3 890 891 892
18 3 893 894 895
18 3 896 897 898
1 1 899
7 2 900 901
16 3 902 903 904
12 3 905 906 907
2 3 908 909 910
13 1 911
14 2 912 913
15 2 914 915
3 2 916 917
11 3 918 919 920
7 1 921
20 2 922 923
13 2 924 925
3 1 926
18 1 927
3 3 928 929 930
10 1 931
10 1 932
6 2 933 934
10 3 935 936 937
17 3 938 939 940
4 2 941 942
12 1 943
2 2 944 945
8 3 946 947 948
2 1 949
3 3 950 951 952
4 2 953 954
5 1 955
20 2 956 957
16 3 958 959 960
9 1 961
7 3 962 963 964
15 2 965 966
15 1 967
11 2 968 969
12 2 970 971
8 2 972 973
16 2 974 975
19 3 976 977 978
7 1 979
15 1 980
20 3 981 982 983
4 1 984
4 2 985 986
7 3 987 988 989
8 2 990 991
3 3 992 993 994
1 2 995 996
9 1 997
8 1 998
18 3 999 1000 1001
5 1 1002
1 3 1003 1004 1005
1 3 1006 1007 1008
9 3 1009 1010 1011
1 1 1012
12 2 1013 1014
10 1 1015
9 2 1016 1017
2 1 1018
5 3 1019 1020 1021
4 2 1022 1023
7 1 1024
3 2 1025 1026
6 2 1027 1028
11 1 1029
16 3 1030 1031 1032
8 2 1033 1034
18 3 1035 1036 1037
4 3 1038 1039 1040
9 2 1041 1042
7 1 1043
19 2 1044 1045
11 3 1046 1047 1048
11 1 1049
1 1 1050
9 1 1051
19 3 1052 1053 1054
11 1 1055
17 1 1056
2 3 1057 1058 1059
14 1 1060
14 3 1061 1062 1063
15 1 1064
4 1 1065
13 2 1066 1067
5 2 1068 1069
19 2 1070 1071
10 2 1072 1073
3 3 1074 1075 1076
11 3 1077 1078 1079
9 2 1080 1081
16 2 1082 1083
8 2 1084 1085
10 1 1086
19 1 1087
11 3 1088 1089 1090
13 3 1091 1092 1093
18 1 1094
12 3 1095 1096 1097
7 3 1098 1099 1100
17 1 1101
3 2 1102 1103
11 1 1104
9 2 1105 1106
13 3 1107 1108 1109
5 2 1110 1111
9 2 1112 1113
8 2 1114 1115
16 3 1116 1117 1118
5 3 1119 1120 1121
9 1 1122
4 3 1123 1124 1125
18 1 1126
8 3 1127 1128 1129
9 2 1130 1131
10 1 1132
4 3 1133 1134 1135
5 1 1136
20 1 1137
11 3 1138 1139 1140
15 2 1141 1142
7 1 1143
15 3 1144 1145 1146
2 3 1147 1148 1149
19 1 1150
3 2 1151 1152
10 3 1153 1154 1155
19 2 1156 1157
16 1 1158
2 3 1159 1160 1161
4 3 1162 1163 1164
16 1 1165
9 2 1166 1167
7 2 1168 1169
15 2 1170 1171
19 1 1172
10 3 1173 1174 1175
6 2 1176 1177
2 2 1178 1179
6 3 1180 1181 1182
9 2 1183 1184
4 2 1185 1186
5 2 1187 1188
5 3 1189 1190 1191
7 2 1192 1193
16 3 1194 1195 1196
17 3 1197 1198 1199
5 1 1200
20 3 1201 1202 1203
5 3 1204 1205 1206
9 2 1207 1208
12 3 1209 1210 1211
5 2 1212 1213
12 1 1214
1 1 1215
5 1 1216
18 3 1217 1218 1219
15 2 1220 1221
13 2 1222 1223
1 1 1224
1 2 1225 1226
18 2 1227 1228
13 3 1229 1230 1231
16 1 1232
19 1 1233
19 2 1234 1235
5 1 1236
2 1 1237
15 2 1238 1239
14 3 1240 1241 1242
8 2 1243 1244
3 2 1245 1246
16 3 1247 1248 1249
15 1 1250
17 3 1251 1252 1253
18 1 1254
20 2 1255 1256
15 3 1257 1258 1259
5 3 1260 1261 1262
5 2 1263 1264
13 2 1265 1266
16 1 1267
14 1 1268
6 2 1269 1270
12 3 1271 1272 1273
16 2 1274 1275
20 3 1276 1277 1278
2 1 1279
9 1 1280
13 2 1281 1282
6 3 1283 1284 1285
3 1 1286
17 1 1287
19 1 1288
17 2 1289 1290
6 2 1291 1292
14 3 1293 1294 1295
15 2 1296 1297
4 3 1298 1299 1300
8 3 1301 1302 1303
7 1 1304
7 2 1305 1306
7 2 1307 1308
16 1 1309
11 2 1310 1311
8 3 1312 1313 1314
13 2 1315 1316
9 1 1317
6 2 1318 1319
12 2 1320 1321
1 2 1322 1323
11 3 1324 1325 1326
19 3 1327 1328 1329
6 3 1330 1331 1332
9 2 1333 1334
18 1 1335
6 1 1336
16 1 1337
14 1 1338
11 1 1339
3 2 1340 1341
4 2 1342 1343
16 3 1344 1345 1346
8 1 1347
4 3 1348 1349 1350
15 2 1351 1352
3 1 1353
2 3 1354 1355 1356
17 1 1357
20 2 1358 1359
7 3 1360 1361 1362
1 2 1363 1364
14 1 1365
5 2 1366 1367
17 1 1368
7 3 1369 1370 1371
10 2 1372 1373
17 1 1374
6 2 1375 1376
1 2 1377 1378
18 1 1379
1 1 1380
5 3 1381 1382 1383
20 2 1384 1385
7 1 1386
5 2 1387 1388
8 2 1389 1390
13 2 1391 1392
7 2 1393 1394
9 1 1395
7 3 1396 1397 1398
4 2 1399 1400
18 2 1401 1402
9 1 1403
4 2 1404 1405
7 2 1406 1407
14 3 1408 1409 1410
11 3 1411 1412 1413
17 1 1414
18 3 1415 1416 1417
3 1 1418
11 3 1419 1420 1421
4 1 1422
7 2 1423 1424
15 2 1425 1426
4 3 1427 1428 1429
4 3 1430 1431 1432
19 2 1433 1434
2 1 1435
12 3 1436 1437 1438
9 3 1439 1440 1441
20 1 1442
11 1 1443
11 3 1444 1445 1446
16 3 1447 1448 1449
1 3 1450 1451 1452
7 1 1453
8 2 1454 1455
10 1 1456
14 1 1457
15 3 1458 1459 1460
10 2 1461 1462
2 1 1463
20 3 1464 1465 1466
10 2 1467 1468
1 3 1469 1470 1471
7 2 1472 1473
7 3 1474 1475 1476
12 1 1477
7 2 1478 1479
2 3 1480 1481 1482
11 3 1483 1484 1485
5 3 1486 1487 1488
9 3 1489 1490 1491
18 1 1492
15 3 1493 1494 1495
2 1 1496
10 1 1497
19 2 1498 1499
18 3 1500 1501 1502
2 1 1503
5 3 1504 1505 1506
14 3 1507 1508 1509
6 3 1510 1511 1512
17 1 1513
2 1 1514
4 1 1515
20 1 1516
12 2 1517 1518
5 3 1519 1520 1521
5 1 1522
15 3 1523 1524 1525
14 1 1526
18 2 1527 1528
19 1 1529
6 1 1530
17 1 1531
9 2 1532 1533
3 1 1534
13 2 1535 1536
7 1 1537
15 1 1538
8 3 1539 1540 1541
17 2 1542 1543
6 3 1544 1545 1546
12 1 1547
5 1 1548
16 1 1549
17 3 1550 1551 1552
19 1 1553
4 1 1554
1 2 1555 1556
9 3 1557 1558 1559
3 1 1560
7 3 1561 1562 1563
1 1 1564
15 3 1565 1566 1567
17 2 1568 1569
17 1 1570
5 2 1571 1572
15 3 1573 1574 1575
19 3 1576 1577 1578
11 3 1579 1580 1581
20 1 1582
16 3 1583 1584 1585
15 3 1586 1587 1588
14 3 1589 1590 1591
8 1 1592
3 3 1593 1594 1595
1 1 1596
6 3 1597 1598 1599
17 3 1600 1601 1602
14 3 1603 1604 1605
3 1 1606
20 1 1607
15 2 1608 1609
5 3 1610 1611 1612
13 3 1613 1614 1615
12 3 1616 1617 1618
18 3 1619 1620 1621
7 3 1622 1623 1624
18 2 1625 1626
6 3 1627 1628 1629
7 1 1630
16 2 1631 1632
15 1 1633
3 2 1634 1635
12 2 1636 1637
17 1 1638
20 2 1639 1640
8 1 1641
13 1 1642
19 3 1643 1644 1645
5 1 1646
13 3 1647 1648 1649
10 1 1650
18 2 1651 1652
8 2 1653 1654
17 2 1655 1656
5 3 1657 1658 1659
1 3 1660 1661 1662
9 2 1663 1664
2 3 1665 1666 1667
7 2 1668 1669
8 1 1670
9 1 1671
10 1 1672
5 1 1673
12 1 1674
19 2 1675 1676
12 3 1677 1678 1679
7 3 1680 1681 1682
20 2 1683 1684
15 2 1685 1686
18 3 1687 1688 1689
9 2 1690 1691
4 3 1692 1693 1694
5 3 1695 1696 1697
19 3 1698 1699 1700
12 3 1701 1702 1703
19 1 1704
19 3 1705 1706 1707
17 3 1708 1709 1710
18 1 1711
10 2 1712 1713
12 2 1714 1715
15 1 1716
18 3 1717 1718 1719
7 1 1720
16 3 1721 1722 1723
18 2 1724 1725
10 1 1726
20 2 1727 1728
5 3 1729 1730 1731
6 3 1732 1733 1734
2 1 1735
9 1 1736
4 2 1737 1738
6 2 1739 1740
1 1 1741
9 2 1742 1743
11 3 1744 1745 1746
12 3 1747 1748 1749
7 3 1750 1751 1752
13 2 1753 1754
5 3 1755 1756 1757
12 1 1758
8 3 1759 1760 1761
16 2 1762 1763
16 1 1764
10 1 1765
18 3 1766 1767 1768
6 2 1769 1770
6 1 1771
15 3 1772 1773 1774
15 3 1775 1776 1777
7 2 1778 1779
11 2 1780 1781
20 2 1782 1783
4 2 1784 1785
9 3 1786 1787 1788
15 2 1789 1790
20 1 1791
19 2 1792 1793
16 2 1794 1795
6 2 1796 1797
16 1 1798
2 1 1799
11 1 1800
3 1 1801
4 1 1802
11 3 1803 1804 1805
3 1 1806
6 1 1807
18 2 1808 1809
5 3 1810 1811 1812
13 3 1813 1814 1815
20 2 1816 1817
17 1 1818
13 2 1819 1820
17 3 1821 1822 1823
2 2 1824 1825
2 3 1826 1827 1828
5 2 1829 1830
8 1 1831
9 1 1832
13 1 1833
12 2 1834 1835
13 1 1836
8 2 1837 1838
11 2 1839 1840
7 1 1841
13 2 1842 1843
20 2 1844 1845
4 3 1846 1847 1848
4 2 1849 1850
17 1 1851
12 1 1852
13 1 1853
19 1 1854
12 1 1855
15 1 1856
15 2 1857 1858
11 2 1859 1860
4 3 1861 1862 1863
19 3 1864 1865 1866
4 3 1867 1868 1869
15 1 1870
8 3 1871 1872 1873
19 2 1874 1875
4 3 1876 1877 1878
6 1 1879
14 1 1880
17 3 1881 1882 1883
10 3 1884 1885 1886
15 1 1887
3 2 1888 1889
2 2 1890 1891
7 1 1892
18 1 1893
10 1 1894
16 3 1895 1896 1897
16 3 1898 1899 1900
9 1 1901
7 3 1902 1903 1904
20 2 1905 1906
15 3 1907 1908 1909
20 3 1910 1911 1912
12 1 1913
13 2 1914 1915
12 3 1916 1917 1918
9 3 1919 1920 1921
20 3 1922 1923 1924
4 1 1925
18 1 1926
4 3 1927 1928 1929
12 2 1930 1931
11 3 1932 1933 1934
15 3 1935 1936 1937
8 1 1938
13 2 1939 1940
14 3 1941 1942 1943
19 3 1944 1945 1946
14 2 1947 1948
11 2 1949 1950
4 1 1951
11 1 1952
1 1 1953
3 3 1954 1955 1956
15 1 1957
2 2 1958 1959
20 1 1960
15 2 1961 1962
19 1 1963
19 1 1964
20 1 1965
11 2 1966 1967
18 3 1968 1969 1970
7 1 1971
8 2 1972 1973
5 3 1974 1975 1976
16 3 1977 1978 1979
4 3 1980 1981 1982
10 3 1983 1984 1985
3 1 1986
8 2 1987 1988
15 2 1989 1990
17 3 1991 1992 1993
15 2 1994 1995
20 2 1996 1997
11 3 1998 1999 2000
5 1 2001
10 1 2002
14 1 2003
12 3 2004 2005 2006
4 1 2007
1 3 2008 2009 2010
7 3 2011 2012 2013
19 2 2014 2015
6 3 2016 2017 2018
20 2 2019 2020
10 3 2021 2022 2023
12 2 2024 2025
9 3 2026 2027 2028
19 1 2029
10 2 2030 2031
3 1 2032
3 3 2033 2034 2035
5 3 2036 2037 2038
6 2 2039 2040
11 3 2041 2042 2043
2 3 2044 2045 2046
14 1 2047
9 3 2048 2049 2050
18 2 2051 2052
7 3 2053 2054 2055
3 1 2056
2 2 2057 2058
9 2 2059 2060
10 3 2061 2062 2063
5 3 2064 2065 2066
6 2 2067 2068
8 2 2069 2070
14 3 2071 2072 2073
3 1 2074
12 2 2075 2076
5 3 2077 2078 2079
12 1 2080
10 2 2081 2082
20 3 2083 2084 2085
9 2 2086 2087
5 2 2088 2089
1 1 2090
14 3 2091 2092 2093
7 2 2094 2095
16 2 2096 2097
2 1 2098
11 1 2099
14 3 2100 2101 2102
16 2 2103 2104
9 1 2105
1 2 2106 2107
11 2 2108 2109
13 1 2110
20 1 2111
5 1 2112
9 3 2113 2114 2115
1 3 2116 2117 2118
2 1 2119
15 1 2120
15 2 2121 2122
3 1 2123
8 2 2124 2125
16 1 2126
17 1 2127
20 2 2128 2129
16 1 2130
16 3 2131 2132 2133
11 3 2134 2135 2136
11 2 2137 2138
6 3 2139 2140 2141
17 2 2142 2143
14 3 2144 2145 2146
4 1 2147
4 2 2148 2149
8 2 2150 2151
12 1 2152
11 1 2153
13 2 2154 2155
19 1 2156
10 1 2157
16 2 2158 2159
3 3 2160 2161 2162
17 3 2163 2164 2165
4 1 2166
11 3 2167 2168 2169
10 1 2170
6 2 2171 2172
17 1 2173
2 3 2174 2175 2176
1 2 2177 2178
12 2 2179 2180
2 3 2181 2182 2183
20 2 2184 2185
18 1 2186
3 3 2187 2188 2189
3 1 2190
13 3 2191 2192 2193
14 2 2194 2195
6 1 2196
2 3 2197 2198 2199
6 1 2200
1 2 2201 2202
16 1 2203
4 3 2204 2205 2206
17 2 2207 2208
10 1 2209
13 1 2210
7 3 2211 2212 2213
5 3 2214 2215 2216
12 3 2217 2218 2219
20 2 2220 2221
8 3 2222 2223 2224
14 3 2225 2226 2227
18 2 2228 2229
5 3 2230 2231 2232
6 2 2233 2234
2 2 2235 2236
18 2 2237 2238
7 2 2239 2240
6 1 2241
19 3 2242 2243 2244
17 2 2245 2246
5 1 2247
10 3 2248 2249 2250
14 1 2251
6 2 2252 2253
17 1 2254
11 1 2255
1 2 2256 2257
8 3 2258 2259 2260
19 2 2261 2262
5 2 2263 2264
9 1 2265
20 3 2266 2267 2268
1 1 2269
12 1 2270
3 1 2271
12 2 2272 2273
11 3 2274 2275 2276
16 2 2277 2278
8 2 2279 2280
3 3 2281 2282 2283
18 1 2284
3 3 2285 2286 2287
5 1 2288
2 1 2289
16 1 2290
5 3 2291 2292 2293
4 3 2294 2295 2296
16 3 2297 2298 2299
17 2 2300 2301
4 3 2302 2303 2304
2 1 2305
10 1 2306
7 2 2307 2308
19 2 2309 2310
2 1 2311
14 2 2312 2313
19 2 2314 2315
10 3 2316 2317 2318
11 2 2319 2320
16 3 2321 2322 2323
19 1 2324
15 3 2325 2326 2327
9 1 2328
18 2 2329 2330
15 1 2331
11 3 2332 2333 2334
12 1 2335
15 2 2336 2337
13 3 2338 2339 2340
19 1 2341
16 3 2342 2343 2344
11 2 2345 2346
2 2 2347 2348
4 3 2349 2350 2351
17 1 2352
11 3 2353 2354 2355
11 2 2356 2357
8 3 2358 2359 2360
19 3 2361 2362 2363
4 1 2364
14 1 2365
4 3 2366 2367 2368
19 2 2369 2370
1 2 2371 2372
8 2 2373 2374
18 2 2375 2376
9 1 2377
14 1 2378
7 1 2379
5 1 2380
20 2 2381 2382
16 2 2383 2384
13 3 2385 2386 2387
19 3 2388 2389 2390
15 2 2391 2392
2 2 2393 2394
16 1 2395
7 1 2396
16 3 2397 2398 2399
11 3 2400 2401 2402
20 2 2403 2404
3 3 2405 2406 2407
14 2 2408 2409
8 1 2410
12 2 2411 2412
14 2 2413 2414
14 1 2415
8 1 2416
7 3 2417 2418 2419
2 3 2420 2421 2422
19 1 2423
7 2 2424 2425
3 1 2426
9 3 2427 2428 2429
11 1 2430
1 1 2431
7 1 2432
6 2 2433 2434
2 1 2435
1 1 2436
17 2 2437 2438
10 1 2439
14 2 2440 2441
8 3 2442 2443 2444
2 3 2445 2446 2447
1 3 2448 2449 2450
4 1 2451
10 3 2452 2453 2454
18 3 2455 2456 2457
12 2 2458 2459
10 2 2460 2461
11 3 2462 2463 2464
7 2 2465 2466
1 3 2467 2468 2469
7 2 2470 2471
18 3 2472 2473 2474
8 1 2475
20 2 2476 2477
3 3 2478 2479 2480
2 2 2481 2482
6 2 2483 2484
7 1 2485
2 2 2486 2487
6 2 2488 2489
20 2 2490 2491
4 1 2492
7 1 2493
11 1 2494
12 3 2495 2496 2497
16 2 2498 2499
3 1 2500
14 1 2501
19 2 2502 2503
20 3 2504 2505 2506
2 3 2507 2508 2509
17 3 2510 2511 2512
12 3 2513 2514 2515
9 1 2516
11 3 2517 2518 2519
7 2 2520 2521
12 3 2522 2523 2524
18 1 2525
10 3 2526 2527 2528
20 1 2529
17 1 2530
11 3 2531 2532 2533
12 1 2534
7 1 2535
5 2 2536 2537
1 3 2538 2539 2540
16 3 2541 2542 2543
20 2 2544 2545
17 3 2546 2547 2548
3 2 2549 2550
8 2 2551 2552
12 3 2553 2554 2555
3 3 2556 2557 2558
9 1 2559
1 2 2560 2561
5 2 2562 2563
16 1 2564
7 2 2565 2566
2 3 2567 2568 2569
3 2 2570 2571
7 2 2572 2573
3 1 2574
11 1 2575
9 1 2576
14 2 2577 2578
5 1 2579
17 3 2580 2581 2582
15 1 2583
3 1 2584
16 3 2585 2586 2587
10 2 2588 2589
19 2 2590 2591
9 1 2592
4 1 2593
3 3 2594 2595 2596
5 1 2597
4 3 2598 2599 2600
7 2 2601 2602
5 1 2603
19 3 2604 2605 2606
18 1 2607
4 3 2608 2609 2610
9 2 2611 2612
4 3 2613 2614 2615
8 2 2616 2617
16 3 2618 2619 2620
3 3 2621 2622 2623
12 3 2624 2625 2626
3 3 2627 2628 2629
9 3 2630 2631 2632
13 1 2633
9 2 2634 2635
11 1 2636
9 1 2637
2 1 2638
17 1 2639
8 2 2640 2641
12 3 2642 2643 2644
11 1 2645
4 3 2646 2647 2648
17 1 2649
18 2 2650 2651
19 1 2652
3 1 2653
18 3 2654 2655 2656
10 3 2657 2658 2659
1 1 2660
19 1 2661
1 2 2662 2663
7 2 2664 2665
17 1 2666
7 1 2667
5 2 2668 2669
20 1 2670
20 3 2671 2672 2673
17 3 2674 2675 2676
17 1 2677
6 2 2678 2679
11 2 2680 2681
20 3 2682 2683 2684
14 2 2685 2686
16 1 2687
19 2 2688 2689
19 2 2690 2691
2 3 2692 2693 2694
18 2 2695 2696
7 3 2697 2698 2699
18 2 2700 2701
6 3 2702 2703 2704
4 1 2705
3 3 2706 2707 2708
14 2 2709 2710
15 3 2711 2712 2713
16 1 2714
9 2 2715 2716
20 1 2717
12 2 2718 2719
18 1 2720
17 1 2721
8 1 2722
13 1 2723
20 1 2724
12 3 2725 2726 2727
13 2 2728 2729
14 1 2730
18 3 2731 2732 2733
10 3 2734 2735 2736
5 2 2737 2738
8 1 2739
17 3 2740 2741 2742
12 1 2743
6 2 2744 2745
20 2 2746 2747
19 1 2748
10 1 2749
6 1 2750
10 1 2751
19 1 2752
4 2 2753 2754
18 3 2755 2756 2757
20 3 2758 2759 2760
14 3 2761 2762 2763
8 1 2764
13 3 2765 2766 2767
16 2 2768 2769
20 3 2770 2771 2772
20 1 2773
8 2 2774 2775
7 2 2776 2777
2 1 2778
6 3 2779 2780 2781
10 1 2782
8 1 2783
5 2 2784 2785
9 3 2786 2787 2788
19 3 2789 2790 2791
10 1 2792
17 3 2793 2794 2795
6 2 2796 2797
9 1 2798
20 3 2799 2800 2801
9 3 2802 2803 2804
4 2 2805 2806
16 3 2807 2808 2809
16 1 2810
4 3 2811 2812 2813
7 3 2814 2815 2816
17 2 2817 2818
4 1 2819
8 3 2820 2821 2822
11 3 2823 2824 2825
11 2 2826 2827
18 2 2828 2829
7 2 2830 2831
20 1 2832
13 3 2833 2834 2835
18 3 2836 2837 2838
14 2 2839 2840
19 1 2841
13 2 2842 2843
9 1 2844
12 2 2845 2846
8 3 2847 2848 2849
11 2 2850 2851
10 3 2852 2853 2854
6 2 2855 2856
19 1 2857
8 1 2858
5 3 2859 2860 2861
19 1 2862
5 3 2863 2864 2865
8 2 2866 2867
1 1 2868
17 1 2869
10 3 2870 2871 2872
2 2 2873 2874
6 1 2875
9 2 2876 2877
11 1 2878
4 3 2879 2880 2881
7 1 2882
8 1 2883
7 2 2884 2885
16 1 2886
2 1 2887
17 1 2888
11 3 2889 2890 2891
20 3 2892 2893 2894
10 2 2895 2896
2 3 2897 2898 2899
2 2 2900 2901
9 1 2902
7 3 2903 2904 2905
6 1 2906
8 1 2907
17 3 2908 2909 2910
7 3 2911 2912 2913
4 3 2914 2915 2916
17 1 2917
18 2 2918 2919
17 1 2920
7 3 2921 2922 2923
7 2 2924 2925
18 2 2926 2927
4 3 2928 2929 2930
16 2 2931 2932
12 3 2933 2934 2935
4 1 2936
19 2 2937 2938
14 3 2939 2940 2941
17 1 2942
11 1 2943
2 1 2944
20 2 2945 2946
3 2 2947 2948
15 2 2949 2950
12 1 2951
9 1 2952
7 1 2953
15 3 2954 2955 2956
5 1 2957
15 3 2958 2959 2960
9 2 2961 2962
11 3 2963 2964 2965
13 2 2966 2967
20 3 2968 2969 2970
7 3 2971 2972 2973
3 1 2974
14 1 2975
1 2 2976 2977
17 3 2978 2979 2980
16 3 2981 2982 2983
5 3 2984 2985 2986
1 3 2987 2988 2989
20 3 2990 2991 2992
3 3 2993 2994 2995
1 3 2996 2997 2998
5 3 2999 3000 3001
10 1 3002
8 2 3003 3004
6 2 3005 3006
18 3 3007 3008 3009
2 3 3010 3011 3012
11 1 3013
13 2 3014 3015
2 3 3016 3017 3018
3 1 3019
17 1 3020
16 3 3021 3022 3023
17 2 3024 3025
18 1 3026
17 3 3027 3028 3029
4 1 3030
19 1 3031
5 1 3032
9 1 3033
8 3 3034 3035 3036
6 1 3037
11 2 3038 3039
16 1 3040
3 2 3041 3042
4 3 3043 3044 3045
16 3 3046 3047 3048
2 3 3049 3050 3051
15 2 3052 3053
7 1 3054
14 1 3055
15 1 3056
1 1 3057
15 2 3058 3059
16 1 3060
2 1 3061
20 1 3062
10 3 3063 3064 3065
8 3 3066 3067 3068
7 3 3069 3070 3071
12 3 3072 3073 3074
7 3 3075 3076 3077
14 2 3078 3079
10 3 3080 3081 3082
4 3 3083 3084 3085
17 1 3086
12 3 3087 3088 3089
6 1 3090
12 1 3091
19 2 3092 3093
10 1 3094
20 1 3095
20 1 3096
5 1 3097
20 2 3098 3099
5 3 3100 3101 3102
19 3 3103 3104 3105
7 2 3106 3107
4 1 3108
1 2 3109 3110
16 2 3111 3112
2 2 3113 3114
10 2 3115 3116
15 1 3117
18 3 3118 3119 3120
16 2 3121 3122
9 1 3123
2 3 3124 3125 3126
13 2 3127 3128
6 2 3129 3130
1 2 3131 3132
1 1 3133
4 3 3134 3135 3136
20 2 3137 3138
8 3 3139 3140 3141
1 2 3142 3143
5 2 3144 3145
7 2 3146 3147
13 3 3148 3149 3150
1 2 3151 3152
15 2 3153 3154
2 3 3155 3156 3157
14 2 3158 3159
18 3 3160 3161 3162
10 1 3163
20 2 3164 3165
5 2 3166 3167
16 1 3168
1 3 3169 3170 3171
14 2 3172 3173
1 3 3174 3175 3176
14 2 3177 3178
3 3 3179 3180 3181
14 1 3182
1 3 3183 3184 3185
1 2 3186 3187
20 1 3188
18 1 3189
8 3 3190 3191 3192
16 1 3193
10 1 3194
2 2 3195 3196
14 3 3197 3198 3199
14 2 3200 3201
14 3 3202 3203 3204
4 3 3205 3206 3207
10 3 3208 3209 3210
2 3 3211 3212 3213
14 1 3214
17 1 3215
14 2 3216 3217
9 1 3218
6 3 3219 3220 3221
14 2 3222 3223
6 2 3224 3225
14 1 3226
19 3 3227 3228 3229
8 2 3230 3231
20 3 3232 3233 3234
9 3 3235 3236 3237
18 2 3238 3239
5 3 3240 3241 3242
14 1 3243
1 1 3244
5 1 3245
6 2 3246 3247
7 1 3248
6 1 3249
7 3 3250 3251 3252
2 2 3253 3254
11 3 3255 3256 3257
8 3 3258 3259 3260
4 1 3261
7 1 3262
8 3 3263 3264 3265
13 1 3266
18 3 3267 3268 3269
15 2 3270 3271
1 3 3272 3273 3274
9 1 3275
10 3 3276 3277 3278
2 3 3279 3280 3281
9 2 3282 3283
3 2 3284 3285
1 2 3286 3287
2 3 3288 3289 3290
4 2 3291 3292
14 2 3293 3294
15 3 3295 3296 3297
8 3 3298 3299 3300
18 3 3301 3302 3303
13 2 3304 3305
6 2 3306 3307
18 1 3308
18 1 3309
18 2 3310 3311
13 3 3312 3313 3314
19 1 3315
7 1 3316
11 2 3317 3318
9 3 3319 3320 3321
19 3 3322 3323 3324
10 3 3325 3326 3327
20 3 3328 3329 3330
13 2 3331 3332
7 2 3333 3334
18 2 3335 3336
17 3 3337 3338 3339
3 3 3340 3341 3342
15 2 3343 3344
7 2 3345 3346
15 3 3347 3348 3349
14 2 3350 3351
20 1 3352
17 1 3353
7 2 3354 3355
20 3 3356 3357 3358
17 1 3359
18 3 3360 3361 3362
5 1 3363
11 2 3364 3365
14 3 3366 3367 3368
14 2 3369 3370
13 3 3371 3372 3373
1 2 3374 3375
20 3 3376 3377 3378
9 1 3379
10 3 3380 3381 3382
6 2 3383 3384
13 3 3385 3386 3387
11 1 3388
2 2 3389 3390
17 3 3391 3392 3393
9 1 3394
19 3 3395 3396 3397
18 1 3398
15 3 3399 3400 3401
12 1 3402
12 1 3403
14 3 3404 3405 3406
16 1 3407
18 2 3408 3409
18 3 3410 3411 3412
7 1 3413
19 3 3414 3415 3416
18 2 3417 3418
8 3 3419 3420 3421
7 1 3422
15 2 3423 3424
7 3 3425 3426 3427
4 2 3428 3429
3 2 3430 3431
12 1 3432
16 1 3433
16 2 3434 3435
8 1 3436
11 3 3437 3438 3439
18 1 3440
4 2 3441 3442
4 3 3443 3444 3445
4 2 3446 3447
14 1 3448
9 3 3449 3450 3451
7 1 3452
2 3 3453 3454 3455
16 3 3456 3457 3458
15 3 3459 3460 3461
5 3 3462 3463 3464
20 2 3465 3466
3 2 3467 3468
7 3 3469 3470 3471
15 3 3472 3473 3474
13 1 3475
11 2 3476 3477
13 1 3478
4 2 3479 3480
16 2 3481 3482
13 2 3483 3484
9 3 3485 3486 3487
18 3 3488 3489 3490
17 1 3491
7 1 3492
4 3 3493 3494 3495
13 3 3496 3497 3498
20 3 3499 3500 3501
14 3 3502 3503 3504
7 2 3505 3506
15 1 3507
20 1 3508
2 2 3509 3510
8 2 3511 3512
2 1 3513
11 2 3514 3515
3 2 3516 3517
11 1 3518
16 1 3519
7 2 3520 3521
1 2 3522 3523
14 3 3524 3525 3526
20 2 3527 3528
15 2 3529 3530
1 3 3531 3532 3533
18 1 3534
11 1 3535
16 1 3536
4 3 3537 3538 3539
17 1 3540
8 2 3541 3542
9 3 3543 3544 3545
10 1 3546
12 1 3547
9 3 3548 3549 3550
5 1 3551
20 2 3552 3553
3 3 3554 3555 3556
11 2 3557 3558
17 3 3559 3560 3561
10 2 3562 3563
10 1 3564
10 1 3565
9 3 3566 3567 3568
9 2 3569 3570
19 3 3571 3572 3573
6 2 3574 3575
13 3 3576 3577 3578
5 3 3579 3580 3581
2 3 3582 3583 3584
15 1 3585
5 3 3586 3587 3588
3 2 3589 3590
6 3 3591 3592 3593
11 3 3594 3595 3596
11 3 3597 3598 3599
8 2 3600 3601
7 3 3602 3603 3604
16 1 3605
1 3 3606 3607 3608
14 3 3609 3610 3611
11 1 3612
18 3 3613 3614 3615
13 3 3616 3617 3618
13 1 3619
15 1 3620
3 1 3621
6 1 3622
5 1 3623
6 2 3624 3625
4 2 3626 3627
18 1 3628
10 3 3629 3630 3631
9 2 3632 3633
10 1 3634
3 1 3635
7 3 3636 3637 3638
13 2 3639 3640
17 3 3641 3642 3643
15 1 3644
10 2 3645 3646
10 2 3647 3648
14 2 3649 3650
17 1 3651
13 3 3652 3653 3654
19 1 3655
2 3 3656 3657 3658
14 3 3659 3660 3661
11 3 3662 3663 3664
1 1 3665
17 1 3666
18 1 3667
3 1 3668
5 1 3669
19 3 3670 3671 3672
12 2 3673 3674
7 3 3675 3676 3677
18 2 3678 3679
16 3 3680 3681 3682
17 1 3683
3 2 3684 3685
16 1 3686
2 3 3687 3688 3689
11 3 3690 3691 3692
1 2 3693 3694
6 2 3695 3696
16 3 3697 3698 3699
16 2 3700 3701
15 2 3702 3703
20 1 3704
13 1 3705
16 1 3706
7 2 3707 3708
10 2 3709 3710
20 3 3711 3712 3713
1 3 3714 3715 3716
7 2 3717 3718
14 3 3719 3720 3721
10 2 3722 3723
13 1 3724
5 3 3725 3726 3727
6 2 3728 3729
3 1 3730
14 3 3731 3732 3733
15 3 3734 3735 3736
9 1 3737
12 1 3738
12 3 3739 3740 3741
1 3 3742 3743 3744
7 2 3745 3746
12 3 3747 3748 3749
4 1 3750
8 1 3751
10 3 3752 3753 3754
13 3 3755 3756 3757
13 2 3758 3759
12 1 3760
19 3 3761 3762 3763
10 2 3764 3765
11 3 3766 3767 3768
15 2 3769 3770
15 2 3771 3772
6 1 3773
2 2 3774 3775
16 1 3776
3 3 3777 3778 3779
19 2 3780 3781
4 2 3782 3783
3 3 3784 3785 3786
6 1 3787
13 2 3788 3789
1 1 3790
6 1 3791
19 2 3792 3793
13 2 3794 3795
8 1 3796
13 2 3797 3798
11 2 3799 3800
16 2 3801 3802
20 3 3803 3804 3805
18 1 3806
10 2 3807 3808
10 1 3809
2 3 3810 3811 3812
6 2 3813 3814
2 2 3815 3816
11 3 3817 3818 3819
10 1 3820
19 2 3821 3822
15 1 3823
3 2 3824 3825
5 2 3826 3827
9 2 3828 3829
19 2 3830 3831
19 1 3832
16 1 3833
1 1 3834
12 2 3835 3836
13 3 3837 3838 3839
8 3 3840 3841 3842
6 1 3843
4 3 3844 3845 3846
6 1 3847
4 3 3848 3849 3850
10 3 3851 3852 3853
19 2 3854 3855
15 2 3856 3857
7 1 3858
19 1 3859
8 2 3860 3861
9 2 3862 3863
16 3 3864 3865 3866
8 2 3867 3868
4 1 3869
6 1 3870
1 3 3871 3872 3873
15 1 3874
9 3 3875 3876 3877
2 3 3878 3879 3880
16 2 3881 3882
12 1 3883
15 2 3884 3885
6 2 3886 3887
7 2 3888 3889
2 2 3890 3891
16 2 3892 3893
16 3 3894 3895 3896
2 2 3897 3898
1 1 3899
1 2 3900 3901
9 3 3902 3903 3904
3 3 3905 3906 3907
17 3 3908 3909 3910
10 1 3911
19 3 3912 3913 3914
15 2 3915 3916
9 1 3917
12 1 3918
13 2 3919 3920
11 1 3921
10 3 3922 3923 3924
10 3 3925 3926 3927
19 2 3928 3929
7 2 3930 3931
15 3 3932 3933 3934
5 1 3935
18 2 3936 3937
2 3 3938 3939 3940
11 1 3941
14 3 3942 3943 3944
5 1 3945
1 1 3946
11 3 3947 3948 3949
2 1 3950
20 1 3951
15 2 3952 3953
18 1 3954
13 1 3955
16 3 3956 3957 3958
17 1 3959
14 1 3960
2 2 3961 3962
8 3 3963 3964 3965
2 3 3966 3967 3968
10 1 3969
18 1 3970
6 3 3971 3972 3973
9 1 3974
6 3 3975 3976 3977
16 2 3978 3979
4 1 3980
11 2 3981 3982
8 2 3983 3984
12 1 3985
8 3 3986 3987 3988
16 3 3989 3990 3991
13 2 3992 3993
12 2 3994 3995
1 2 3996 3997
10 3 3998 3999 4000
4 2 4001 4002
7 3 4003 4004 4005
16 2 4006 4007
10 1 4008
4 3 4009 4010 4011
8 3 4012 4013 4014
16 3 4015 4016 4017
11 3 4018 4019 4020
2 3 4021 4022 4023
7 1 4024
18 1 4025
14 2 4026 4027
6 3 4028 4029 4030
1 2 4031 4032
19 2 4033 4034
12 1 4035
8 1 4036
7 1 4037
4 3 4038 4039 4040
6 2 4041 4042
12 1 4043
1 2 4044 4045
3 1 4046
12 1 4047
5 1 4048
4 1 4049
9 2 4050 4051
10 2 4052 4053
17 1 4054
1 3 4055 4056 4057
14 3 4058 4059 4060
13 2 4061 4062
2 1 4063
3 1 4064
13 2 4065 4066
8 1 4067
18 2 4068 4069
13 1 4070
9 1 4071
7 1 4072
13 3 4073 4074 4075
5 1 4076
12 3 4077 4078 4079
3 2 4080 4081
3 1 4082
4 2 4083 4084
17 2 4085 4086
14 1 4087
5 2 4088 4089
6 1 4090
20 2 4091 4092
17 3 4093 4094 4095
5 1 4096
3 3 4097 4098 4099
11 1 4100
4 1 4101
6 1 4102
3 1 4103
16 2 4104 4105
18 1 4106
3 1 4107
19 3 4108 4109 4110
3 1 4111
2 3 4112 4113 4114
3 2 4115 4116
17 2 4117 4118
12 3 4119 4120 4121
7 1 4122
6 3 4123 4124 4125
3 3 4126 4127 4128
3 1 4129
8 1 4130
17 2 4131 4132
19 1 4133
2 1 4134
8 2 4135 4136
3 3 4137 4138 4139
1 1 4140
5 3 4141 4142 4143
18 2 4144 4145
5 3 4146 4147 4148
5 1 4149
18 1 4150
19 2 4151 4152
6 3 4153 4154 4155
13 3 4156 4157 4158
5 1 4159
4 1 4160
14 3 4161 4162 4163
16 1 4164
9 2 4165 4166
16 1 4167
3 1 4168
16 2 4169 4170
6 1 4171
10 1 4172
16 1 4173
4 2 4174 4175
1 3 4176 4177 4178
18 1 4179
18 2 4180 4181
9 2 4182 4183
8 3 4184 4185 4186
20 1 4187
16 2 4188 4189
19 2 4190 4191
16 2 4192 4193
7 2 4194 4195
1 2 4196 4197
16 2 4198 4199
6 3 4200 4201 4202
14 1 4203
10 1 4204
9 1 4205
14 3 4206 4207 4208
17 3 4209 4210 4211
3 3 4212 4213 4214
5 2 4215 4216
9 3 4217 4218 4219
5 1 4220
3 3 4221 4222 4223
5 2 4224 4225
3 2 4226 4227
8 1 4228
15 2 4229 4230
20 2 4231 4232
19 2 4233 4234
2 3 4235 4236 4237
17 3 4238 4239 4240
11 1 4241
1 1 4242
15 2 4243 4244
14 3 4245 4246 4247
7 2 4248 4249
5 1 4250
18 1 4251
20 1 4252
1 2 4253 4254
3 2 4255 4256
2 1 4257
16 3 4258 4259 4260
5 2 4261 4262
18 1 4263
8 3 4264 4265 4266
3 2 4267 4268
11 2 4269 4270
19 1 4271
17 1 4272
18 3 4273 4274 4275
1 1 4276
10 1 4277
18 2 4278 4279
9 2 4280 4281
1 3 4282 4283 4284
10 3 4285 4286 4287
9 3 4288 4289 4290
3 2 4291 4292
19 3 4293 4294 4295
10 2 4296 4297
1 3 4298 4299 4300
8 3 4301 4302 4303
8 3 4304 4305 4306
14 2 4307 4308
17 3 4309 4310 4311
15 3 4312 4313 4314
5 2 4315 4316
19 1 4317
4 1 4318
19 2 4319 4320
11 1 4321
7 3 4322 4323 4324
1 3 4325 4326 4327
17 2 4328 4329
10 2 4330 4331
8 1 4332
15 2 4333 4334
18 3 4335 4336 4337
12 1 4338
1 2 4339 4340
8 3 4341 4342 4343
12 1 4344
9 2 4345 4346
13 3 4347 4348 4349
5 1 4350
20 1 4351
2 3 4352 4353 4354
15 3 4355 4356 4357
16 2 4358 4359
10 3 4360 4361 4362
4 3 4363 4364 4365
9 1 4366
3 1 4367
5 1 4368
6 3 4369 4370 4371
5 3 4372 4373 4374
3 3 4375 4376 4377
9 3 4378 4379 4380
6 3 4381 4382 4383
14 2 4384 4385
16 1 4386
1 3 4387 4388 4389
4 1 4390
3 1 4391
18 1 4392
19 2 4393 4394
8 3 4395 4396 4397
20 1 4398
11 3 4399 4400 4401
1 1 4402
2 1 4403
15 3 4404 4405 4406
6 2 4407 4408
13 3 4409 4410 4411
3 3 4412 4413 4414
15 3 4415 4416 4417
14 1 4418
3 1 4419
6 1 4420
20 2 4421 4422
20 1 4423
5 3 4424 4425 4426
20 1 4427
4 3 4428 4429 4430
5 3 4431 4432 4433
14 2 4434 4435
6 1 4436
10 3 4437 4438 4439
13 3 4440 4441 4442
16 3 4443 4444 4445
1 3 4446 4447 4448
19 3 4449 4450 4451
11 3 4452 4453 4454
13 2 4455 4456
19 3 4457 4458 4459
18 3 4460 4461 4462
3 3 4463 4464 4465
5 2 4466 4467
13 2 4468 4469
14 1 4470
5 1 4471
11 2 4472 4473
15 3 4474 4475 4476
10 1 4477
11 3 4478 4479 4480
10 1 4481
11 1 4482
11 2 4483 4484
14 2 4485 4486
5 3 4487 4488 4489
9 1 4490
2 3 4491 4492 4493
17 1 4494
6 3 4495 4496 4497
9 3 4498 4499 4500
13 1 4501
5 1 4502
14 2 4503 4504
20 3 4505 4506 4507
19 1 4508
12 2 4509 4510
8 2 4511 4512
7 2 4513 4514
18 1 4515
18 1 4516
4 1 4517
11 3 4518 4519 4520
8 2 4521 4522
16 1 4523
1 2 4524 4525
10 1 4526
11 2 4527 4528
18 1 4529
12 1 4530
4 3 4531 4532 4533
12 2 4534 4535
12 2 4536 4537
16 1 4538
13 2 4539 4540
2 2 4541 4542
3 3 4543 4544 4545
3 2 4546 4547
2 1 4548
3 2 4549 4550
4 2 4551 4552
7 1 4553
17 2 4554 4555
14 3 4556 4557 4558
12 3 4559 4560 4561
12 1 4562
9 1 4563
10 1 4564
12 1 4565
20 1 4566
8 1 4567
4 2 4568 4569
10 2 4570 4571
8 2 4572 4573
10 2 4574 4575
6 1 4576
15 3 4577 4578 4579
20 1 4580
15 1 4581
10 1 4582
1 3 4583 4584 4585
2 1 4586
1 1 4587
15 2 4588 4589
18 1 4590
9 1 4591
20 3 4592 4593 4594
9 1 4595
1 3 4596 4597 4598
10 3 4599 4600 4601
19 3 4602 4603 4604
19 1 4605
12 3 4606 4607 4608
6 1 4609
14 2 4610 4611
18 1 4612
13 2 4613 4614
5 1 4615
19 2 4616 4617
11 3 4618 4619 4620
10 1 4621
9 1 4622
5 1 4623
13 2 4624 4625
5 1 4626
18 3 4627 4628 4629
13 1 4630
18 1 4631
7 3 4632 4633 4634
7 2 4635 4636
8 2 4637 4638
13 2 4639 4640
13 3 4641 4642 4643
7 2 4644 4645
18 1 4646
3 3 4647 4648 4649
14 2 4650 4651
17 1 4652
9 3 4653 4654 4655
15 1 4656
11 1 4657
14 1 4658
4 2 4659 4660
2 2 4661 4662
20 2 4663 4664
12 3 4665 4666 4667
1 1 4668
8 2 4669 4670
19 3 4671 4672 4673
15 2 4674 4675
2 1 4676
5 3 4677 4678 4679
8 2 4680 4681
7 3 4682 4683 4684
11 3 4685 4686 4687
5 3 4688 4689 4690
18 1 4691
13 1 4692
1 2 4693 4694
18 2 4695 4696
5 3 4697 4698 4699
5 2 4700 4701
1 1 4702
17 3 4703 4704 4705
20 2 4706 4707
14 2 4708 4709
9 3 4710 4711 4712
14 2 4713 4714
8 1 4715
3 2 4716 4717
18 2 4718 4719
20 2 4720 4721
7 3 4722 4723 4724
12 2 4725 4726
14 2 4727 4728
2 3 4729 4730 4731
11 3 4732 4733 4734
5 2 4735 4736
15 3 4737 4738 4739
9 1 4740
11 3 4741 4742 4743
17 3 4744 4745 4746
12 1 4747
17 3 4748 4749 4750
6 1 4751
11 3 4752 4753 4754
18 2 4755 4756
14 1 4757
15 2 4758 4759
7 1 4760
12 1 4761
11 1 4762
4 3 4763 4764 4765
16 1 4766
6 3 4767 4768 4769
14 1 4770
15 1 4771
1 3 4772 4773 4774
14 2 4775 4776
16 2 4777 4778
7 2 4779 4780
6 1 4781
18 1 4782
1 3 4783 4784 4785
5 3 4786 4787 4788
10 1 4789
16 2 4790 4791
1 1 4792
15 1 4793
4 1 4794
2 3 4795 4796 4797
14 1 4798
1 3 4799 4800 4801
11 3 4802 4803 4804
5 1 4805
17 1 4806
18 2 4807 4808
1 1 4809
9 1 4810
3 1 4811
11 3 4812 4813 4814
13 2 4815 4816
2 2 4817 4818
10 2 4819 4820
7 3 4821 4822 4823
6 3 4824 4825 4826
7 1 4827
6 2 4828 4829
10 2 4830 4831
7 3 4832 4833 4834
11 3 4835 4836 4837
16 3 4838 4839 4840
4 1 4841
9 2 4842 4843
5 3 4844 4845 4846
6 1 4847
3 2 4848 4849
6 3 4850 4851 4852
4 3 4853 4854 4855
4 3 4856 4857 4858
9 1 4859
12 3 4860 4861 4862
17 1 4863
7 1 4864
9 2 4865 4866
8 1 4867
15 2 4868 4869
20 2 4870 4871
6 1 4872
18 3 4873 4874 4875
14 2 4876 4877
13 3 4878 4879 4880
4 2 4881 4882
14 2 4883 4884
9 1 4885
9 2 4886 4887
7 2 4888 4889
4 2 4890 4891
16 3 4892 4893 4894
20 2 4895 4896
4 3 4897 4898 4899
18 3 4900 4901 4902
11 3 4903 4904 4905
19 3 4906 4907 4908
8 2 4909 4910
14 1 4911
18 1 4912
15 2 4913 4914
13 1 4915
11 1 4916
7 1 4917
18 1 4918
19 2 4919 4920
19 2 4921 4922
16 3 4923 4924 4925
13 3 4926 4927 4928
20 1 4929
14 2 4930 4931
18 1 4932
6 1 4933
13 2 4934 4935
3 3 4936 4937 4938
19 3 4939 4940 4941
15 2 4942 4943
11 1 4944
2 2 4945 4946
16 1 4947
20 1 4948
6 1 4949
11 1 4950
4 1 4951
10 3 4952 4953 4954
16 1 4955
5 1 4956
15 2 4957 4958
19 1 4959
10 2 4960 4961
11 1 4962
18 2 4963 4964
19 1 4965
13 3 4966 4967 4968
6 1 4969
15 2 4970 4971
13 3 4972 4973 4974
13 2 4975 4976
19 2 4977 4978
9 2 4979 4980
5 1 4981
18 3 4982 4983 4984
7 3 4985 4986 4987
1 3 4988 4989 4990
2 3 4991 4992 4993
17 1 4994
13 3 4995 4996 4997
14 2 4998 4999
5 1 5000
14 3 5001 5002 5003
3 1 5004
3 2 5005 5006
12 3 5007 5008 5009
4 1 5010
20 3 5011 5012 5013
10 2 5014 5015
12 2 5016 5017
2 1 5018
15 1 5019
7 2 5020 5021
11 2 5022 5023
3 1 5024
1 2 5025 5026
6 3 5027 5028 5029
17 1 5030
13 2 5031 5032
18 1 5033
9 3 5034 5035 5036
6 3 5037 5038 5039
20 2 5040 5041
9 2 5042 5043
15 1 5044
17 2 5045 5046
5 3 5047 5048 5049
10 1 5050
8 3 5051 5052 5053
1 2 5054 5055
7 2 5056 5057
10 1 5058
6 2 5059 5060
1 1 5061
2 2 5062 5063
7 1 5064
8 2 5065 5066
1 1 5067
4 2 5068 5069
11 2 5070 5071
11 3 5072 5073 5074
8 1 5075
19 3 5076 5077 5078
5 3 5079 5080 5081
2 1 5082
17 3 5083 5084 5085
17 3 5086 5087 5088
5 3 5089 5090 5091
15 2 5092 5093
3 2 5094 5095
1 1 5096
6 3 5097 5098 5099
7 2 5100 5101
20 1 5102
2 3 5103 5104 5105
2 3 5106 5107 5108
16 2 5109 5110
2 2 5111 5112
19 2 5113 5114
12 2 5115 5116
6 2 5117 5118
17 1 5119
16 1 5120
7 1 5121
12 1 5122
19 2 5123 5124
11 2 5125 5126
2 3 5127 5128 5129
9 3 5130 5131 5132
17 2 5133 5134
8 1 5135
1 2 5136 5137
17 3 5138 5139 5140
3 2 5141 5142
4 1 5143
1 2 5144 5145
19 3 5146 5147 5148
6 3 5149 5150 5151
4 1 5152
3 2 5153 5154
14 3 5155 5156 5157
13 2 5158 5159
13 2 5160 5161
10 3 5162 5163 5164
13 2 5165 5166
2 3 5167 5168 5169
5 1 5170
19 2 5171 5172
15 2 5173 5174
11 3 5175 5176 5177
8 1 5178
19 3 5179 5180 5181
11 1 5182
16 1 5183
8 2 5184 5185
13 2 5186 5187
9 2 5188 5189
10 2 5190 5191
11 1 5192
2 3 5193 5194 5195
9 2 5196 5197
19 3 5198 5199 5200
18 3 5201 5202 5203
15 1 5204
4 2 5205 5206
15 2 5207 5208
1 2 5209 5210
1 3 5211 5212 5213
1 1 5214
15 2 5215 5216
7 1 5217
3 1 5218
9 2 5219 5220
15 3 5221 5222 5223
20 3 5224 5225 5226
13 3 5227 5228 5229
8 3 5230 5231 5232
15 2 5233 5234
16 2 5235 5236
15 1 5237
14 3 5238 5239 5240
9 3 5241 5242 5243
16 3 5244 5245 5246
15 2 5247 5248
14 2 5249 5250
4 3 5251 5252 5253
8 3 5254 5255 5256
1 2 5257 5258
14 3 5259 5260 5261
18 1 5262
13 2 5263 5264
7 1 5265
5 3 5266 5267 5268
19 3 5269 5270 5271
5 3 5272 5273 5274
19 3 5275 5276 5277
11 3 5278 5279 5280
16 2 5281 5282
17 1 5283
11 3 5284 5285 5286
8 2 5287 5288
9 2 5289 5290
20 3 5291 5292 5293
3 2 5294 5295
12 1 5296
17 1 5297
7 1 5298
17 2 5299 5300
8 3 5301 5302 5303
18 3 5304 5305 5306
8 2 5307 5308
20 1 5309
14 3 5310 5311 5312
3 2 5313 5314
10 1 5315
17 3 5316 5317 5318
6 2 5319 5320
12 3 5321 5322 5323
2 2 5324 5325
6 3 5326 5327 5328
1 2 5329 5330
1 3 5331 5332 5333
4 2 5334 5335
7 3 5336 5337 5338
14 2 5339 5340
6 3 5341 5342 5343
7 3 5344 5345 5346
4 2 5347 5348
20 1 5349
14 1 5350
6 1 5351
12 2 5352 5353
17 3 5354 5355 5356
16 1 5357
8 2 5358 5359
2 1 5360
3 1 5361
7 3 5362 5363 5364
20 2 5365 5366
3 1 5367
14 3 5368 5369 5370
19 3 5371 5372 5373
16 3 5374 5375 5376
16 3 5377 5378 5379
8 2 5380 5381
4 2 5382 5383
4 3 5384 5385 5386
6 2 5387 5388
12 2 5389 5390
13 2 5391 5392
4 1 5393
19 1 5394
8 2 5395 5396
1 1 5397
12 2 5398 5399
15 2 5400 5401
1 3 5402 5403 5404
9 3 5405 5406 5407
7 2 5408 5409
7 3 5410 5411 5412
13 3 5413 5414 5415
9 3 5416 5417 5418
10 1 5419
4 1 5420
9 2 5421 5422
3 1 5423
10 3 5424 5425 5426
13 1 5427
13 3 5428 5429 5430
11 2 5431 5432
15 3 5433 5434 5435
8 2 5436 5437
2 3 5438 5439 5440
12 1 5441
20 2 5442 5443
2 1 5444
18 2 5445 5446
2 3 5447 5448 5449
17 1 5450
12 1 5451
7 1 5452
7 2 5453 5454
9 3 5455 5456 5457
9 3 5458 5459 5460
10 2 5461 5462
14 1 5463
9 1 5464
14 2 5465 5466
6 3 5467 5468 5469
5 3 5470 5471 5472
1 3 5473 5474 5475
7 2 5476 5477
4 3 5478 5479 5480
3 3 5481 5482 5483
16 1 5484
15 3 5485 5486 5487
19 2 5488 5489
10 1 5490
8 1 5491
6 1 5492
7 3 5493 5494 5495
10 1 5496
1 1 5497
2 3 5498 5499 5500
12 1 5501
20 1 5502
14 2 5503 5504
19 1 5505
6 2 5506 5507
6 3 5508 5509 5510
10 3 5511 5512 5513
3 1 5514
16 1 5515
10 2 5516 5517
17 3 5518 5519 5520
5 2 5521 5522
15 1 5523
11 1 5524
9 2 5525 5526
4 3 5527 5528 5529
20 1 5530
11 1 5531
3 1 5532
3 1 5533
17 2 5534 5535
6 1 5536
8 3 5537 5538 5539
4 1 5540
8 3 5541 5542 5543
8 3 5544 5545 5546
15 1 5547
7 3 5548 5549 5550
14 2 5551 5552
9 3 5553 5554 5555
4 3 5556 5557 5558
16 2 5559 5560
16 3 5561 5562 5563
19 3 5564 5565 5566
14 1 5567
4 1 5568
16 2 5569 5570
17 2 5571 5572
2 3 5573 5574 5575
4 2 5576 5577
3 1 5578
1 2 5579 5580
19 3 5581 5582 5583
1 3 5584 5585 5586
13 2 5587 5588
7 1 5589
12 3 5590 5591 5592
6 3 5593 5594 5595
9 1 5596
19 2 5597 5598
16 3 5599 5600 5601
7 1 5602
2 1 5603
9 2 5604 5605
6 2 5606 5607
3 3 5608 5609 5610
6 2 5611 5612
2 2 5613 5614
13 2 5615 5616
4 1 5617
13 2 5618 5619
2 3 5620 5621 5622
17 1 5623
10 2 5624 5625
16 3 5626 5627 5628
19 3 5629 5630 5631
10 3 5632 5633 5634
6 1 5635
1 2 5636 5637
13 2 5638 5639
13 1 5640
10 3 5641 5642 5643
8 2 5644 5645
19 1 5646
20 1 5647
9 2 5648 5649
13 3 5650 5651 5652
16 1 5653
19 2 5654 5655
11 2 5656 5657
18 3 5658 5659 5660
14 1 5661
4 1 5662
9 3 5663 5664 5665
9 3 5666 5667 5668
11 2 5669 5670
5 3 5671 5672 5673
19 1 5674
20 1 5675
19 2 5676 5677
4 2 5678 5679
15 1 5680
7 3 5681 5682 5683
2 3 5684 5685 5686
16 1 5687
5 2 5688 5689
2 3 5690 5691 5692
14 1 5693
19 3 5694 5695 5696
16 3 5697 5698 5699
17 2 5700 5701
1 1 5702
2 3 5703 5704 5705
8 2 5706 5707
9 3 5708 5709 5710
13 1 5711
6 3 5712 5713 5714
18 3 5715 5716 5717
19 1 5718
19 2 5719 5720
2 3 5721 5722 5723
5 3 5724 5725 5726
16 2 5727 5728
19 3 5729 5730 5731
19 2 5732 5733
14 2 5734 5735
7 2 5736 5737
1 3 5738 5739 5740
4 3 5741 5742 5743
2 1 5744
6 2 5745 5746
3 2 5747 5748
11 1 5749
19 3 5750 5751 5752
4 3 5753 5754 5755
2 3 5756 5757 5758
6 2 5759 5760
6 1 5761
3 1 5762
10 2 5763 5764
8 3 5765 5766 5767
9 1 5768
7 3 5769 5770 5771
2 2 5772 5773
1 3 5774 5775 5776
12 1 5777
17 1 5778
2 1 5779
2 1 5780
6 2 5781 5782
18 2 5783 5784
2 2 5785 5786
4 2 5787 5788
4 2 5789 5790
8 1 5791
2 1 5792
5 3 5793 5794 5795
17 1 5796
2 2 5797 5798
1 1 5799
14 2 5800 5801
16 2 5802 5803
13 2 5804 5805
7 2 5806 5807
16 2 5808 5809
17 3 5810 5811 5812
6 1 5813
19 3 5814 5815 5816
9 1 5817
14 1 5818
13 3 5819 5820 5821
17 2 5822 5823
14 2 5824 5825
14 3 5826 5827 5828
11 1 5829
16 1 5830
14 3 5831 5832 5833
2 1 5834
15 1 5835
9 1 5836
17 3 5837 5838 5839
9 3 5840 5841 5842
6 2 5843 5844
12 2 5845 5846
1 2 5847 5848
11 3 5849 5850 5851
7 3 5852 5853 5854
8 3 5855 5856 5857
12 3 5858 5859 5860
18 2 5861 5862
6 2 5863 5864
12 3 5865 5866 5867
1 1 5868
15 1 5869
13 2 5870 5871
12 1 5872
2 1 5873
10 2 5874 5875
3 2 5876 5877
9 2 5878 5879
18 2 5880 5881
18 3 5882 5883 5884
12 3 5885 5886 5887
14 3 5888 5889 5890
6 2 5891 5892
17 1 5893
1 3 5894 5895 5896
10 2 5897 5898
20 1 5899
8 2 5900 5901
11 3 5902 5903 5904
13 3 5905 5906 5907
18 2 5908 5909
5 2 5910 5911
11 1 5912
7 3 5913 5914 5915
9 3 5916 5917 5918
3 2 5919 5920
9 2 5921 5922
10 2 5923 5924
8 3 5925 5926 5927
3 2 5928 5929
7 1 5930
18 2 5931 5932
14 1 5933
4 3 5934 5935 5936
19 1 5937
9 3 5938 5939 5940
5 1 5941
6 2 5942 5943
16 2 5944 5945
12 1 5946
11 2 5947 5948
3 2 5949 5950
12 2 5951 5952
11 3 5953 5954 5955
14 2 5956 5957
20 3 5958 5959 5960
12 1 5961
15 2 5962 5963
13 1 5964
15 2 5965 5966
1 1 5967
14 2 5968 5969
10 2 5970 5971
11 2 5972 5973
2 3 5974 5975 5976
7 3 5977 5978 5979
10 2 5980 5981
3 3 5982 5983 5984
13 1 5985
7 1 5986
11 1 5987
15 1 5988
2 2 5989 5990
2 3 5991 5992 5993
13 3 5994 5995 5996
16 3 5997 5998 5999
6 2 6000 6001
19 2 6002 6003
17 1 6004
2 3 6005 6006 6007
18 1 6008
12 3 6009 6010 6011
14 2 6012 6013
9 3 6014 6015 6016
3 2 6017 6018
11 2 6019 6020
14 2 6021 6022
20 1 6023
9 2 6024 6025
11 2 6026 6027
14 3 6028 6029 6030
15 3 6031 6032 6033
17 1 6034
13 2 6035 6036
10 1 6037
15 2 6038 6039
8 2 6040 6041
8 2 6042 6043
9 2 6044 6045
5 3 6046 6047 6048
13 2 6049 6050
8 1 6051
3 3 6052 6053 6054
12 1 6055
4 2 6056 6057
17 2 6058 6059
20 1 6060
8 3 6061 6062 6063
15 2 6064 6065
20 1 6066
8 2 6067 6068
6 1 6069
13 3 6070 6071 6072
3 1 6073
8 1 6074
4 3 6075 6076 6077
9 3 6078 6079 6080
9 1 6081
8 1 6082
9 2 6083 6084
4 1 6085
6 1 6086
19 3 6087 6088 6089
8 2 6090 6091
12 1 6092
19 1 6093
4 1 6094
2 2 6095 6096
9 2 6097 6098
3 1 6099
3 1 6100
14 1 6101
6 3 6102 6103 6104
7 2 6105 6106
20 3 6107 6108 6109
10 2 6110 6111
13 2 6112 6113
13 1 6114
12 2 6115 6116
11 2 6117 6118
10 1 6119
19 1 6120
9 2 6121 6122
19 1 6123
9 3 6124 6125 6126
15 1 6127
7 3 6128 6129 6130
18 3 6131 6132 6133
3 3 6134 6135 6136
7 1 6137
5 1 6138
18 3 6139 6140 6141
6 1 6142
18 1 6143
2 1 6144
12 3 6145 6146 6147
5 3 6148 6149 6150
12 2 6151 6152
10 2 6153 6154
13 2 6155 6156
8 3 6157 6158 6159
15 2 6160 6161
5 3 6162 6163 6164
12 1 6165
11 3 6166 6167 6168
14 1 6169
11 2 6170 6171
17 1 6172
2 2 6173 6174
13 1 6175
10 2 6176 6177
3 3 6178 6179 6180
20 3 6181 6182 6183
19 2 6184 6185
6 3 6186 6187 6188
9 1 6189
12 1 6190
19 1 6191
16 2 6192 6193
2 1 6194
20 2 6195 6196
4 2 6197 6198
1 3 6199 6200 6201
5 2 6202 6203
1 1 6204
17 3 6205 6206 6207
9 1 6208
20 2 6209 6210
5 1 6211
12 3 6212 6213 6214
20 3 6215 6216 6217
1 3 6218 6219 6220
10 3 6221 6222 6223
12 2 6224 6225
8 3 6226 6227 6228
1 1 6229
14 1 6230
10 2 6231 6232
14 3 6233 6234 6235
2 3 6236 6237 6238
7 2 6239 6240
2 1 6241
6 3 6242 6243 6244
7 1 6245
17 3 6246 6247 6248
13 2 6249 6250
14 2 6251 6252
19 1 6253
15 1 6254
14 1 6255
11 3 6256 6257 6258
18 3 6259 6260 6261
20 1 6262
9 2 6263 6264
1 1 6265
14 1 6266
19 2 6267 6268
7 2 6269 6270
19 1 6271
5 1 6272
9 1 6273
7 2 6274 6275
9 1 6276
4 3 6277 6278 6279
13 3 6280 6281 6282
16 1 6283
3 2 6284 6285
2 3 6286 6287 6288
9 2 6289 6290
9 3 6291 6292 6293
3 3 6294 6295 6296
4 1 6297
17 1 6298
16 3 6299 6300 6301
7 2 6302 6303
19 1 6304
5 2 6305 6306
19 1 6307
4 3 6308 6309 6310
8 2 6311 6312
12 3 6313 6314 6315
8 3 6316 6317 6318
11 1 6319
1 1 6320
13 3 6321 6322 6323
10 2 6324 6325
19 3 6326 6327 6328
6 3 6329 6330 6331
6 3 6332 6333 6334
18 3 6335 6336 6337
5 2 6338 6339
19 1 6340
7 1 6341
6 3 6342 6343 6344
20 3 6345 6346 6347
13 2 6348 6349
14 3 6350 6351 6352
6 2 6353 6354
17 2 6355 6356
19 2 6357 6358
17 3 6359 6360 6361
3 3 6362 6363 6364
13 2 6365 6366
4 2 6367 6368
20 2 6369 6370
12 3 6371 6372 6373
13 2 6374 6375
2 2 6376 6377
3 3 6378 6379 6380
1 1 6381
13 1 6382
7 3 6383 6384 6385
5 1 6386
6 2 6387 6388
11 2 6389 6390
4 2 6391 6392
8 3 6393 6394 6395
5 3 6396 6397 6398
18 1 6399
6 2 6400 6401
19 3 6402 6403 6404
14 2 6405 6406
16 2 6407 6408
8 1 6409
13 3 6410 6411 6412
6 1 6413
12 2 6414 6415
20 3 6416 6417 6418
8 2 6419 6420
5 2 6421 6422
1 3 6423 6424 6425
16 2 6426 6427
1 3 6428 6429 6430
20 2 6431 6432
12 2 6433 6434
9 3 6435 6436 6437
6 3 6438 6439 6440
18 1 6441
3 1 6442
9 3 6443 6444 6445
14 2 6446 6447
12 2 6448 6449
10 3 6450 6451 6452
2 3 6453 6454 6455
6 3 6456 6457 6458
16 1 6459
4 2 6460 6461
5 2 6462 6463
4 2 6464 6465
6 2 6466 6467
12 3 6468 6469 6470
6 2 6471 6472
11 2 6473 6474
20 1 6475
7 1 6476
4 3 6477 6478 6479
7 1 6480
6 3 6481 6482 6483
18 2 6484 6485
15 2 6486 6487
19 3 6488 6489 6490
3 2 6491 6492
2 2 6493 6494
17 2 6495 6496
13 2 6497 6498
2 1 6499
3 1 6500
9 2 6501 6502
4 1 6503
17 3 6504 6505 6506
3 1 6507
11 1 6508
13 3 6509 6510 6511
2 2 6512 6513
17 2 6514 6515
16 2 6516 6517
17 3 6518 6519 6520
6 1 6521
16 2 6522 6523
16 3 6524 6525 6526
8 1 6527
17 1 6528
12 2 6529 6530
16 3 6531 6532 6533
16 3 6534 6535 6536
15 1 6537
20 1 6538
11 2 6539 6540
1 1 6541
16 1 6542
15 1 6543
3 1 6544
14 3 6545 6546 6547
14 1 6548
6 2 6549 6550
1 3 6551 6552 6553
11 2 6554 6555
11 2 6556 6557
12 3 6558 6559 6560
15 1 6561
17 1 6562
6 1 6563
14 1 6564
10 3 6565 6566 6567
4 1 6568
20 2 6569 6570
16 1 6571
3 3 6572 6573 6574
19 1 6575
18 1 6576
9 2 6577 6578
16 3 6579 6580 6581
13 2 6582 6583
19 1 6584
12 2 6585 6586
1 3 6587 6588 6589
15 2 6590 6591
7 3 6592 6593 6594
19 2 6595 6596
4 2 6597 6598
18 1 6599
7 3 6600 6601 6602
7 3 6603 6604 6605
13 1 6606
3 1 6607
17 2 6608 6609
14 2 6610 6611
1 2 6612 6613
14 3 6614 6615 6616
9 1 6617
16 3 6618 6619 6620
11 2 6621 6622
16 2 6623 6624
12 1 6625
7 3 6626 6627 6628
5 1 6629
18 2 6630 6631
19 1 6632
15 2 6633 6634
3 1 6635
12 2 6636 6637
20 3 6638 6639 6640
19 3 6641 6642 6643
12 1 6644
8 1 6645
3 2 6646 6647
6 3 6648 6649 6650
16 1 6651
5 2 6652 6653
4 3 6654 6655 6656
20 1 6657
13 3 6658 6659 6660
4 3 6661 6662 6663
12 1 6664
5 2 6665 6666
2 1 6667
11 1 6668
7 1 6669
17 3 6670 6671 6672
18 2 6673 6674
9 3 6675 6676 6677
18 1 6678
4 3 6679 6680 6681
4 3 6682 6683 6684
17 1 6685
8 2 6686 6687
3 2 6688 6689
19 2 6690 6691
13 1 6692
17 3 6693 6694 6695
10 2 6696 6697
5 2 6698 6699
4 3 6700 6701 6702
4 3 6703 6704 6705
11 2 6706 6707
8 3 6708 6709 6710
17 2 6711 6712
4 3 6713 6714 6715
12 2 6716 6717
10 1 6718
2 1 6719
18 1 6720
13 1 6721
11 3 6722 6723 6724
13 1 6725
20 1 6726
9 1 6727
3 1 6728
9 3 6729 6730 6731
13 1 6732
12 2 6733 6734
17 2 6735 6736
17 2 6737 6738
6 1 6739
12 2 6740 6741
10 3 6742 6743 6744
15 1 6745
6 3 6746 6747 6748
11 2 6749 6750
17 3 6751 6752 6753
20 2 6754 6755
16 2 6756 6757
11 2 6758 6759
11 2 6760 6761
1 2 6762 6763
19 1 6764
2 1 6765
16 3 6766 6767 6768
17 3 6769 6770 6771
3 3 6772 6773 6774
17 2 6775 6776
6 3 6777 6778 6779
4 3 6780 6781 6782
20 2 6783 6784
5 3 6785 6786 6787
5 3 6788 6789 6790
5 2 6791 6792
19 2 6793 6794
2 3 6795 6796 6797
7 2 6798 6799
19 1 6800
19 2 6801 6802
10 1 6803
15 1 6804
9 2 6805 6806
18 2 6807 6808
9 1 6809
11 2 6810 6811
14 3 6812 6813 6814
15 1 6815
5 2 6816 6817
9 1 6818
9 1 6819
13 2 6820 6821
13 1 6822
16 2 6823 6824
20 3 6825 6826 6827
4 3 6828 6829 6830
17 1 6831
3 2 6832 6833
1 3 6834 6835 6836
3 1 6837
20 3 6838 6839 6840
17 2 6841 6842
7 1 6843
19 1 6844
18 3 6845 6846 6847
18 3 6848 6849 6850
15 1 6851
10 3 6852 6853 6854
14 2 6855 6856
12 1 6857
19 1 6858
7 1 6859
12 2 6860 6861
13 1 6862
19 2 6863 6864
8 2 6865 6866
14 2 6867 6868
15 3 6869 6870 6871
4 2 6872 6873
15 3 6874 6875 6876
16 1 6877
17 2 6878 6879
5 2 6880 6881
9 3 6882 6883 6884
6 3 6885 6886 6887
14 2 6888 6889
14 1 6890
6 2 6891 6892
5 1 6893
8 1 6894
7 3 6895 6896 6897
3 1 6898
16 1 6899
10 2 6900 6901
5 3 6902 6903 6904
17 3 6905 6906 6907
15 1 6908
6 3 6909 6910 6911
5 2 6912 6913
2 1 6914
16 1 6915
15 3 6916 6917 6918
12 1 6919
7 1 6920
14 3 6921 6922 6923
6 2 6924 6925
13 2 6926 6927
18 1 6928
18 3 6929 6930 6931
1 1 6932
15 1 6933
17 2 6934 6935
10 1 6936
10 3 6937 6938 6939
1 3 6940 6941 6942
19 3 6943 6944 6945
18 2 6946 6947
4 1 6948
18 3 6949 6950 6951
17 2 6952 6953
12 2 6954 6955
11 3 6956 6957 6958
11 1 6959
13 3 6960 6961 6962
17 3 6963 6964 6965
12 1 6966
16 1 6967
20 3 6968 6969 6970
5 2 6971 6972
12 1 6973
6 3 6974 6975 6976
7 2 6977 6978
20 3 6979 6980 6981
13 1 6982
4 1 6983
16 3 6984 6985 6986
17 2 6987 6988
3 2 6989 6990
20 1 6991
1 3 6992 6993 6994
4 3 6995 6996 6997
2 3 6998 6999 7000
4 1 7001
1 2 7002 7003
15 2 7004 7005
8 1 7006
15 1 7007
3 3 7008 7009 7010
2 2 7011 7012
10 3 7013 7014 7015
16 3 7016 7017 7018
4 1 7019
9 2 7020 7021
2 2 7022 7023
17 1 7024
12 1 7025
16 3 7026 7027 7028
4 2 7029 7030
4 2 7031 7032
3 1 7033
3 3 7034 7035 7036
20 1 7037
19 1 7038
9 2 7039 7040
15 3 7041 7042 7043
2 3 7044 7045 7046
7 1 7047
14 3 7048 7049 7050
20 3 7051 7052 7053
2 3 7054 7055 7056
2 1 7057
15 3 7058 7059 7060
5 3 7061 7062 7063
14 1 7064
1 2 7065 7066
16 3 7067 7068 7069
11 3 7070 7071 7072
13 3 7073 7074 7075
1 1 7076
12 2 7077 7078
14 1 7079
8 3 7080 7081 7082
11 3 7083 7084 7085
16 3 7086 7087 7088
3 3 7089 7090 7091
15 2 7092 7093
5 1 7094
1 2 7095 7096
11 3 7097 7098 7099
19 1 7100
11 3 7101 7102 7103
8 1 7104
1 2 7105 7106
18 1 7107
19 1 7108
18 3 7109 7110 7111
8 2 7112 7113
3 2 7114 7115
2 3 7116 7117 7118
5 1 7119
10 1 7120
11 1 7121
8 1 7122
20 3 7123 7124 7125
17 3 7126 7127 7128
20 1 7129
18 3 7130 7131 7132
1 3 7133 7134 7135
12 2 7136 7137
2 2 7138 7139
6 3 7140 7141 7142
19 2 7143 7144
9 1 7145
8 2 7146 7147
2 1 7148
20 3 7149 7150 7151
19 1 7152
7 2 7153 7154
2 1 7155
13 3 7156 7157 7158
16 3 7159 7160 7161
9 3 7162 7163 7164
1 2 7165 7166
3 1 7167
9 3 7168 7169 7170
14 2 7171 7172
18 2 7173 7174
3 1 7175
7 3 7176 7177 7178
20 2 7179 7180
19 3 7181 7182 7183
20 2 7184 7185
20 2 7186 7187
2 2 7188 7189
16 3 7190 7191 7192
10 3 7193 7194 7195
8 1 7196
19 3 7197 7198 7199
17 3 7200 7201 7202
4 2 7203 7204
7 1 7205
14 2 7206 7207
19 1 7208
15 2 7209 7210
2 2 7211 7212
19 1 7213
9 3 7214 7215 7216
11 1 7217
1 1 7218
17 2 7219 7220
12 3 7221 7222 7223
2 1 7224
18 3 7225 7226 7227
11 3 7228 7229 7230
8 1 7231
3 1 7232
6 2 7233 7234
16 2 7235 7236
8 2 7237 7238
6 1 7239
12 1 7240
13 1 7241
3 1 7242
20 2 7243 7244
20 2 7245 7246
20 1 7247
7 3 7248 7249 7250
10 3 7251 7252 7253
19 2 7254 7255
11 1 7256
4 1 7257
5 1 7258
10 3 7259 7260 7261
10 2 7262 7263
6 3 7264 7265 7266
7 2 7267 7268
2 3 7269 7270 7271
1 1 7272
4 1 7273
16 1 7274
19 3 7275 7276 7277
20 2 7278 7279
8 2 7280 7281
3 3 7282 7283 7284
2 3 7285 7286 7287
18 2 7288 7289
12 3 7290 7291 7292
18 1 7293
11 1 7294
1 2 7295 7296
13 2 7297 7298
9 2 7299 7300
4 2 7301 7302
2 1 7303
9 1 7304
9 3 7305 7306 7307
18 1 7308
5 2 7309 7310
16 1 7311
16 2 7312 7313
13 3 7314 7315 7316
9 1 7317
17 2 7318 7319
8 1 7320
18 1 7321
7 1 7322
13 2 7323 7324
2 1 7325
12 3 7326 7327 7328
1 2 7329 7330
7 3 7331 7332 7333
17 1 7334
3 1 7335
5 3 7336 7337 7338
17 2 7339 7340
20 1 7341
10 3 7342 7343 7344
1 1 7345
2 1 7346
6 3 7347 7348 7349
16 3 7350 7351 7352
10 3 7353 7354 7355
16 2 7356 7357
5 2 7358 7359
13 2 7360 7361
17 1 7362
20 3 7363 7364 7365
6 3 7366 7367 7368
4 3 7369 7370 7371
2 2 7372 7373
14 3 7374 7375 7376
18 1 7377
8 3 7378 7379 7380
7 2 7381 7382
11 2 7383 7384
18 2 7385 7386
20 2 7387 7388
5 3 7389 7390 7391
10 2 7392 7393
8 3 7394 7395 7396
6 1 7397
13 3 7398 7399 7400
15 2 7401 7402
14 3 7403 7404 7405
16 2 7406 7407
1 3 7408 7409 7410
19 2 7411 7412
8 3 7413 7414 7415
6 2 7416 7417
2 2 7418 7419
14 1 7420
11 2 7421 7422
13 3 7423 7424 7425
10 1 7426
11 3 7427 7428 7429
3 2 7430 7431
20 2 7432 7433
8 2 7434 7435
6 1 7436
5 1 7437
13 2 7438 7439
12 1 7440
16 2 7441 7442
2 2 7443 7444
20 3 7445 7446 7447
13 1 7448
8 1 7449
7 3 7450 7451 7452
14 3 7453 7454 7455
5 2 7456 7457
15 3 7458 7459 7460
14 3 7461 7462 7463
6 1 7464
11 1 7465
14 3 7466 7467 7468
4 1 7469
14 2 7470 7471
7 1 7472
12 1 7473
16 2 7474 7475
15 2 7476 7477
15 1 7478
9 3 7479 7480 7481
1 1 7482
6 1 7483
16 3 7484 7485 7486
9 3 7487 7488 7489
13 3 7490 7491 7492
16 2 7493 7494
19 2 7495 7496
2 3 7497 7498 7499
10 2 7500 7501
15 2 7502 7503
17 2 7504 7505
4 3 7506 7507 7508
10 1 7509
12 1 7510
1 3 7511 7512 7513
8 1 7514
15 1 7515
12 2 7516 7517
20 3 7518 7519 7520
1 2 7521 7522
6 2 7523 7524
6 3 7525 7526 7527
20 2 7528 7529
2 3 7530 7531 7532
4 2 7533 7534
3 1 7535
19 1 7536
3 1 7537
18 3 7538 7539 7540
1 3 7541 7542 7543
4 2 7544 7545
16 1 7546
6 1 7547
3 2 7548 7549
8 2 7550 7551
19 3 7552 7553 7554
12 2 7555 7556
2 1 7557
7 2 7558 7559
5 2 7560 7561
3 3 7562 7563 7564
9 3 7565 7566 7567
6 1 7568
13 3 7569 7570 7571
1 2 7572 7573
19 2 7574 7575
6 3 7576 7577 7578
14 3 7579 7580 7581
6 1 7582
7 2 7583 7584
20 1 7585
7 3 7586 7587 7588
16 3 7589 7590 7591
14 2 7592 7593
4 1 7594
4 3 7595 7596 7597
5 1 7598
1 3 7599 7600 7601
9 2 7602 7603
16 1 7604
6 1 7605
6 3 7606 7607 7608
4 1 7609
8 2 7610 7611
15 2 7612 7613
18 2 7614 7615
12 3 7616 7617 7618
18 1 7619
20 2 7620 7621
11 2 7622 7623
20 3 7624 7625 7626
19 3 7627 7628 7629
4 3 7630 7631 7632
16 2 7633 7634
13 1 7635
13 3 7636 7637 7638
19 2 7639 7640
5 3 7641 7642 7643
6 3 7644 7645 7646
4 2 7647 7648
13 2 7649 7650
1 2 7651 7652
12 3 7653 7654 7655
10 2 7656 7657
10 2 7658 7659
20 1 7660
5 2 7661 7662
16 3 7663 7664 7665
14 2 7666 7667
1 3 7668 7669 7670
20 2 7671 7672
10 3 7673 7674 7675
16 2 7676 7677
10 1 7678
6 3 7679 7680 7681
10 3 7682 7683 7684
5 3 7685 7686 7687
18 2 7688 7689
4 1 7690
5 3 7691 7692 7693
4 2 7694 7695
4 2 7696 7697
19 3 7698 7699 7700
16 2 7701 7702
11 3 7703 7704 7705
1 2 7706 7707
20 1 7708
10 3 7709 7710 7711
16 2 7712 7713
7 3 7714 7715 7716
11 2 7717 7718
8 2 7719 7720
14 3 7721 7722 7723
16 3 7724 7725 7726
17 1 7727
4 3 7728 7729 7730
20 2 7731 7732
15 2 7733 7734
18 3 7735 7736 7737
14 2 7738 7739
4 1 7740
15 1 7741
6 3 7742 7743 7744
11 3 7745 7746 7747
7 3 7748 7749 7750
15 1 7751
8 3 7752 7753 7754
19 1 7755
8 1 7756
19 2 7757 7758
12 3 7759 7760 7761
17 2 7762 7763
20 2 7764 7765
6 1 7766
16 2 7767 7768
13 3 7769 7770 7771
11 1 7772
20 1 7773
2 1 7774
17 1 7775
2 1 7776
6 2 7777 7778
17 1 7779
2 1 7780
8 2 7781 7782
2 3 7783 7784 7785
4 1 7786
3 1 7787
10 1 7788
10 3 7789 7790 7791
3 3 7792 7793 7794
18 2 7795 7796
16 1 7797
16 3 7798 7799 7800
10 3 7801 7802 7803
12 3 7804 7805 7806
14 1 7807
2 1 7808
11 3 7809 7810 7811
17 2 7812 7813
15 1 7814
2 2 7815 7816
15 1 7817
7 2 7818 7819
20 1 7820
10 1 7821
14 3 7822 7823 7824
2 3 7825 7826 7827
7 3 7828 7829 7830
2 3 7831 7832 7833
6 3 7834 7835 7836
18 2 7837 7838
11 2 7839 7840
17 3 7841 7842 7843
12 1 7844
7 2 7845 7846
20 3 7847 7848 7849
19 2 7850 7851
20 2 7852 7853
15 3 7854 7855 7856
1 3 7857 7858 7859
14 2 7860 7861
6 3 7862 7863 7864
13 3 7865 7866 7867
4 2 7868 7869
11 3 7870 7871 7872
3 1 7873
16 1 7874
15 1 7875
4 3 7876 7877 7878
20 3 7879 7880 7881
15 1 7882
12 1 7883
17 1 7884
10 3 7885 7886 7887
12 3 7888 7889 7890
3 3 7891 7892 7893
18 3 7894 7895 7896
15 2 7897 7898
9 3 7899 7900 7901
11 2 7902 7903
20 2 7904 7905
4 3 7906 7907 7908
10 1 7909
7 2 7910 7911
5 3 7912 7913 7914
1 3 7915 7916 7917
11 3 7918 7919 7920
20 2 7921 7922
18 1 7923
6 1 7924
6 1 7925
2 2 7926 7927
12 3 7928 7929 7930
18 1 7931
9 2 7932 7933
18 3 7934 7935 7936
12 2 7937 7938
20 3 7939 7940 7941
6 2 7942 7943
1 1 7944
5 1 7945
14 3 7946 7947 7948
10 2 7949 7950
2 1 7951
2 1 7952
20 2 7953 7954
17 3 7955 7956 7957
4 2 7958 7959
15 1 7960
18 1 7961
7 3 7962 7963 7964
20 1 7965
17 1 7966
8 2 7967 7968
10 2 7969 7970
15 1 7971
4 3 7972 7973 7974
6 1 7975
3 2 7976 7977
3 3 7978 7979 7980
11 1 7981
15 3 7982 7983 7984
7 2 7985 7986
15 1 7987
6 3 7988 7989 7990
13 3 7991 7992 7993
5 2 7994 7995
7 3 7996 7997 7998
5 3 7999 8000 8001
15 3 8002 8003 8004
1 1 8005
18 1 8006
10 3 8007 8008 8009
8 3 8010 8011 8012
14 1 8013
3 1 8014
18 2 8015 8016
2 3 8017 8018 8019
3 1 8020
14 2 8021 8022
17 1 8023
19 3 8024 8025 8026
13 2 8027 8028
11 2 8029 8030
2 1 8031
6 2 8032 8033
3 3 8034 8035 8036
12 1 8037
8 3 8038 8039 8040
2 3 8041 8042 8043
14 3 8044 8045 8046
20 2 8047 8048
19 2 8049 8050
5 2 8051 8052
9 1 8053
13 1 8054
12 2 8055 8056
8 2 8057 8058
5 3 8059 8060 8061
17 3 8062 8063 8064
15 2 8065 8066
7 1 8067
18 3 8068 8069 8070
1 2 8071 8072
17 3 8073 8074 8075
2 2 8076 8077
5 2 8078 8079
10 3 8080 8081 8082
9 2 8083 8084
16 2 8085 8086
6 2 8087 8088
2 2 8089 8090
16 1 8091
10 2 8092 8093
9 2 8094 8095
8 2 8096 8097
12 1 8098
7 2 8099 8100
17 1 8101
5 2 8102 8103
17 3 8104 8105 8106
1 3 8107 8108 8109
9 2 8110 8111
9 2 8112 8113
15 2 8114 8115
18 1 8116
20 3 8117 8118 8119
11 3 8120 8121 8122
12 1 8123
8 3 8124 8125 8126
1 1 8127
1 1 8128
1 1 8129
4 3 8130 8131 8132
10 2 8133 8134
15 1 8135
14 1 8136
8 3 8137 8138 8139
13 1 8140
16 1 8141
20 1 8142
5 1 8143
20 2 8144 8145
16 2 8146 8147
3 3 8148 8149 8150
14 3 8151 8152 8153
1 2 8154 8155
14 1 8156
10 2 8157 8158
10 3 8159 8160 8161
10 2 8162 8163
8 3 8164 8165 8166
2 1 8167
2 2 8168 8169
17 1 8170
8 1 8171
13 3 8172 8173 8174
6 3 8175 8176 8177
3 1 8178
14 3 8179 8180 8181
3 1 8182
17 1 8183
10 1 8184
2 1 8185
18 2 8186 8187
17 1 8188
11 3 8189 8190 8191
16 3 8192 8193 8194
19 2 8195 8196
6 2 8197 8198
18 1 8199
7 1 8200
20 3 8201 8202 8203
7 3 8204 8205 8206
14 2 8207 8208
2 3 8209 8210 8211
3 1 8212
16 3 8213 8214 8215
8 2 8216 8217
1 2 8218 8219
5 1 8220
16 1 8221
4 3 8222 8223 8224
8 1 8225
19 2 8226 8227
8 3 8228 8229 8230
16 3 8231 8232 8233
2 3 8234 8235 8236
19 2 8237 8238
13 1 8239
7 1 8240
2 2 8241 8242
4 2 8243 8244
16 3 8245 8246 8247
16 3 8248 8249 8250
12 3 8251 8252 8253
20 1 8254
13 3 8255 8256 8257
2 3 8258 8259 8260
10 3 8261 8262 8263
2 1 8264
1 3 8265 8266 8267
11 2 8268 8269
7 3 8270 8271 8272
20 3 8273 8274 8275
20 1 8276
11 3 8277 8278 8279
11 1 8280
19 3 8281 8282 8283
20 1 8284
3 1 8285
7 1 8286
14 2 8287 8288
15 3 8289 8290 8291
9 1 8292
17 3 8293 8294 8295
4 1 8296
8 1 8297
20 2 8298 8299
15 3 8300 8301 8302
15 2 8303 8304
3 3 8305 8306 8307
20 1 8308
11 3 8309 8310 8311
12 1 8312
3 3 8313 8314 8315
6 2 8316 8317
8 1 8318
13 3 8319 8320 8321
16 3 8322 8323 8324
10 1 8325
5 1 8326
4 3 8327 8328 8329
1 3 8330 8331 8332
14 1 8333
2 3 8334 8335 8336
3 1 8337
8 2 8338 8339
18 1 8340
18 2 8341 8342
3 2 8343 8344
5 1 8345
17 2 8346 8347
2 2 8348 8349
8 1 8350
11 3 8351 8352 8353
9 3 8354 8355 8356
13 2 8357 8358
3 2 8359 8360
3 1 8361
6 2 8362 8363
6 1 8364
5 3 8365 8366 8367
18 3 8368 8369 8370
10 2 8371 8372
10 2 8373 8374
8 1 8375
19 1 8376
4 2 8377 8378
5 3 8379 8380 8381
1 1 8382
18 1 8383
14 3 8384 8385 8386
6 2 8387 8388
8 2 8389 8390
10 3 8391 8392 8393
4 1 8394
6 2 8395 8396
16 3 8397 8398 8399
12 2 8400 8401
9 2 8402 8403
17 2 8404 8405
4 1 8406
12 3 8407 8408 8409
19 1 8410
3 2 8411 8412
5 3 8413 8414 8415
16 1 8416
4 2 8417 8418
3 3 8419 8420 8421
7 3 8422 8423 8424
6 2 8425 8426
1 1 8427
11 2 8428 8429
16 2 8430 8431
4 1 8432
18 2 8433 8434
9 2 8435 8436
3 1 8437
3 3 8438 8439 8440
5 3 8441 8442 8443
12 3 8444 8445 8446
15 3 8447 8448 8449
8 2 8450 8451
9 2 8452 8453
6 3 8454 8455 8456
4 1 8457
11 1 8458
19 2 8459 8460
18 3 8461 8462 8463
20 3 8464 8465 8466
15 3 8467 8468 8469
19 2 8470 8471
16 1 8472
15 1 8473
6 2 8474 8475
13 1 8476
12 2 8477 8478
8 3 8479 8480 8481
17 2 8482 8483
20 1 8484
17 3 8485 8486 8487
20 1 8488
10 3 8489 8490 8491
3 2 8492 8493
14 1 8494
5 2 8495 8496
2 3 8497 8498 8499
12 3 8500 8501 8502
16 1 8503
12 2 8504 8505
3 1 8506
15 2 8507 8508
3 2 8509 8510
20 3 8511 8512 8513
2 1 8514
12 2 8515 8516
14 1 8517
19 2 8518 8519
2 2 8520 8521
8 2 8522 8523
3 1 8524
17 3 8525 8526 8527
11 2 8528 8529
17 2 8530 8531
1 2 8532 8533
1 1 8534
11 1 8535
5 3 8536 8537 8538
7 3 8539 8540 8541
13 3 8542 8543 8544
15 1 8545
7 2 8546 8547
16 2 8548 8549
5 1 8550
10 3 8551 8552 8553
20 1 8554
15 1 8555
2 2 8556 8557
5 3 8558 8559 8560
6 1 8561
6 1 8562
15 2 8563 8564
18 1 8565
17 1 8566
20 3 8567 8568 8569
11 1 8570
7 2 8571 8572
5 3 8573 8574 8575
11 2 8576 8577
15 3 8578 8579 8580
1 1 8581
6 3 8582 8583 8584
8 2 8585 8586
5 3 8587 8588 8589
20 3 8590 8591 8592
7 3 8593 8594 8595
1 1 8596
11 2 8597 8598
13 1 8599
9 1 8600
3 2 8601 8602
20 2 8603 8604
7 3 8605 8606 8607
18 3 8608 8609 8610
3 3 8611 8612 8613
9 3 8614 8615 8616
18 3 8617 8618 8619
6 2 8620 8621
3 2 8622 8623
9 2 8624 8625
5 3 8626 8627 8628
18 2 8629 8630
12 2 8631 8632
17 3 8633 8634 8635
19 1 8636
14 2 8637 8638
19 1 8639
14 1 8640
14 3 8641 8642 8643
13 1 8644
6 3 8645 8646 8647
17 2 8648 8649
12 1 8650
3 1 8651
7 1 8652
9 2 8653 8654
18 1 8655
4 3 8656 8657 8658
5 1 8659
9 1 8660
20 2 8661 8662
11 1 8663
8 2 8664 8665
18 2 8666 8667
7 2 8668 8669
19 2 8670 8671
2 1 8672
18 1 8673
17 3 8674 8675 8676
4 2 8677 8678
14 3 8679 8680 8681
15 2 8682 8683
1 2 8684 8685
1 3 8686 8687 8688
17 1 8689
11 3 8690 8691 8692
7 1 8693
9 1 8694
6 1 8695
11 3 8696 8697 8698
15 2 8699 8700
17 3 8701 8702 8703
14 1 8704
12 3 8705 8706 8707
4 3 8708 8709 8710
4 3 8711 8712 8713
17 2 8714 8715
18 2 8716 8717
11 2 8718 8719
9 3 8720 8721 8722
5 2 8723 8724
10 2 8725 8726
13 3 8727 8728 8729
12 3 8730 8731 8732
3 1 8733
18 3 8734 8735 8736
13 1 8737
14 2 8738 8739
6 1 8740
12 3 8741 8742 8743
5 3 8744 8745 8746
4 2 8747 8748
14 3 8749 8750 8751
10 2 8752 8753
16 1 8754
18 3 8755 8756 8757
10 3 8758 8759 8760
1 2 8761 8762
1 2 8763 8764
12 2 8765 8766
2 3 8767 8768 8769
2 3 8770 8771 8772
10 3 8773 8774 8775
4 1 8776
17 1 8777
14 1 8778
3 3 8779 8780 8781
3 1 8782
9 1 8783
20 2 8784 8785
7 2 8786 8787
16 3 8788 8789 8790
6 2 8791 8792
14 1 8793
20 1 8794
20 3 8795 8796 8797
19 2 8798 8799
13 2 8800 8801
9 2 8802 8803
6 1 8804
4 3 8805 8806 8807
16 3 8808 8809 8810
19 3 8811 8812 8813
2 2 8814 8815
20 1 8816
20 3 8817 8818 8819
13 2 8820 8821
4 2 8822 8823
3 3 8824 8825 8826
19 1 8827
17 3 8828 8829 8830
11 2 8831 8832
11 1 8833
14 1 8834
13 1 8835
4 1 8836
8 2 8837 8838
17 1 8839
16 1 8840
3 2 8841 8842
11 1 8843
12 2 8844 8845
11 1 8846
20 2 8847 8848
14 1 8849
2 2 8850 8851
5 1 8852
16 3 8853 8854 8855
9 2 8856 8857
8 2 8858 8859
18 2 8860 8861
11 3 8862 8863 8864
16 2 8865 8866
9 2 8867 8868
8 2 8869 8870
11 1 8871
4 1 8872
3 3 8873 8874 8875
16 2 8876 8877
5 2 8878 8879
8 3 8880 8881 8882
19 1 8883
14 1 8884
17 1 8885
16 3 8886 8887 8888
14 2 8889 8890
1 3 8891 8892 8893
1 2 8894 8895
1 2 8896 8897
18 3 8898 8899 8900
14 2 8901 8902
9 1 8903
15 3 8904 8905 8906
15 2 8907 8908
11 2 8909 8910
5 3 8911 8912 8913
19 3 8914 8915 8916
12 2 8917 8918
7 2 8919 8920
20 3 8921 8922 8923
15 2 8924 8925
19 3 8926 8927 8928
17 3 8929 8930 8931
4 3 8932 8933 8934
17 3 8935 8936 8937
9 2 8938 8939
14 3 8940 8941 8942
19 3 8943 8944 8945
7 1 8946
11 1 8947
15 3 8948 8949 8950
13 3 8951 8952 8953
11 3 8954 8955 8956
10 1 8957
4 3 8958 8959 8960
9 3 8961 8962 8963
13 2 8964 8965
13 1 8966
10 2 8967 8968
17 1 8969
13 1 8970
1 2 8971 8972
3 2 8973 8974
1 2 8975 8976
20 1 8977
20 2 8978 8979
18 3 8980 8981 8982
20 3 8983 8984 8985
4 1 8986
6 3 8987 8988 8989
15 2 8990 8991
16 3 8992 8993 8994
3 1 8995
1 2 8996 8997
19 1 8998
2 1 8999
14 3 9000 9001 9002
14 3 9003 9004 9005
18 1 9006
14 3 9007 9008 9009
7 3 9010 9011 9012
18 3 9013 9014 9015
15 3 9016 9017 9018
17 2 9019 9020
4 3 9021 9022 9023
6 3 9024 9025 9026
13 2 9027 9028
9 1 9029
7 1 9030
9 3 9031 9032 9033
16 3 9034 9035 9036
15 1 9037
2 3 9038 9039 9040
20 2 9041 9042
16 2 9043 9044
11 3 9045 9046 9047
3 3 9048 9049 9050
18 1 9051
11 1 9052
19 2 9053 9054
6 2 9055 9056
14 2 9057 9058
6 2 9059 9060
1 2 9061 9062
20 3 9063 9064 9065
6 1 9066
15 1 9067
18 2 9068 9069
8 1 9070
18 1 9071
11 2 9072 9073
18 2 9074 9075
5 1 9076
10 3 9077 9078 9079
14 3 9080 9081 9082
17 1 9083
8 1 9084
11 3 9085 9086 9087
1 2 9088 9089
10 3 9090 9091 9092
11 1 9093
2 3 9094 9095 9096
2 1 9097
5 3 9098 9099 9100
20 1 9101
9 1 9102
12 2 9103 9104
10 1 9105
1 3 9106 9107 9108
10 1 9109
7 3 9110 9111 9112
19 2 9113 9114
6 3 9115 9116 9117
3 2 9118 9119
9 3 9120 9121 9122
2 1 9123
12 2 9124 9125
12 2 9126 9127
11 2 9128 9129
16 3 9130 9131 9132
18 2 9133 9134
17 3 9135 9136 9137
12 2 9138 9139
16 2 9140 9141
13 3 9142 9143 9144
16 1 9145
5 3 9146 9147 9148
16 1 9149
11 1 9150
9 1 9151
5 2 9152 9153
10 2 9154 9155
7 1 9156
4 1 9157
20 1 9158
2 2 9159 9160
14 1 9161
3 3 9162 9163 9164
11 2 9165 9166
11 2 9167 9168
20 1 9169
11 2 9170 9171
3 1 9172
14 1 9173
9 3 9174 9175 9176
2 3 9177 9178 9179
16 1 9180
16 1 9181
19 3 9182 9183 9184
2 3 9185 9186 9187
11 1 9188
19 2 9189 9190
10 2 9191 9192
5 3 9193 9194 9195
17 2 9196 9197
4 3 9198 9199 9200
8 2 9201 9202
7 3 9203 9204 9205
8 2 9206 9207
1 1 9208
13 1 9209
13 1 9210
14 2 9211 9212
2 3 9213 9214 9215
1 3 9216 9217 9218
8 3 9219 9220 9221
14 1 9222
10 3 9223 9224 9225
14 1 9226
1 3 9227 9228 9229
5 3 9230 9231 9232
6 1 9233
12 3 9234 9235 9236
10 2 9237 9238
2 3 9239 9240 9241
9 3 9242 9243 9244
10 1 9245
6 3 9246 9247 9248
15 3 9249 9250 9251
16 2 9252 9253
4 1 9254
12 1 9255
19 3 9256 9257 9258
18 3 9259 9260 9261
8 1 9262
4 1 9263
3 1 9264
14 1 9265
16 3 9266 9267 9268
14 3 9269 9270 9271
15 2 9272 9273
15 2 9274 9275
11 1 9276
4 2 9277 9278
17 2 9279 9280
3 2 9281 9282
2 1 9283
8 2 9284 9285
15 2 9286 9287
19 3 9288 9289 9290
4 2 9291 9292
4 1 9293
19 2 9294 9295
8 2 9296 9297
10 2 9298 9299
9 3 9300 9301 9302
2 1 9303
16 1 9304
7 3 9305 9306 9307
15 1 9308
2 3 9309 9310 9311
5 1 9312
4 3 9313 9314 9315
1 2 9316 9317
11 1 9318
13 3 9319 9320 9321
9 1 9322
16 2 9323 9324
7 2 9325 9326
10 1 9327
4 1 9328
13 1 9329
4 1 9330
20 1 9331
15 1 9332
15 3 9333 9334 9335
12 2 9336 9337
13 3 9338 9339 9340
18 1 9341
13 2 9342 9343
7 2 9344 9345
1 2 9346 9347
4 1 9348
9 2 9349 9350
6 1 9351
17 3 9352 9353 9354
1 2 9355 9356
20 3 9357 9358 9359
20 1 9360
11 3 9361 9362 9363
2 2 9364 9365
11 2 9366 9367
3 2 9368 9369
6 2 9370 9371
6 1 9372
10 1 9373
8 2 9374 9375
4 1 9376
8 3 9377 9378 9379
9 1 9380
10 2 9381 9382
3 3 9383 9384 9385
1 3 9386 9387 9388
8 1 9389
7 1 9390
3 3 9391 9392 9393
5 1 9394
15 2 9395 9396
17 2 9397 9398
9 3 9399 9400 9401
13 3 9402 9403 9404
2 1 9405
8 3 9406 9407 9408
4 3 9409 9410 9411
13 2 9412 9413
11 2 9414 9415
1 3 9416 9417 9418
7 1 9419
16 3 9420 9421 9422
7 1 9423
8 3 9424 9425 9426
17 1 9427
8 2 9428 9429
19 1 9430
13 2 9431 9432
14 3 9433 9434 9435
2 1 9436
20 3 9437 9438 9439
3 1 9440
7 2 9441 9442
3 2 9443 9444
10 2 9445 9446
13 2 9447 9448
12 3 9449 9450 9451
19 1 9452
7 1 9453
19 3 9454 9455 9456
3 2 9457 9458
16 1 9459
8 3 9460 9461 9462
19 2 9463 9464
4 2 9465 9466
4 3 9467 9468 9469
5 1 9470
13 3 9471 9472 9473
4 1 9474
17 1 9475
2 3 9476 9477 9478
19 3 9479 9480 9481
7 1 9482
14 3 9483 9484 9485
8 3 9486 9487 9488
15 3 9489 9490 9491
2 1 9492
19 1 9493
17 2 9494 9495
11 1 9496
3 2 9497 9498
5 1 9499
4 3 9500 9501 9502
10 2 9503 9504
12 1 9505
9 3 9506 9507 9508
5 1 9509
20 2 9510 9511
4 2 9512 9513
17 2 9514 9515
19 2 9516 9517
6 1 9518
9 2 9519 9520
20 1 9521
8 2 9522 9523
14 1 9524
15 2 9525 9526
7 1 9527
5 1 9528
7 3 9529 9530 9531
15 3 9532 9533 9534
14 1 9535
18 3 9536 9537 9538
16 3 9539 9540 9541
15 2 9542 9543
1 2 9544 9545
20 2 9546 9547
13 2 9548 9549
15 1 9550
12 3 9551 9552 9553
13 1 9554
9 1 9555
18 2 9556 9557
12 1 9558
14 2 9559 9560
19 1 9561
15 1 9562
3 1 9563
2 3 9564 9565 9566
7 1 9567
9 3 9568 9569 9570
15 2 9571 9572
2 3 9573 9574 9575
20 3 9576 9577 9578
19 2 9579 9580
1 2 9581 9582
20 2 9583 9584
3 1 9585
4 1 9586
16 3 9587 9588 9589
3 1 9590
12 3 9591 9592 9593
16 1 9594
13 2 9595 9596
16 3 9597 9598 9599
9 3 9600 9601 9602
13 2 9603 9604
11 2 9605 9606
10 3 9607 9608 9609
5 1 9610
11 2 9611 9612
9 2 9613 9614
16 2 9615 9616
4 2 9617 9618
18 3 9619 9620 9621
11 2 9622 9623
17 2 9624 9625
14 2 9626 9627
20 1 9628
20 1 9629
17 3 9630 9631 9632
4 1 9633
9 3 9634 9635 9636
13 2 9637 9638
1 1 9639
20 3 9640 9641 9642
5 3 9643 9644 9645
17 3 9646 9647 9648
7 3 9649 9650 9651
4 2 9652 9653
11 1 9654
4 1 9655
18 3 9656 9657 9658
16 2 9659 9660
7 3 9661 9662 9663
20 3 9664 9665 9666
13 2 9667 9668
10 3 9669 9670 9671
16 1 9672
1 3 9673 9674 9675
11 3 9676 9677 9678
10 2 9679 9680
14 2 9681 9682
19 1 9683
12 3 9684 9685 9686
5 2 9687 9688
6 3 9689 9690 9691
15 1 9692
16 3 9693 9694 9695
7 3 9696 9697 9698
8 2 9699 9700
11 2 9701 9702
1 1 9703
13 2 9704 9705
6 2 9706 9707
3 3 9708 9709 9710
13 1 9711
19 2 9712 9713
20 2 9714 9715
5 1 9716
6 1 9717
20 3 9718 9719 9720
3 2 9721 9722
3 1 9723
4 1 9724
1 2 9725 9726
19 1 9727
13 1 9728
18 2 9729 9730
5 2 9731 9732
14 1 9733
8 2 9734 9735
6 1 9736
20 2 9737 9738
18 1 9739
5 3 9740 9741 9742
18 2 9743 9744
8 1 9745
17 3 9746 9747 9748
12 3 9749 9750 9751
4 2 9752 9753
16 3 9754 9755 9756
5 1 9757
20 3 9758 9759 9760
15 2 9761 9762
13 3 9763 9764 9765
12 2 9766 9767
5 3 9768 9769 9770
5 3 9771 9772 9773
1 2 9774 9775
1 2 9776 9777
14 1 9778
1 3 9779 9780 9781
14 2 9782 9783
20 3 9784 9785 9786
8 1 9787
2 2 9788 9789
4 2 9790 9791
3 3 9792 9793 9794
4 2 9795 9796
15 1 9797
17 2 9798 9799
18 2 9800 9801
9 3 9802 9803 9804
17 2 9805 9806
1 1 9807
15 2 9808 9809
4 2 9810 9811
7 2 9812 9813
18 2 9814 9815
15 1 9816
1 2 9817 9818
1 3 9819 9820 9821
20 2 9822 9823
7 1 9824
1 2 9825 9826
12 2 9827 9828
5 1 9829
8 1 9830
17 3 9831 9832 9833
10 3 9834 9835 9836
11 3 9837 9838 9839
20 3 9840 9841 9842
9 3 9843 9844 9845
10 1 9846
13 2 9847 9848
2 3 9849 9850 9851
3 2 9852 9853
6 1 9854
8 3 9855 9856 9857
14 3 9858 9859 9860
1 3 9861 9862 9863
20 3 9864 9865 9866
2 1 9867
8 2 9868 9869
15 1 9870
19 1 9871
5 1 9872
7 2 9873 9874
5 3 9875 9876 9877
11 1 9878
16 2 9879 9880
14 1 9881
13 1 9882
8 2 9883 9884
8 3 9885 9886 9887
1 3 9888 9889 9890
16 2 9891 9892
20 1 9893
5 3 9894 9895 9896
1 1 9897
13 3 9898 9899 9900
12 3 9901 9902 9903
9 1 9904
18 1 9905
12 3 9906 9907 9908
7 2 9909 9910
9 3 9911 9912 9913
11 1 9914
13 2 9915 9916
4 3 9917 9918 9919
17 3 9920 9921 9922
16 2 9923 9924
11 2 9925 9926
2 3 9927 9928 9929
3 1 9930
5 2 9931 9932
20 1 9933
15 3 9934 9935 9936
3 1 9937
19 2 9938 9939
4 1 9940
5 1 9941
11 1 9942
8 3 9943 9944 9945
5 2 9946 9947
13 2 9948 9949
2 2 9950 9951
19 3 9952 9953 9954
2 1 9955
1 3 9956 9957 9958
4 2 9959 9960
7 3 9961 9962 9963
3 3 9964 9965 9966
7 1 9967
3 3 9968 9969 9970
7 1 9971
7 1 9972
1 3 9973 9974 9975
17 1 9976
6 1 9977
14 1 9978
6 3 9979 9980 9981
12 1 9982
19 2 9983 9984
6 2 9985 9986
1 3 9987 9988 9989
6 3 9990 9991 9992
8 3 9993 9994 9995
4 3 9996 9997 9998
8 1 9999
3 0
15 0
7 0
10 0
17 0
18 0
2 0
14 0
18 0
19 0
15 0
12 0
10 0
6 0
12 0
8 0
14 0
13 0
16 0
5 0
17 0
6 0
9 0
18 0
12 0
1 0
14 0
12 0
19 0
4 0
1 0
1 0
4 0
3 0
16 0
5 0
4 0
18 0
6 0
3 0
14 0
10 0
2 0
17 0
4 0
12 0
13 0
8 0
7 0
5 0
2 0
12 0
13 0
11 0
1 0
13 0
9 0
11 0
15 0
1 0
4 0
1 0
10 0
11 0
17 0
6 0
7 0
15 0
16 0
16 0
17 0
18 0
7 0
19 0
8 0
13 0
19 0
6 0
9 0
3 0
3 0
2 0
2 0
4 0
16 0
14 0
16 0
8 0
19 0
2 0
13 0
14 0
10 0
14 0
6 0
6 0
1 0
4 0
17 0
8 0
2 0
19 0
4 0
4 0
12 0
2 0
10 0
13 0
16 0
12 0
14 0
12 0
17 0
6 0
13 0
8 0
18 0
20 0
14 0
18 0
4 0
15 0
9 0
20 0
13 0
3 0
18 0
17 0
5 0
14 0
13 0
11 0
18 0
10 0
7 0
20 0
18 0
3 0
4 0
8 0
3 0
8 0
11 0
18 0
6 0
9 0
14 0
10 0
7 0
6 0
8 0
11 0
1 0
5 0
6 0
15 0
13 0
8 0
15 0
7 0
6 0
15 0
2 0
3 0
18 0
9 0
7 0
6 0
18 0
13 0
20 0
13 0
13 0
7 0
18 0
1 0
10 0
7 0
7 0
16 0
1 0
13 0
2 0
2 0
18 0
12 0
1 0
6 0
15 0
2 0
10 0
8 0
1 0
1 0
14 0
3 0
15 0
14 0
9 0
19 0
14 0
13 0
9 0
4 0
15 0
20 0
11 0
3 0
3 0
7 0
12 0
7 0
12 0
12 0
9 0
2 0
15 0
15 0
11 0
6 0
2 0
5 0
20 0
15 0
10 0
8 0
19 0
11 0
13 0
11 0
13 0
19 0
8 0
1 0
16 0
16 0
1 0
11 0
4 0
16 0
6 0
3 0
8 0
15 0
5 0
9 0
16 0
8 0
17 0
3 0
8 0
1 0
14 0
8 0
20 0
5 0
19 0
9 0
10 0
1 0
6 0
5 0
13 0
6 0
6 0
20 0
2 0
2 0
6 0
9 0
11 0
2 0
10 0
15 0
2 0
9 0
20 0
18 0
5 0
6 0
15 0
4 0
20 0
3 0
19 0
4 0
14 0
9 0
20 0
15 0
20 0
13 0
4 0
6 0
9 0
5 0
17 0
4 0
9 0
15 0
14 0
16 0
18 0
6 0
15 0
8 0
14 0
14 0
16 0
16 0
9 0
16 0
4 0
3 0
12 0
1 0
4 0
17 0
16 0
2 0
1 0
11 0
8 0
20 0
1 0
20 0
3 0
2 0
16 0
9 0
16 0
2 0
2 0
5 0
12 0
10 0
9 0
19 0
20 0
15 0
8 0
4 0
15 0
3 0
19 0
16 0
17 0
3 0
6 0
11 0
3 0
8 0
4 0
3 0
15 0
3 0
17 0
5 0
6 0
14 0
19 0
18 0
2 0
20 0
18 0
20 0
15 0
17 0
9 0
8 0
18 0
11 0
17 0
14 0
14 0
20 0
6 0
14 0
15 0
15 0
13 0
1 0
11 0
14 0
2 0
17 0
3 0
8 0
14 0
13 0
8 0
13 0
20 0
16 0
13 0
9 0
1 0
14 0
5 0
18 0
19 0
9 0
8 0
2 0
3 0
17 0
1 0
2 0
4 0
16 0
3 0
19 0
10 0
18 0
14 0
8 0
3 0
3 0
7 0
6 0
3 0
16 0
11 0
18 0
3 0
7 0
5 0
17 0
11 0
13 0
13 0
13 0
14 0
11 0
15 0
17 0
15 0
19 0
20 0
4 0
13 0
7 0
8 0
1 0
17 0
13 0
17 0
17 0
13 0
2 0
1 0
20 0
9 0
20 0
14 0
13 0
18 0
10 0
9 0
14 0
5 0
5 0
13 0
9 0
11 0
4 0
4 0
9 0
4 0
3 0
7 0
19 0
14 0
18 0
5 0
8 0
14 0
18 0
6 0
4 0
8 0
15 0
14 0
15 0
6 0
13 0
6 0
20 0
5 0
16 0
4 0
14 0
1 0
6 0
18 0
18 0
5 0
5 0
2 0
10 0
20 0
15 0
5 0
7 0
5 0
17 0
5 0
3 0
17 0
14 0
7 0
18 0
18 0
11 0
14 0
14 0
7 0
3 0
11 0
19 0
7 0
20 0
11 0
4 0
18 0
16 0
13 0
2 0
18 0
16 0
19 0
17 0
2 0
4 0
8 0
18 0
12 0
18 0
15 0
1 0
13 0
12 0
6 0
18 0
3 0
9 0
3 0
20 0
18 0
11 0
19 0
12 0
12 0
11 0
5 0
17 0
15 0
2 0
9 0
11 0
5 0
20 0
14 0
10 0
16 0
18 0
13 0
15 0
5 0
12 0
6 0
16 0
16 0
3 0
6 0
11 0
17 0
17 0
11 0
16 0
3 0
17 0
6 0
17 0
16 0
10 0
3 0
12 0
3 0
18 0
6 0
1 0
18 0
10 0
17 0
18 0
20 0
20 0
8 0
17 0
3 0
19 0
2 0
9 0
7 0
14 0
20 0
14 0
4 0
13 0
14 0
9 0
5 0
19 0
16 0
13 0
1 0
11 0
10 0
8 0
9 0
14 0
7 0
14 0
18 0
19 0
11 0
15 0
6 0
13 0
16 0
7 0
2 0
8 0
19 0
10 0
6 0
1 0
16 0
3 0
12 0
11 0
2 0
2 0
4 0
18 0
2 0
7 0
20 0
20 0
18 0
7 0
10 0
16 0
6 0
14 0
10 0
8 0
5 0
13 0
15 0
20 0
19 0
7 0
6 0
2 0
14 0
15 0
17 0
19 0
2 0
9 0
2 0
14 0
20 0
6 0
5 0
6 0
14 0
20 0
6 0
17 0
3 0
14 0
15 0
5 0
15 0
11 0
18 0
17 0
20 0
20 0
1 0
13 0
6 0
8 0
8 0
2 0
18 0
10 0
14 0
2 0
12 0
18 0
2 0
4 0
9 0
17 0
19 0
11 0
17 0
14 0
1 0
11 0
13 0
13 0
6 0
3 0
14 0
7 0
7 0
5 0
14 0
6 0
17 0
15 0
10 0
14 0
7 0
9 0
13 0
13 0
3 0
1 0
15 0
1 0
7 0
19 0
4 0
4 0
8 0
1 0
18 0
8 0
8 0
17 0
4 0
12 0
1 0
11 0
4 0
19 0
17 0
2 0
15 0
18 0
6 0
3 0
19 0
14 0
5 0
1 0
13 0
1 0
16 0
19 0
20 0
16 0
19 0
1 0
2 0
8 0
17 0
2 0
2 0
8 0
17 0
11 0
10 0
12 0
9 0
7 0
7 0
12 0
15 0
16 0
5 0
20 0
7 0
20 0
7 0
11 0
5 0
2 0
9 0
14 0
10 0
12 0
7 0
5 0
9 0
13 0
3 0
20 0
1 0
20 0
17 0
20 0
5 0
14 0
17 0
20 0
6 0
17 0
18 0
3 0
20 0
6 0
18 0
19 0
19 0
18 0
18 0
11 0
3 0
19 0
3 0
16 0
3 0
12 0
2 0
1 0
2 0
16 0
9 0
11 0
19 0
10 0
2 0
13 0
5 0
9 0
18 0
17 0
2 0
9 0
7 0
19 0
18 0
12 0
3 0
16 0
6 0
1 0
8 0
18 0
19 0
15 0
12 0
9 0
20 0
6 0
18 0
6 0
8 0
15 0
5 0
9 0
10 0
17 0
9 0
7 0
17 0
3 0
18 0
5 0
10 0
19 0
20 0
6 0
12 0
1 0
19 0
6 0
20 0
5 0
10 0
8 0
8 0
14 0
17 0
20 0
12 0
4 0
14 0
9 0
1 0
16 0
13 0
2 0
1 0
9 0
20 0
11 0
1 0
17 0
17 0
10 0
17 0
14 0
6 0
11 0
13 0
19 0
8 0
4 0
11 0
11 0
6 0
11 0
8 0
7 0
16 0
11 0
15 0
20 0
11 0
6 0
10 0
3 0
19 0
16 0
8 0
11 0
14 0
8 0
19 0
6 0
5 0
5 0
19 0
18 0
18 0
11 0
5 0
18 0
16 0
20 0
2 0
4 0
5 0
16 0
11 0
8 0
12 0
4 0
6 0
19 0
4 0
15 0
5 0
13 0
4 0
20 0
6 0
19 0
19 0
3 0
1 0
7 0
20 0
16 0
14 0
10 0
13 0
15 0
15 0
11 0
18 0
20 0
8 0
20 0
20 0
12 0
20 0
2 0
12 0
8 0
11 0
13 0
1 0
18 0
17 0
4 0
12 0
15 0
20 0
4 0
5 0
15 0
9 0
18 0
3 0
8 0
16 0
5 0
17 0
4 0
5 0
15 0
4 0
12 0
3 0
2 0
5 0
10 0
7 0
14 0
12 0
1 0
20 0
16 0
4 0
14 0
4 0
8 0
2 0
13 0
3 0
16 0
9 0
9 0
11 0
8 0
18 0
4 0
12 0
20 0
3 0
2 0
1 0
10 0
12 0
17 0
12 0
16 0
5 0
5 0
16 0
4 0
15 0
7 0
17 0
6 0
12 0
7 0
9 0
2 0
9 0
5 0
7 0
2 0
19 0
6 0
14 0
18 0
2 0
16 0
7 0
4 0
8 0
8 0
4 0
4 0
9 0
19 0
11 0
15 0
12 0
11 0
1 0
19 0
18 0
9 0
4 0
17 0
3 0
15 0
7 0
3 0
6 0
5 0
15 0
12 0
14 0
16 0
3 0
3 0
5 0
12 0
11 0
17 0
2 0
5 0
13 0
6 0
20 0
18 0
15 0
4 0
1 0
14 0
20 0
10 0
20 0
2 0
20 0
4 0
11 0
4 0
19 0
20 0
20 0
9 0
5 0
18 0
13 0
7 0
2 0
9 0
19 0
2 0
7 0
16 0
4 0
8 0
14 0
6 0
5 0
14 0
3 0
19 0
20 0
9 0
8 0
5 0
13 0
19 0
16 0
4 0
1 0
3 0
2 0
5 0
12 0
7 0
18 0
9 0
4 0
12 0
13 0
20 0
10 0
16 0
11 0
5 0
9 0
16 0
4 0
11 0
10 0
14 0
5 0
15 0
3 0
12 0
9 0
11 0
1 0
10 0
11 0
3 0
14 0
15 0
14 0
8 0
17 0
4 0
18 0
14 0
7 0
20 0
13 0
7 0
4 0
13 0
18 0
17 0
15 0
2 0
14 0
17 0
15 0
1 0
20 0
15 0
10 0
15 0
1 0
9 0
5 0
2 0
6 0
8 0
19 0
10 0
2 0
7 0
11 0
15 0
17 0
5 0
3 0
15 0
15 0
2 0
16 0
8 0
15 0
19 0
10 0
12 0
13 0
19 0
8 0
3 0
15 0
17 0
16 0
1 0
8 0
4 0
10 0
3 0
2 0
3 0
17 0
3 0
18 0
3 0
12 0
12 0
19 0
11 0
7 0
5 0
4 0
14 0
9 0
14 0
12 0
4 0
5 0
9 0
3 0
17 0
10 0
12 0
11 0
10 0
7 0
19 0
7 0
18 0
12 0
13 0
12 0
12 0
1 0
12 0
1 0
5 0
18 0
6 0
20 0
15 0
15 0
10 0
1 0
6 0
5 0
4 0
3 0
1 0
11 0
7 0
8 0
16 0
3 0
17 0
19 0
4 0
20 0
8 0
19 0
11 0
9 0
19 0
19 0
9 0
5 0
11 0
14 0
19 0
3 0
2 0
13 0
19 0
4 0
16 0
5 0
16 0
3 0
1 0
16 0
7 0
19 0
5 0
16 0
3 0
4 0
3 0
1 0
5 0
7 0
15 0
2 0
15 0
19 0
14 0
16 0
6 0
19 0
9 0
17 0
14 0
6 0
1 0
18 0
5 0
15 0
12 0
6 0
7 0
13 0
14 0
9 0
1 0
2 0
5 0
15 0
11 0
1 0
1 0
15 0
11 0
5 0
3 0
11 0
1 0
8 0
2 0
12 0
16 0
4 0
11 0
19 0
20 0
14 0
5 0
14 0
20 0
9 0
8 0
8 0
10 0
3 0
19 0
8 0
16 0
20 0
16 0
9 0
19 0
10 0
3 0
17 0
4 0
5 0
20 0
14 0
14 0
7 0
10 0
9 0
14 0
2 0
16 0
17 0
2 0
8 0
2 0
7 0
8 0
3 0
17 0
12 0
3 0
6 0
13 0
20 0
1 0
13 0
1 0
10 0
3 0
13 0
3 0
15 0
7 0
19 0
15 0
5 0
14 0
9 0
3 0
13 0
8 0
20 0
7 0
17 0
8 0
3 0
19 0
20 0
18 0
15 0
19 0
17 0
20 0
11 0
17 0
15 0
6 0
16 0
16 0
6 0
7 0
12 0
4 0
14 0
10 0
18 0
1 0
17 0
9 0
17 0
18 0
12 0
18 0
17 0
6 0
2 0
8 0
2 0
14 0
2 0
8 0
16 0
20 0
20 0
15 0
13 0
3 0
5 0
19 0
15 0
16 0
13 0
6 0
10 0
20 0
6 0
19 0
6 0
7 0
1 0
2 0
20 0
15 0
8 0
8 0
10 0
15 0
16 0
12 0
16 0
13 0
20 0
6 0
7 0
13 0
9 0
12 0
11 0
7 0
13 0
14 0
7 0
20 0
3 0
12 0
10 0
13 0
16 0
3 0
20 0
16 0
15 0
20 0
7 0
14 0
6 0
4 0
11 0
3 0
19 0
13 0
1 0
10 0
19 0
7 0
11 0
10 0
4 0
20 0
7 0
3 0
15 0
2 0
13 0
8 0
9 0
9 0
6 0
20 0
18 0
17 0
9 0
10 0
2 0
11 0
16 0
11 0
10 0
20 0
1 0
1 0
7 0
12 0
3 0
20 0
1 0
13 0
8 0
3 0
17 0
14 0
19 0
13 0
12 0
13 0
12 0
6 0
12 0
1 0
4 0
18 0
10 0
15 0
7 0
16 0
20 0
2 0
12 0
20 0
20 0
20 0
18 0
20 0
16 0
16 0
11 0
19 0
14 0
18 0
7 0
4 0
8 0
1 0
13 0
9 0
10 0
3 0
20 0
10 0
10 0
11 0
18 0
9 0
12 0
8 0
17 0
14 0
12 0
19 0
7 0
1 0
5 0
18 0
1 0
6 0
18 0
10 0
17 0
19 0
2 0
2 0
12 0
2 0
8 0
9 0
13 0
6 0
10 0
17 0
9 0
15 0
9 0
13 0
16 0
4 0
6 0
20 0
19 0
19 0
18 0
8 0
7 0
9 0
20 0
15 0
12 0
19 0
10 0
20 0
15 0
5 0
18 0
17 0
13 0
8 0
14 0
4 0
12 0
17 0
19 0
9 0
16 0
15 0
8 0
15 0
13 0
11 0
16 0
3 0
20 0
8 0
10 0
2 0
17 0
6 0
13 0
17 0
2 0
11 0
9 0
18 0
13 0
6 0
8 0
20 0
5 0
3 0
14 0
20 0
18 0
13 0
19 0
9 0
5 0
12 0
17 0
17 0
17 0
19 0
15 0
4 0
17 0
19 0
2 0
19 0
17 0
15 0
8 0
5 0
8 0
20 0
17 0
2 0
2 0
19 0
19 0
6 0
19 0
3 0
7 0
8 0
4 0
3 0
2 0
2 0
15 0
11 0
8 0
10 0
9 0
16 0
13 0
12 0
9 0
7 0
10 0
15 0
12 0
13 0
17 0
12 0
3 0
6 0
19 0
1 0
16 0
1 0
19 0
15 0
4 0
18 0
17 0
14 0
4 0
2 0
18 0
10 0
5 0
13 0
2 0
19 0
10 0
5 0
20 0
9 0
19 0
12 0
20 0
19 0
3 0
20 0
2 0
13 0
17 0
15 0
8 0
2 0
5 0
17 0
17 0
4 0
14 0
11 0
12 0
2 0
17 0
3 0
17 0
3 0
15 0
12 0
10 0
18 0
13 0
19 0
20 0
19 0
16 0
18 0
20 0
10 0
3 0
20 0
2 0
16 0
1 0
1 0
6 0
2 0
6 0
3 0
2 0
8 0
11 0
9 0
4 0
6 0
14 0
16 0
20 0
7 0
15 0
2 0
19 0
13 0
6 0
2 0
12 0
3 0
13 0
12 0
18 0
1 0
5 0
15 0
17 0
7 0
16 0
12 0
19 0
14 0
11 0
10 0
8 0
3 0
8 0
11 0
8 0
11 0
14 0
1 0
13 0
16 0
10 0
12 0
8 0
20 0
1 0
11 0
19 0
15 0
1 0
12 0
3 0
14 0
13 0
18 0
17 0
17 0
11 0
10 0
2 0
12 0
6 0
15 0
16 0
16 0
4 0
5 0
6 0
6 0
7 0
9 0
3 0
19 0
6 0
7 0
4 0
8 0
13 0
16 0
1 0
2 0
6 0
4 0
7 0
9 0
16 0
19 0
6 0
15 0
11 0
9 0
1 0
16 0
10 0
20 0
4 0
13 0
20 0
14 0
13 0
4 0
20 0
2 0
4 0
18 0
20 0
9 0
20 0
20 0
1 0
6 0
16 0
15 0
11 0
1 0
11 0
19 0
20 0
5 0
6 0
7 0
11 0
15 0
14 0
14 0
4 0
13 0
5 0
16 0
16 0
6 0
2 0
2 0
4 0
2 0
13 0
20 0
20 0
12 0
12 0
9 0
1 0
8 0
19 0
5 0
19 0
9 0
16 0
7 0
13 0
6 0
13 0
1 0
19 0
4 0
6 0
9 0
12 0
10 0
20 0
1 0
17 0
7 0
7 0
10 0
5 0
10 0
11 0
7 0
20 0
3 0
6 0
5 0
2 0
13 0
13 0
9 0
5 0
2 0
12 0
13 0
12 0
11 0
2 0
15 0
15 0
10 0
6 0
16 0
17 0
17 0
2 0
2 0
8 0
7 0
4 0
20 0
12 0
2 0
14 0
2 0
16 0
20 0
9 0
20 0
10 0
12 0
19 0
9 0
16 0
6 0
9 0
5 0
16 0
18 0
14 0
1 0
14 0
1 0
11 0
10 0
1 0
8 0
18 0
3 0
19 0
1 0
15 0
6 0
17 0
5 0
19 0
15 0
9 0
2 0
1 0
18 0
5 0
10 0
3 0
3 0
11 0
15 0
12 0
4 0
19 0
12 0
8 0
15 0
1 0
2 0
7 0
9 0
12 0
10 0
8 0
11 0
4 0
1 0
16 0
16 0
11 0
14 0
11 0
16 0
4 0
11 0
19 0
19 0
15 0
15 0
1 0
18 0
11 0
2 0
5 0
7 0
7 0
17 0
9 0
1 0
16 0
14 0
16 0
10 0
13 0
5 0
11 0
16 0
15 0
20 0
5 0
9 0
11 0
16 0
12 0
12 0
1 0
9 0
5 0
5 0
13 0
6 0
20 0
4 0
18 0
6 0
5 0
3 0
5 0
9 0
4 0
20 0
1 0
11 0
20 0
20 0
3 0
15 0
9 0
12 0
2 0
20 0
18 0
9 0
18 0
20 0
5 0
1 0
18 0
5 0
4 0
2 0
1 0
20 0
1 0
4 0
10 0
11 0
11 0
14 0
13 0
1 0
5 0
15 0
17 0
14 0
18 0
7 0
2 0
18 0
7 0
5 0
14 0
4 0
1 0
13 0
15 0
12 0
9 0
3 0
10 0
8 0
11 0
20 0
4 0
3 0
10 0
18 0
5 0
6 0
4 0
6 0
4 0
16 0
10 0
4 0
10 0
15 0
14 0
17 0
7 0
3 0
16 0
20 0
6 0
18 0
2 0
16 0
11 0
2 0
2 0
7 0
18 0
13 0
5 0
16 0
6 0
17 0
15 0
16 0
4 0
15 0
4 0
3 0
4 0
18 0
18 0
13 0
13 0
20 0
2 0
2 0
19 0
1 0
1 0
20 0
20 0
16 0
5 0
15 0
12 0
14 0
10 0
8 0
7 0
6 0
6 0
19 0
12 0
16 0
4 0
16 0
17 0
5 0
4 0
10 0
5 0
16 0
17 0
2 0
11 0
16 0
16 0
19 0
6 0
6 0
12 0
1 0
18 0
13 0
8 0
4 0
5 0
5 0
7 0
9 0
12 0
18 0
9 0
6 0
19 0
1 0
9 0
7 0
6 0
17 0
6 0
2 0
19 0
5 0
2 0
18 0
11 0
6 0
4 0
12 0
3 0
2 0
3 0
15 0
9 0
3 0
5 0
12 0
12 0
12 0
14 0
19 0
14 0
17 0
2 0
15 0
19 0
3 0
3 0
12 0
11 0
17 0
10 0
16 0
18 0
16 0
3 0
7 0
2 0
20 0
1 0
13 0
2 0
20 0
5 0
5 0
10 0
10 0
20 0
9 0
9 0
6 0
20 0
20 0
7 0
10 0
9 0
9 0
1 0
11 0
8 0
12 0
19 0
3 0
17 0
5 0
9 0
17 0
11 0
3 0
5 0
11 0
1 0
16 0
6 0
5 0
9 0
15 0
4 0
11 0
1 0
8 0
10 0
18 0
7 0
3 0
3 0
3 0
16 0
10 0
6 0
20 0
10 0
12 0
1 0
17 0
19 0
2 0
5 0
16 0
2 0
12 0
8 0
20 0
18 0
7 0
17 0
3 0
19 0
16 0
13 0
17 0
9 0
20 0
3 0
9 0
17 0
3 0
8 0
10 0
9 0
13 0
19 0
20 0
19 0
10 0
19 0
4 0
9 0
5 0
11 0
10 0
13 0
19 0
16 0
13 0
18 0
10 0
17 0
7 0
5 0
3 0
1 0
9 0
9 0
3 0
17 0
11 0
11 0
5 0
20 0
8 0
9 0
11 0
1 0
5 0
1 0
7 0
7 0
18 0
2 0
3 0
11 0
10 0
1 0
2 0
17 0
13 0
3 0
16 0
11 0
14 0
19 0
16 0
13 0
16 0
10 0
12 0
8 0
20 0
4 0
13 0
1 0
16 0
16 0
14 0
18 0
9 0
16 0
7 0
15 0
19 0
14 0
9 0
20 0
9 0
6 0
5 0
8 0
9 0
11 0
14 0
13 0
5 0
3 0
2 0
6 0
7 0
14 0
9 0
9 0
1 0
10 0
2 0
15 0
13 0
8 0
3 0
4 0
14 0
6 0
18 0
5 0
7 0
16 0
4 0
13 0
11 0
10 0
11 0
13 0
18 0
11 0
16 0
17 0
14 0
12 0
5 0
1 0
17 0
7 0
7 0
17 0
4 0
10 0
17 0
4 0
6 0
13 0
15 0
3 0
12 0
4 0
6 0
1 0
16 0
11 0
14 0
10 0
15 0
18 0
12 0
14 0
9 0
17 0
10 0
8 0
8 0
4 0
8 0
11 0
13 0
20 0
7 0
3 0
2 0
3 0
15 0
3 0
20 0
3 0
16 0
9 0
4 0
14 0
12 0
8 0
5 0
17 0
11 0
13 0
6 0
17 0
5 0
19 0
4 0
18 0
16 0
3 0
8 0
10 0
4 0
8 0
4 0
14 0
5 0
20 0
15 0
8 0
20 0
8 0
13 0
6 0
5 0
18 0
6 0
17 0
11 0
8 0
9 0
17 0
17 0
6 0
7 0
16 0
4 0
3 0
7 0
18 0
9 0
4 0
12 0
2 0
3 0
9 0
8 0
9 0
11 0
17 0
1 0
1 0
7 0
6 0
9 0
13 0
8 0
10 0
7 0
1 0
18 0
20 0
15 0
2 0
17 0
18 0
5 0
16 0
7 0
20 0
11 0
10 0
11 0
6 0
16 0
3 0
8 0
9 0
4 0
16 0
4 0
7 0
5 0
20 0
11 0
6 0
20 0
11 0
19 0
3 0
5 0
11 0
1 0
5 0
7 0
9 0
11 0
4 0
5 0
14 0
1 0
10 0
18 0
14 0
9 0
2 0
5 0
9 0
7 0
12 0
15 0
14 0
4 0
18 0
5 0
17 0
3 0
3 0
3 0
18 0
4 0
18 0
1 0
7 0
7 0
15 0
16 0
14 0
4 0
15 0
5 0
16 0
17 0
20 0
7 0
20 0
9 0
18 0
18 0
12 0
10 0
20 0
11 0
7 0
13 0
9 0
10 0
6 0
13 0
2 0
3 0
12 0
2 0
16 0
13 0
18 0
4 0
16 0
8 0
13 0
1 0
10 0
1 0
7 0
8 0
20 0
10 0
7 0
1 0
15 0
20 0
8 0
6 0
3 0
10 0
4 0
8 0
15 0
10 0
12 0
17 0
8 0
5 0
1 0
8 0
19 0
4 0
18 0
9 0
8 0
9 0
19 0
12 0
7 0
8 0
20 0
14 0
3 0
13 0
15 0
10 0
8 0
20 0
20 0
1 0
10 0
4 0
18 0
2 0
5 0
1 0
13 0
18 0
15 0
6 0
19 0
1 0
7 0
13 0
7 0
4 0
7 0
12 0
20 0
5 0
12 0
9 0
1 0
16 0
20 0
7 0
10 0
12 0
3 0
3 0
2 0
13 0
16 0
1 0
11 0
18 0
4 0
5 0
19 0
15 0
17 0
19 0
10 0
6 0
3 0
13 0
20 0
18 0
3 0
13 0
18 0
1 0
17 0
6 0
1 0
2 0
11 0
16 0
8 0
5 0
15 0
16 0
4 0
11 0
7 0
19 0
14 0
20 0
18 0
6 0
4 0
16 0
5 0
18 0
8 0
3 0
12 0
16 0
16 0
16 0
11 0
17 0
1 0
14 0
16 0
5 0
18 0
4 0
14 0
17 0
5 0
16 0
15 0
1 0
5 0
3 0
6 0
15 0
20 0
6 0
8 0
12 0
9 0
7 0
1 0
3 0
8 0
9 0
6 0
13 0
18 0
13 0
15 0
17 0
15 0
5 0
11 0
16 0
6 0
10 0
3 0
13 0
13 0
11 0
11 0
12 0
5 0
19 0
16 0
8 0
8 0
15 0
17 0
6 0
10 0
8 0
20 0
9 0
6 0
6 0
13 0
4 0
17 0
19 0
17 0
13 0
11 0
19 0
3 0
9 0
4 0
15 0
1 0
15 0
5 0
19 0
10 0
2 0
5 0
17 0
17 0
16 0
16 0
9 0
3 0
3 0
14 0
9 0
7 0
7 0
17 0
13 0
6 0
8 0
9 0
19 0
1 0
20 0
13 0
20 0
3 0
8 0
3 0
4 0
5 0
1 0
16 0
9 0
9 0
14 0
9 0
15 0
10 0
3 0
7 0
8 0
8 0
15 0
13 0
15 0
19 0
11 0
14 0
8 0
4 0
5 0
10 0
1 0
10 0
19 0
1 0
14 0
5 0
1 0
14 0
4 0
9 0
10 0
2 0
2 0
20 0
1 0
18 0
16 0
2 0
19 0
12 0
16 0
4 0
15 0
10 0
14 0
16 0
19 0
12 0
11 0
1 0
18 0
1 0
14 0
13 0
16 0
17 0
9 0
3 0
18 0
6 0
3 0
15 0
3 0
8 0
7 0
10 0
2 0
16 0
20 0
12 0
17 0
19 0
7 0
14 0
18 0
19 0
9 0
8 0
10 0
7 0
10 0
15 0
12 0
16 0
19 0
19 0
14 0
2 0
8 0
15 0
6 0
19 0
18 0
12 0
14 0
6 0
10 0
16 0
12 0
13 0
19 0
17 0
12 0
15 0
9 0
8 0
6 0
17 0
20 0
16 0
5 0
19 0
17 0
9 0
3 0
16 0
3 0
15 0
6 0
17 0
16 0
1 0
13 0
11 0
4 0
16 0
20 0
12 0
9 0
1 0
11 0
18 0
17 0
9 0
4 0
17 0
13 0
12 0
14 0
19 0
3 0
19 0
3 0
12 0
12 0
2 0
2 0
6 0
4 0
13 0
5 0
3 0
12 0
3 0
20 0
8 0
8 0
15 0
9 0
4 0
8 0
1 0
9 0
6 0
2 0
3 0
13 0
8 0
5 0
12 0
12 0
12 0
17 0
9 0
20 0
10 0
17 0
3 0
7 0
19 0
3 0
2 0
15 0
15 0
18 0
7 0
10 0
3 0
12 0
17 0
10 0
9 0
14 0
9 0
2 0
20 0
1 0
1 0
5 0
8 0
2 0
6 0
5 0
7 0
16 0
20 0
12 0
18 0
2 0
20 0
15 0
6 0
9 0
13 0
7 0
7 0
8 0
19 0
10 0
7 0
7 0
15 0
18 0
14 0
10 0
7 0
16 0
8 0
1 0
13 0
3 0
14 0
2 0
19 0
16 0
3 0
15 0
9 0
11 0
14 0
13 0
5 0
2 0
7 0
17 0
6 0
15 0
13 0
9 0
11 0
16 0
12 0
6 0
7 0
5 0
18 0
15 0
7 0
12 0
7 0
16 0
1 0
8 0
6 0
17 0
1 0
9 0
12 0
8 0
3 0
2 0
8 0
15 0
13 0
10 0
3 0
1 0
18 0
20 0
16 0
2 0
9 0
14 0
13 0
15 0
9 0
7 0
20 0
6 0
12 0
17 0
6 0
7 0
9 0
18 0
5 0
10 0
19 0
6 0
8 0
1 0
7 0
7 0
18 0
2 0
17 0
13 0
11 0
11 0
10 0
1 0
12 0
8 0
2 0
20 0
19 0
15 0
2 0
6 0
11 0
10 0
15 0
16 0
3 0
9 0
2 0
16 0
1 0
7 0
3 0
1 0
2 0
20 0
15 0
16 0
18 0
6 0
9 0
8 0
18 0
7 0
2 0
16 0
7 0
19 0
13 0
20 0
4 0
9 0
8 0
12 0
10 0
1 0
6 0
12 0
4 0
14 0
10 0
14 0
12 0
15 0
1 0
1 0
4 0
2 0
15 0
15 0
7 0
15 0
16 0
14 0
10 0
9 0
19 0
17 0
14 0
6 0
8 0
5 0
18 0
17 0
1 0
3 0
10 0
6 0
11 0
11 0
20 0
13 0
5 0
18 0
1 0
18 0
20 0
18 0
2 0
6 0
2 0
5 0
5 0
6 0
3 0
8 0
18 0
10 0
1 0
11 0
7 0
1 0
19 0
19 0
14 0
20 0
9 0
10 0
13 0
3 0
19 0
9 0
16 0
6 0
6 0
20 0
9 0
1 0
14 0
17 0
13 0
17 0
3 0
17 0
18 0
13 0
14 0
19 0
17 0
19 0
4 0
13 0
2 0
15 0
16 0
7 0
16 0
5 0
3 0
9 0
17 0
18 0
5 0
18 0
10 0
2 0
4 0
13 0
6 0
18 0
3 0
10 0
10 0
17 0
15 0
2 0
18 0
17 0
1 0
18 0
6 0
4 0
20 0
12 0
5 0
14 0
2 0
15 0
7 0
17 0
3 0
17 0
12 0
16 0
9 0
3 0
10 0
10 0
15 0
14 0
20 0
11 0
17 0
18 0
4 0
9 0
12 0
13 0
8 0
12 0
14 0
8 0
6 0
3 0
8 0
4 0
15 0
18 0
11 0
1 0
6 0
13 0
13 0
10 0
1 0
17 0
7 0
18 0
3 0
15 0
1 0
14 0
16 0
13 0
11 0
7 0
2 0
14 0
14 0
9 0
15 0
6 0
15 0
13 0
20 0
11 0
9 0
1 0
19 0
18 0
4 0
18 0
11 0
8 0
9 0
11 0
4 0
15 0
19 0
1 0
19 0
15 0
3 0
16 0
4 0
6 0
19 0
19 0
13 0
6 0
14 0
19 0
16 0
11 0
3 0
10 0
10 0
20 0
12 0
9 0
11 0
14 0
18 0
10 0
5 0
20 0
4 0
15 0
1 0
19 0
20 0
7 0
2 0
4 0
20 0
10 0
8 0
11 0
14 0
17 0
17 0
7 0
4 0
9 0
20 0
8 0
14 0
2 0
9 0
10 0
1 0
8 0
4 0
13 0
20 0
17 0
20 0
3 0
20 0
15 0
14 0
1 0
3 0
18 0
18 0
12 0
20 0
14 0
5 0
5 0
5 0
3 0
9 0
9 0
10 0
12 0
9 0
9 0
19 0
1 0
20 0
13 0
15 0
16 0
12 0
11 0
11 0
18 0
3 0
13 0
17 0
2 0
18 0
15 0
8 0
5 0
12 0
5 0
11 0
14 0
18 0
5 0
15 0
5 0
14 0
16 0
20 0
16 0
3 0
15 0
13 0
18 0
11 0
15 0
6 0
13 0
12 0
15 0
20 0
5 0
1 0
6 0
17 0
14 0
20 0
1 0
15 0
3 0
12 0
11 0
1 0
19 0
18 0
5 0
4 0
1 0
19 0
15 0
18 0
15 0
13 0
9 0
6 0
16 0
17 0
19 0
11 0
1 0
14 0
15 0
14 0
3 0
1 0
15 0
20 0
19 0
1 0
20 0
10 0
6 0
4 0
12 0
15 0
6 0
6 0
2 0
20 0
9 0
18 0
6 0
18 0
7 0
14 0
20 0
8 0
13 0
12 0
6 0
9 0
5 0
11 0
3 0
12 0
19 0
2 0
4 0
7 0
16 0
17 0
12 0
2 0
2 0
17 0
12 0
19 0
9 0
14 0
5 0
6 0
5 0
16 0
9 0
20 0
16 0
16 0
9 0
10 0
2 0
13 0
11 0
5 0
19 0
11 0
15 0
15 0
9 0
19 0
2 0
16 0
13 0
3 0
18 0
13 0
20 0
18 0
13 0
19 0
16 0
11 0
20 0
15 0
2 0
13 0
3 0
4 0
17 0
15 0
7 0
8 0
8 0
3 0
8 0
7 0
6 0
18 0
20 0
11 0
14 0
18 0
13 0
8 0
18 0
17 0
15 0
4 0
10 0
13 0
7 0
18 0
3 0
9 0
11 0
4 0
7 0
17 0
17 0
20 0
19 0
18 0
7 0
1 0
12 0
9 0
3 0
2 0
14 0
17 0
8 0
2 0
6 0
17 0
12 0
4 0
4 0
15 0
19 0
6 0
13 0
9 0
17 0
8 0
3 0
11 0
11 0
15 0
7 0
1 0
10 0
7 0
13 0
19 0
18 0
8 0
17 0
14 0
5 0
6 0
6 0
11 0
4 0
5 0
20 0
1 0
4 0
6 0
19 0
5 0
9 0
19 0
3 0
5 0
12 0
6 0
12 0
16 0
15 0
6 0
18 0
5 0
5 0
6 0
19 0
9 0
17 0
8 0
2 0
14 0
19 0
8 0
9 0
12 0
17 0
2 0
9 0
10 0
3 0
15 0
4 0
15 0
8 0
9 0
9 0
18 0
19 0
12 0
14 0
14 0
13 0
1 0
18 0
7 0
16 0
1 0
20 0
8 0
13 0
4 0
17 0
7 0
16 0
3 0
12 0
5 0
15 0
18 0
19 0
6 0
13 0
17 0
15 0
11 0
10 0
5 0
10 0
20 0
6 0
5 0
20 0
1 0
20 0
7 0
10 0
3 0
5 0
20 0
19 0
18 0
8 0
13 0
17 0
17 0
16 0
2 0
4 0
4 0
6 0
1 0
6 0
11 0
3 0
18 0
16 0
14 0
6 0
13 0
14 0
15 0
12 0
17 0
12 0
7 0
9 0
20 0
7 0
16 0
19 0
2 0
20 0
18 0
3 0
17 0
19 0
10 0
11 0
19 0
7 0
9 0
9 0
19 0
20 0
5 0
10 0
15 0
16 0
1 0
13 0
18 0
17 0
15 0
11 0
2 0
2 0
14 0
4 0
18 0
6 0
3 0
3 0
7 0
20 0
16 0
13 0
16 0
16 0
7 0
3 0
1 0
13 0
14 0
1 0
20 0
18 0
17 0
16 0
9 0
8 0
12 0
16 0
5 0
10 0
5 0
18 0
3 0
5 0
4 0
2 0
12 0
11 0
15 0
1 0
3 0
14 0
17 0
4 0
9 0
15 0
4 0
2 0
5 0
4 0
16 0
4 0
18 0
20 0
7 0
8 0
12 0
10 0
19 0
3 0
2 0
11 0
8 0
13 0
5 0
6 0
14 0
16 0
2 0
11 0
19 0
1 0
8 0
1 0
9 0
6 0
5 0
19 0
8 0
8 0
20 0
15 0
10 0
7 0
6 0
18 0
7 0
17 0
3 0
19 0
16 0
14 0
7 0
4 0
18 0
8 0
19 0
17 0
19 0
9 0
11 0
9 0
6 0
14 0
15 0
20 0
7 0
15 0
17 0
4 0
11 0
18 0
8 0
2 0
6 0
9 0
18 0
11 0
4 0
5 0
2 0
5 0
15 0
2 0
13 0
20 0
10 0
5 0
1 0
9 0
5 0
7 0
4 0
11 0
20 0
14 0
8 0
9 0
14 0
16 0
14 0
17 0
17 0
11 0
9 0
7 0
7 0
14 0
11 0
6 0
3 0
13 0
20 0
15 0
7 0
19 0
7 0
18 0
4 0
14 0
12 0
3 0
8 0
3 0
6 0
7 0
1 0
1 0
6 0
20 0
6 0
15 0
8 0
11 0
2 0
6 0
15 0
6 0
11 0
3 0
17 0
20 0
3 0
10 0
2 0
7 0
1 0
6 0
16 0
5 0
10 0
5 0
8 0
2 0
2 0
14 0
17 0
13 0
19 0
12 0
10 0
17 0
19 0
4 0
9 0
9 0
10 0
19 0
7 0
11 0
18 0
20 0
12 0
5 0
2 0
12 0
17 0
5 0
18 0
11 0
1 0
13 0
1 0
13 0
9 0
16 0
4 0
7 0
4 0
4 0
19 0
4 0
5 0
9 0
20 0
15 0
1 0
20 0
17 0
12 0
5 0
3 0
3 0
19 0
12 0
6 0
12 0
12 0
18 0
17 0
16 0
20 0
1 0
10 0
16 0
7 0
19 0
1 0
11 0
15 0
18 0
16 0
7 0
2 0
3 0
20 0
16 0
6 0
14 0
6 0
2 0
7 0
1 0
2 0
15 0
3 0
13 0
8 0
14 0
10 0
11 0
2 0
12 0
15 0
16 0
12 0
11 0
6 0
16 0
17 0
11 0
2 0
18 0
12 0
18 0
12 0
7 0
20 0
16 0
13 0
20 0
16 0
2 0
9 0
4 0
20 0
15 0
16 0
20 0
11 0
16 0
15 0
13 0
2 0
9 0
18 0
3 0
14 0
6 0
11 0
16 0
3 0
6 0
20 0
2 0
8 0
16 0
5 0
12 0
17 0
1 0
5 0
18 0
10 0
16 0
17 0
10 0
6 0
6 0
5 0
14 0
4 0
6 0
3 0
2 0
14 0
2 0
9 0
14 0
14 0
5 0
19 0
20 0
9 0
14 0
18 0
1 0
12 0
14 0
14 0
17 0
6 0
5 0
9 0
3 0
13 0
4 0
10 0
13 0
6 0
5 0
4 0
14 0
15 0
9 0
1 0
5 0
16 0
7 0
10 0
13 0
7 0
20 0
4 0
20 0
16 0
15 0
9 0
7 0
5 0
6 0
7 0
13 0
20 0
12 0
18 0
20 0
13 0
19 0
12 0
11 0
6 0
12 0
17 0
15 0
11 0
14 0
6 0
4 0
11 0
20 0
16 0
14 0
6 0
16 0
16 0
12 0
3 0
6 0
9 0
6 0
16 0
18 0
6 0
16 0
2 0
4 0
4 0
14 0
16 0
5 0
1 0
3 0
12 0
2 0
18 0
9 0
4 0
16 0
7 0
3 0
5 0
18 0
14 0
4 0
17 0
19 0
17 0
6 0
16 0
8 0
13 0
9 0
19 0
13 0
19 0
5 0
1 0
13 0
12 0
9 0
17 0
20 0
16 0
20 0
2 0
7 0
3 0
12 0
8 0
9 0
17 0
16 0
5 0
9 0
15 0
6 0
5 0
11 0
18 0
18 0
9 0
14 0
14 0
4 0
6 0
12 0
3 0
13 0
11 0
4 0
2 0
10 0
19 0
1 0
19 0
13 0
20 0
14 0
18 0
11 0
15 0
17 0
4 0
8 0
13 0
18 0
20 0
15 0
8 0
4 0
12 0
8 0
19 0
15 0
19 0
13 0
18 0
20 0
17 0
20 0
4 0
4 0
13 0
14 0
12 0
14 0
4 0
5 0
14 0
4 0
15 0
19 0
6 0
12 0
9 0
7 0
5 0
15 0
2 0
20 0
8 0
19 0
17 0
15 0
8 0
11 0
15 0
15 0
19 0
13 0
17 0
20 0
13 0
6 0
7 0
2 0
5 0
19 0
2 0
17 0
6 0
14 0
15 0
18 0
15 0
20 0
6 0
16 0
19 0
18 0
9 0
17 0
11 0
8 0
7 0
5 0
11 0
10 0
17 0
1 0
5 0
4 0
2 0
9 0
13 0
1 0
16 0
1 0
10 0
9 0
1 0
13 0
16 0
7 0
15 0
2 0
15 0
11 0
19 0
7 0
16 0
15 0
4 0
9 0
13 0
5 0
13 0
20 0
15 0
4 0
14 0
20 0
11 0
1 0
17 0
1 0
2 0
8 0
18 0
4 0
15 0
15 0
15 0
20 0
12 0
10 0
7 0
19 0
1 0
20 0
17 0
16 0
15 0
10 0
16 0
17 0
6 0
14 0
14 0
20 0
15 0
12 0
7 0
19 0
19 0
16 0
15 0
14 0
8 0
8 0
16 0
4 0
9 0
4 0
12 0
3 0
2 0
4 0
11 0
12 0
3 0
15 0
11 0
17 0
17 0
1 0
5 0
15 0
10 0
19 0
15 0
16 0
3 0
7 0
12 0
11 0
13 0
11 0
16 0
13 0
9 0
10 0
9 0
20 0
19 0
5 0
19 0
7 0
20 0
7 0
11 0
7 0
14 0
18 0
12 0
16 0
8 0
2 0
19 0
7 0
16 0
3 0
5 0
20 0
14 0
12 0
1 0
12 0
9 0
14 0
5 0
1 0
10 0
17 0
8 0
17 0
11 0
13 0
1 0
2 0
15 0
10 0
6 0
8 0
6 0
4 0
20 0
3 0
8 0
12 0
9 0
19 0
10 0
15 0
8 0
10 0
18 0
10 0
3 0
13 0
3 0
9 0
14 0
2 0
18 0
18 0
20 0
18 0
4 0
8 0
2 0
8 0
2 0
13 0
5 0
1 0
19 0
9 0
19 0
12 0
8 0
19 0
5 0
20 0
6 0
14 0
20 0
18 0
12 0
5 0
2 0
7 0
19 0
4 0
18 0
1 0
9 0
18 0
20 0
19 0
3 0
9 0
5 0
20 0
15 0
2 0
2 0
6 0
2 0
11 0
17 0
6 0
3 0
17 0
18 0
5 0
20 0
18 0
15 0
12 0
1 0
2 0
16 0
9 0
11 0
1 0
8 0
1 0
20 0
19 0
13 0
6 0
20 0
9 0
3 0
2 0
13 0
2 0
14 0
1 0
18 0
17 0
3 0
16 0
7 0
19 0
7 0
4 0
3 0
2 0
8 0
17 0
6 0
6 0
1 0
19 0
10 0
16 0
15 0
10 0
6 0
1 0
8 0
8 0
7 0
12 0
13 0
1 0
11 0
6 0
3 0
8 0
17 0
8 0
8 0
16 0
1 0
9 0
17 0
13 0
17 0
5 0
10 0
3 0
14 0
7 0
11 0
19 0
20 0
2 0
16 0
14 0
18 0
19 0
7 0
2 0
3 0
16 0
11 0
10 0
11 0
14 0
5 0
14 0
12 0
2 0
16 0
20 0
13 0
9 0
20 0
20 0
14 0
5 0
9 0
8 0
7 0
19 0
5 0
14 0
12 0
16 0
8 0
2 0
2 0
11 0
3 0
2 0
8 0
9 0
13 0
15 0
12 0
1 0
2 0
4 0
8 0
4 0
13 0
11 0
1 0
20 0
16 0
11 0
6 0
5 0
2 0
10 0
8 0
4 0
16 0
14 0
9 0
16 0
10 0
8 0
9 0
4 0
11 0
20 0
19 0
11 0
17 0
7 0
8 0
14 0
7 0
11 0
19 0
11 0
8 0
20 0
5 0
10 0
10 0
10 0
9 0
16 0
5 0
9 0
20 0
5 0
1 0
4 0
9 0
2 0
5 0
1 0
6 0
2 0
15 0
6 0
3 0
13 0
5 0
20 0
10 0
17 0
11 0
16 0
14 0
13 0
2 0
12 0
4 0
4 0
10 0
12 0
20 0
10 0
2 0
7 0
10 0
2 0
20 0
9 0
4 0
17 0
20 0
13 0
10 0
3 0
8 0
10 0
14 0
8 0
6 0
3 0
19 0
12 0
11 0