10000
13 3 1 2 3
13 2 4 5
11 1 6
10 1 7
2 2 8 9
9 3 10 11 12
5 1 13
4 3 14 15 16
13 2 17 18
5 1 19
14 2 20 21
17 3 22 23 24
19 3 25 26 27
7 2 28 29
11 2 30 31
15 1 32
15 1 33
19 1 34
5 3 35 36 37
16 3 38 39 40
15 3 41 42 43
14 3 44 45 46
19 3 47 48 49
10 2 50 51
11 1 52
7 2 53 54
9 1 55
7 2 56 57
17 1 58
4 3 59 60 61
20 3 62 63 64
10 1 65
13 2 66 67
7 3 68 69 70
20 1 71
4 1 72
6 1 73
15 1 74
20 2 75 76
1 1 77
5 1 78
15 3 79 80 81
17 2 82 83
13 2 84 85
14 2 86 87
16 3 88 89 90
17 3 91 92 93
7 2 94 95
10 1 96
8 3 97 98 99
14 1 100
12 3 101 102 103
7 1 104
2 1 105
15 2 106 107
13 1 108
20 2 109 110
3 3 111 112 113
5 2 114 115
19 1 116
19 1 117
8 1 118
5 3 119 120 121
3 2 122 123
15 2 124 125
1 2 126 127
10 1 128
3 3 129 130 131
7 3 132 133 134
11 2 135 136
2 2 137 138
13 1 139
14 3 140 141 142
18 2 143 144
3 2 145 146
13 1 147
3 2 148 149
20 2 150 151
14 2 152 153
20 2 154 155
4 1 156
6 3 157 158 159
6 3 160 161 162
12 1 163
3 2 164 165
14 1 166
6 3 167 168 169
17 3 170 171 172
1 1 173
20 3 174 175 176
17 1 177
1 1 178
14 1 179
3 2 180 181
12 3 182 183 184
18 1 185
18 1 186
9 2 187 188
5 1 189
14 3 190 191 192
15 2 193 194
7 1 195
19 3 196 197 198
14 2 199 200
7 2 201 202
18 3 203 204 205
14 2 206 207
8 1 208
13 3 209 210 211
4 2 212 213
11 1 214
13 2 215 216
10 3 217 218 219
20 2 220 221
3 2 222 223
15 2 224 225
13 1 226
6 2 227 228
10 3 229 230 231
20 1 232
12 2 233 234
16 2 235 236
16 2 237 238
16 2 239 240
10 2 241 242
11 1 243
11 1 244
1 3 245 246 247
13 3 248 249 250
19 1 251
14 1 252
14 2 253 254
6 2 255 256
10 3 257 258 259
14 3 260 261 262
9 3 263 264 265
17 3 266 267 268
17 3 269 270 271
13 1 272
2 3 273 274 275
13 3 276 277 278
5 1 279
15 3 280 281 282
18 3 283 284 285
7 3 286 287 288
17 2 289 290
20 2 291 292
12 3 293 294 295
8 1 296
11 2 297 298
14 2 299 300
13 1 301
12 2 302 303
3 1 304
11 1 305
3 1 306
10 1 307
17 1 308
6 3 309 310 311
7 3 312 313 314
3 1 315
2 3 316 317 318
8 3 319 320 321
9 1 322
1 3 323 324 325
6 3 326 327 328
3 1 329
1 2 330 331
5 2 332 333
7 2 334 335
4 3 336 337 338
14 3 339 340 341
17 2 342 343
3 3 344 345 346
16 1 347
3 3 348 349 350
5 2 351 352
13 1 353
19 3 354 355 356
14 3 357 358 359
19 3 360 361 362
19 1 363
2 3 364 365 366
18 1 367
7 2 368 369
6 3 370 371 372
18 1 373
20 1 374
16 1 375
8 1 376
13 3 377 378 379
16 1 380
18 1 381
7 2 382 383
18 2 384 385
9 3 386 387 388
12 3 389 390 391
13 2 392 393
19 1 394
3 2 395 396
15 3 397 398 399
13 3 400 401 402
9 3 403 404 405
4 2 406 407
8 3 408 409 410
12 2 411 412
5 3 413 414 415
19 2 416 417
5 1 418
12 3 419 420 421
19 2 422 423
8 2 424 425
17 2 426 427
5 3 428 429 430
15 2 431 432
9 3 433 434 435
20 3 436 437 438
11 1 439
7 3 440 441 442
14 2 443 444
7 2 445 446
1 1 447
17 2 448 449
8 3 450 451 452
9 1 453
10 1 454
18 1 455
9 2 456 457
9 3 458 459 460
12 2 461 462
14 2 463 464
18 2 465 466
18 3 467 468 469
5 1 470
7 2 471 472
14 1 473
16 2 474 475
9 2 476 477
5 2 478 479
14 3 480 481 482
12 1 483
5 1 484
1 2 485 486
11 3 487 488 489
15 3 490 491 492
9 1 493
7 1 494
19 1 495
16 3 496 497 498
17 3 499 500 501
2 3 502 503 504
18 3 505 506 507
4 1 508
15 2 509 510
11 2 511 512
20 3 513 514 515
10 3 516 517 518
13 3 519 520 521
7 1 522
12 2 523 524
3 2 525 526
12 1 527
9 2 528 529
9 3 530 531 532
10 2 533 534
3 2 535 536
3 3 537 538 539
6 1 540
5 2 541 542
15 3 543 544 545
8 2 546 547
7 2 548 549
9 2 550 551
12 3 552 553 554
11 2 555 556
15 1 557
13 3 558 559 560
10 1 561
8 2 562 563
10 2 564 565
12 1 566
20 2 567 568
3 3 569 570 571
1 3 572 573 574
11 3 575 576 577
12 2 578 579
1 2 580 581
5 1 582
4 3 583 584 585
15 2 586 587
17 2 588 589
11 3 590 591 592
17 1 593
11 2 594 595
12 2 596 597
16 1 598
2 2 599 600
14 1 601
8 1 602
9 1 603
19 1 604
13 2 605 606
9 1 607
16 1 608
7 1 609
11 3 610 611 612
13 2 613 614
3 2 615 616
4 1 617
12 2 618 619
19 2 620 621
7 1 622
16 2 623 624
7 3 625 626 627
10 1 628
15 3 629 630 631
14 3 632 633 634
1 1 635
8 1 636
3 3 637 638 639
9 1 640
20 2 641 642
7 2 643 644
1 3 645 646 647
8 3 648 649 650
1 1 651
7 1 652
3 1 653
20 1 654
4 1 655
12 1 656
18 1 657
11 3 658 659 660
20 3 661 662 663
19 3 664 665 666
16 3 667 668 669
9 1 670
14 2 671 672
7 1 673
2 3 674 675 676
11 1 677
1 3 678 679 680
5 2 681 682
5 2 683 684
16 3 685 686 687
18 3 688 689 690
8 3 691 692 693
19 1 694
2 2 695 696
7 3 697 698 699
12 2 700 701
5 2 702 703
13 3 704 705 706
7 3 707 708 709
20 1 710
8 3 711 712 713
1 2 714 715
8 3 716 717 718
18 2 719 720
3 1 721
16 1 722
12 1 723
3 1 724
1 2 725 726
12 2 727 728
7 1 729
4 3 730 731 732
12 2 733 734
5 2 735 736
14 3 737 738 739
9 1 740
17 1 741
15 2 742 743
6 2 744 745
1 3 746 747 748
11 2 749 750
1 1 751
7 2 752 753
14 1 754
4 2 755 756
16 3 757 758 759
6 1 760
11 1 761
1 1 762
11 3 763 764 765
4 2 766 767
5 1 768
5 1 769
14 2 770 771
10 2 772 773
15 2 774 775
1 3 776 777 778
11 1 779
19 2 780 781
15 1 782
2 2 783 784
2 1 785
2 3 786 787 788
16 2 789 790
11 1 791
12 3 792 793 794
18 3 795 796 797
3 3 798 799 800
11 3 801 802 803
11 3 804 805 806
20 3 807 808 809
1 1 810
8 3 811 812 813
18 3 814 815 816
10 1 817
17 1 818
8 2 819 820
12 3 821 822 823
11 3 824 825 826
12 2 827 828
14 3 829 830 831
10 2 832 833
8 2 834 835
11 1 836
19 2 837 838
18 2 839 840
20 1 841
5 3 842 843 844
20 1 845
2 2 846 847
14 3 848 849 850
20 3 851 852 853
19 2 854 855
15 1 856
20 3 857 858 859
2 2 860 861
9 2 862 863
12 2 864 865
9 2 866 867
7 1 868
2 3 869 870 871
11 3 872 873 874
4 1 875
15 1 876
19 1 877
11 2 878 879
9 1 880
13 1 881
2 1 882
12 2 883 884
18 1 885
8 2 886 887
18 2 888 889
18 3 890 891 892
11 1 893
20 2 894 895
10 3 896 897 898
2 3 899 900 901
4 3 902 903 904
17 1 905
20 1 906
1 2 907 908
4 3 909 910 911
2 2 912 913
5 3 914 915 916
15 2 917 918
2 2 919 920
17 2 921 922
10 1 923
4 2 924 925
14 1 926
12 3 927 928 929
3 1 930
5 1 931
11 1 932
4 1 933
1 3 934 935 936
14 1 937
10 2 938 939
20 3 940 941 942
2 2 943 944
4 3 945 946 947
3 1 948
16 2 949 950
6 3 951 952 953
15 1 954
3 1 955
4 3 956 957 958
4 1 959
8 3 960 961 962
20 2 963 964
19 2 965 966
9 3 967 968 969
10 2 970 971
18 1 972
18 2 973 974
11 2 975 976
3 1 977
7 3 978 979 980
17 2 981 982
10 2 983 984
5 3 985 986 987
2 1 988
14 2 989 990
19 3 991 992 993
6 2 994 995
4 3 996 997 998
3 3 999 1000 1001
9 3 1002 1003 1004
4 1 1005
5 3 1006 1007 1008
16 1 1009
11 3 1010 1011 1012
16 3 1013 1014 1015
2 3 1016 1017 1018
20 1 1019
4 2 1020 1021
19 1 1022
11 1 1023
5 2 1024 1025
17 1 1026
2 3 1027 1028 1029
12 3 1030 1031 1032
16 3 1033 1034 1035
2 3 1036 1037 1038
11 1 1039
15 1 1040
5 2 1041 1042
3 2 1043 1044
16 1 1045
13 2 1046 1047
19 3 1048 1049 1050
3 2 1051 1052
19 2 1053 1054
13 3 1055 1056 1057
8 3 1058 1059 1060
13 2 1061 1062
7 3 1063 1064 1065
20 3 1066 1067 1068
12 3 1069 1070 1071
14 1 1072
18 1 1073
10 1 1074
5 1 1075
1 2 1076 1077
18 3 1078 1079 1080
8 2 1081 1082
19 3 1083 1084 1085
4 1 1086
12 1 1087
10 1 1088
3 2 1089 1090
20 3 1091 1092 1093
15 3 1094 1095 1096
4 1 1097
7 2 1098 1099
4 2 1100 1101
20 1 1102
18 3 1103 1104 1105
13 3 1106 1107 1108
14 3 1109 1110 1111
9 2 1112 1113
3 2 1114 1115
5 3 1116 1117 1118
6 1 1119
14 2 1120 1121
10 3 1122 1123 1124
14 3 1125 1126 1127
1 3 1128 1129 1130
17 2 1131 1132
17 1 1133
7 2 1134 1135
2 1 1136
10 3 1137 1138 1139
1 1 1140
4 3 1141 1142 1143
3 2 1144 1145
7 3 1146 1147 1148
3 3 1149 1150 1151
13 3 1152 1153 1154
10 1 1155
15 2 1156 1157
15 3 1158 1159 1160
8 1 1161
20 1 1162
2 2 1163 1164
19 1 1165
11 2 1166 1167
20 1 1168
9 3 1169 1170 1171
5 3 1172 1173 1174
4 1 1175
19 3 1176 1177 1178
3 1 1179
4 1 1180
11 2 1181 1182
6 1 1183
19 3 1184 1185 1186
16 1 1187
5 3 1188 1189 1190
16 3 1191 1192 1193
11 3 1194 1195 1196
13 3 1197 1198 1199
11 3 1200 1201 1202
14 1 1203
17 1 1204
9 1 1205
7 3 1206 1207 1208
7 1 1209
2 3 1210 1211 1212
7 1 1213
14 1 1214
10 2 1215 1216
5 2 1217 1218
5 1 1219
13 1 1220
11 1 1221
5 3 1222 1223 1224
10 1 1225
15 3 1226 1227 1228
19 3 1229 1230 1231
2 2 1232 1233
18 1 1234
8 2 1235 1236
2 2 1237 1238
15 1 1239
17 1 1240
13 3 1241 1242 1243
9 2 1244 1245
5 3 1246 1247 1248
14 2 1249 1250
5 1 1251
14 2 1252 1253
8 1 1254
18 1 1255
17 3 1256 1257 1258
17 2 1259 1260
12 2 1261 1262
16 1 1263
10 3 1264 1265 1266
9 2 1267 1268
18 1 1269
19 3 1270 1271 1272
15 2 1273 1274
2 3 1275 1276 1277
11 1 1278
12 3 1279 1280 1281
6 2 1282 1283
3 1 1284
1 3 1285 1286 1287
2 2 1288 1289
3 3 1290 1291 1292
8 3 1293 1294 1295
15 1 1296
7 1 1297
13 2 1298 1299
8 2 1300 1301
17 3 1302 1303 1304
13 2 1305 1306
12 3 1307 1308 1309
9 3 1310 1311 1312
18 3 1313 1314 1315
14 1 1316
17 2 1317 1318
19 2 1319 1320
1 2 1321 1322
5 1 1323
8 3 1324 1325 1326
4 2 1327 1328
8 1 1329
18 1 1330
2 2 1331 1332
10 1 1333
2 1 1334
13 1 1335
8 3 1336 1337 1338
6 2 1339 1340
8 3 1341 1342 1343
4 1 1344
14 2 1345 1346
19 2 1347 1348
14 2 1349 1350
3 2 1351 1352
9 1 1353
18 2 1354 1355
2 1 1356
10 3 1357 1358 1359
20 3 1360 1361 1362
8 2 1363 1364
18 1 1365
20 3 1366 1367 1368
8 3 1369 1370 1371
3 2 1372 1373
13 3 1374 1375 1376
19 2 1377 1378
16 2 1379 1380
16 3 1381 1382 1383
10 3 1384 1385 1386
17 1 1387
3 1 1388
16 2 1389 1390
15 1 1391
1 1 1392
8 2 1393 1394
18 2 1395 1396
20 1 1397
2 1 1398
19 2 1399 1400
8 2 1401 1402
3 3 1403 1404 1405
11 3 1406 1407 1408
9 1 1409
16 3 1410 1411 1412
14 2 1413 1414
8 1 1415
9 1 1416
19 3 1417 1418 1419
8 3 1420 1421 1422
19 3 1423 1424 1425
17 2 1426 1427
8 2 1428 1429
13 3 1430 1431 1432
14 2 1433 1434
13 1 1435
13 1 1436
2 1 1437
4 1 1438
10 1 1439
13 1 1440
10 2 1441 1442
15 1 1443
7 2 1444 1445
8 1 1446
13 1 1447
2 2 1448 1449
20 1 1450
7 2 1451 1452
16 2 1453 1454
2 1 1455
4 2 1456 1457
2 3 1458 1459 1460
6 3 1461 1462 1463
13 3 1464 1465 1466
9 1 1467
13 3 1468 1469 1470
2 1 1471
10 3 1472 1473 1474
1 1 1475
4 2 1476 1477
19 1 1478
3 2 1479 1480
5 2 1481 1482
12 1 1483
4 3 1484 1485 1486
8 2 1487 1488
13 2 1489 1490
4 1 1491
19 1 1492
17 2 1493 1494
12 1 1495
2 1 1496
14 2 1497 1498
6 2 1499 1500
15 3 1501 1502 1503
9 2 1504 1505
18 1 1506
3 3 1507 1508 1509
8 3 1510 1511 1512
5 1 1513
16 2 1514 1515
17 2 1516 1517
5 1 1518
8 3 1519 1520 1521
20 3 1522 1523 1524
15 1 1525
18 3 1526 1527 1528
17 2 1529 1530
14 3 1531 1532 1533
17 2 1534 1535
7 2 1536 1537
1 2 1538 1539
7 2 1540 1541
10 2 1542 1543
18 2 1544 1545
1 2 1546 1547
13 2 1548 1549
8 2 1550 1551
6 1 1552
2 1 1553
16 1 1554
7 2 1555 1556
6 3 1557 1558 1559
8 2 1560 1561
8 3 1562 1563 1564
10 1 1565
12 1 1566
14 1 1567
1 2 1568 1569
10 2 1570 1571
3 2 1572 1573
20 1 1574
12 3 1575 1576 1577
7 1 1578
14 3 1579 1580 1581
2 2 1582 1583
17 1 1584
2 3 1585 1586 1587
4 2 1588 1589
15 2 1590 1591
6 2 1592 1593
13 3 1594 1595 1596
17 3 1597 1598 1599
16 3 1600 1601 1602
11 2 1603 1604
2 2 1605 1606
5 2 1607 1608
13 1 1609
4 2 1610 1611
18 2 1612 1613
5 1 1614
7 3 1615 1616 1617
19 3 1618 1619 1620
4 1 1621
8 3 1622 1623 1624
18 3 1625 1626 1627
1 3 1628 1629 1630
5 1 1631
6 1 1632
5 3 1633 1634 1635
1 2 1636 1637
15 2 1638 1639
6 1 1640
1 2 1641 1642
9 3 1643 1644 1645
15 1 1646
1 3 1647 1648 1649
3 3 1650 1651 1652
20 1 1653
16 2 1654 1655
18 3 1656 1657 1658
9 1 1659
6 2 1660 1661
12 1 1662
13 1 1663
17 1 1664
12 1 1665
2 1 1666
17 1 1667
16 3 1668 1669 1670
19 3 1671 1672 1673
17 1 1674
2 1 1675
5 3 1676 1677 1678
11 1 1679
14 3 1680 1681 1682
13 2 1683 1684
19 1 1685
3 2 1686 1687
2 1 1688
6 1 1689
5 1 1690
18 2 1691 1692
8 1 1693
1 3 1694 1695 1696
10 2 1697 1698
12 1 1699
12 2 1700 1701
2 3 1702 1703 1704
13 3 1705 1706 1707
13 1 1708
2 1 1709
8 3 1710 1711 1712
13 2 1713 1714
2 1 1715
20 1 1716
16 3 1717 1718 1719
19 2 1720 1721
18 2 1722 1723
3 3 1724 1725 1726
14 2 1727 1728
5 2 1729 1730
8 3 1731 1732 1733
8 2 1734 1735
3 3 1736 1737 1738
5 3 1739 1740 1741
15 2 1742 1743
7 3 1744 1745 1746
2 2 1747 1748
17 1 1749
17 1 1750
19 2 1751 1752
19 1 1753
8 3 1754 1755 1756
15 3 1757 1758 1759
10 1 1760
9 3 1761 1762 1763
13 2 1764 1765
7 2 1766 1767
7 3 1768 1769 1770
10 2 1771 1772
11 3 1773 1774 1775
3 3 1776 1777 1778
20 3 1779 1780 1781
18 3 1782 1783 1784
3 3 1785 1786 1787
18 2 1788 1789
2 1 1790
16 1 1791
6 2 1792 1793
9 2 1794 1795
13 2 1796 1797
19 3 1798 1799 1800
9 3 1801 1802 1803
5 2 1804 1805
1 1 1806
17 2 1807 1808
3 3 1809 1810 1811
8 1 1812
5 2 1813 1814
3 2 1815 1816
1 3 1817 1818 1819
19 1 1820
9 1 1821
15 2 1822 1823
4 3 1824 1825 1826
13 1 1827
12 2 1828 1829
7 3 1830 1831 1832
1 3 1833 1834 1835
16 2 1836 1837
20 2 1838 1839
1 3 1840 1841 1842
7 2 1843 1844
7 3 1845 1846 1847
12 1 1848
2 2 1849 1850
19 3 1851 1852 1853
20 1 1854
11 2 1855 1856
4 3 1857 1858 1859
14 2 1860 1861
17 3 1862 1863 1864
7 3 1865 1866 1867
8 3 1868 1869 1870
15 3 1871 1872 1873
7 2 1874 1875
3 2 1876 1877
17 3 1878 1879 1880
1 1 1881
12 3 1882 1883 1884
14 1 1885
7 2 1886 1887
12 1 1888
9 1 1889
2 3 1890 1891 1892
1 2 1893 1894
19 2 1895 1896
1 2 1897 1898
15 2 1899 1900
8 2 1901 1902
11 1 1903
2 3 1904 1905 1906
19 1 1907
7 3 1908 1909 1910
11 1 1911
13 3 1912 1913 1914
9 3 1915 1916 1917
13 1 1918
15 1 1919
10 2 1920 1921
11 3 1922 1923 1924
5 2 1925 1926
15 1 1927
9 3 1928 1929 1930
3 2 1931 1932
14 2 1933 1934
2 2 1935 1936
14 3 1937 1938 1939
18 2 1940 1941
18 3 1942 1943 1944
12 2 1945 1946
8 1 1947
8 3 1948 1949 1950
6 1 1951
14 2 1952 1953
16 1 1954
10 2 1955 1956
1 1 1957
5 3 1958 1959 1960
4 1 1961
20 1 1962
11 2 1963 1964
2 3 1965 1966 1967
18 1 1968
3 2 1969 1970
19 1 1971
3 1 1972
1 1 1973
14 3 1974 1975 1976
12 2 1977 1978
20 1 1979
20 2 1980 1981
20 1 1982
7 1 1983
8 2 1984 1985
6 1 1986
16 2 1987 1988
20 3 1989 1990 1991
12 1 1992
19 2 1993 1994
15 3 1995 1996 1997
10 3 1998 1999 2000
6 2 2001 2002
20 3 2003 2004 2005
3 2 2006 2007
13 2 2008 2009
2 1 2010
9 3 2011 2012 2013
9 1 2014
5 3 2015 2016 2017
16 3 2018 2019 2020
15 2 2021 2022
6 1 2023
7 1 2024
1 2 2025 2026
15 3 2027 2028 2029
10 1 2030
6 3 2031 2032 2033
4 3 2034 2035 2036
1 2 2037 2038
12 1 2039
14 1 2040
4 3 2041 2042 2043
3 2 2044 2045
11 1 2046
6 2 2047 2048
8 3 2049 2050 2051
10 1 2052
1 3 2053 2054 2055
8 3 2056 2057 2058
7 1 2059
11 1 2060
9 1 2061
8 3 2062 2063 2064
5 2 2065 2066
2 3 2067 2068 2069
10 2 2070 2071
1 3 2072 2073 2074
3 1 2075
17 2 2076 2077
11 1 2078
11 3 2079 2080 2081
17 1 2082
1 1 2083
12 1 2084
14 1 2085
8 2 2086 2087
2 3 2088 2089 2090
12 2 2091 2092
8 3 2093 2094 2095
16 1 2096
9 3 2097 2098 2099
8 2 2100 2101
9 3 2102 2103 2104
18 3 2105 2106 2107
10 2 2108 2109
14 2 2110 2111
14 2 2112 2113
20 3 2114 2115 2116
5 1 2117
12 3 2118 2119 2120
15 1 2121
11 2 2122 2123
18 1 2124
13 3 2125 2126 2127
8 2 2128 2129
3 3 2130 2131 2132
1 3 2133 2134 2135
7 3 2136 2137 2138
4 1 2139
17 3 2140 2141 2142
19 3 2143 2144 2145
4 2 2146 2147
16 3 2148 2149 2150
10 3 2151 2152 2153
14 3 2154 2155 2156
1 2 2157 2158
17 2 2159 2160
8 1 2161
15 1 2162
7 3 2163 2164 2165
5 3 2166 2167 2168
16 3 2169 2170 2171
4 3 2172 2173 2174
19 3 2175 2176 2177
16 3 2178 2179 2180
7 2 2181 2182
5 1 2183
18 1 2184
14 1 2185
17 3 2186 2187 2188
10 3 2189 2190 2191
11 2 2192 2193
14 2 2194 2195
7 3 2196 2197 2198
11 2 2199 2200
8 3 2201 2202 2203
5 1 2204
7 3 2205 2206 2207
20 3 2208 2209 2210
14 1 2211
8 3 2212 2213 2214
19 1 2215
15 3 2216 2217 2218
2 1 2219
4 1 2220
3 2 2221 2222
10 1 2223
9 1 2224
3 3 2225 2226 2227
17 2 2228 2229
8 2 2230 2231
13 3 2232 2233 2234
19 3 2235 2236 2237
12 3 2238 2239 2240
9 1 2241
18 1 2242
4 1 2243
2 3 2244 2245 2246
2 2 2247 2248
20 3 2249 2250 2251
20 3 2252 2253 2254
4 3 2255 2256 2257
3 1 2258
10 1 2259
4 3 2260 2261 2262
18 3 2263 2264 2265
19 3 2266 2267 2268
6 1 2269
16 1 2270
20 2 2271 2272
6 1 2273
14 3 2274 2275 2276
5 2 2277 2278
5 3 2279 2280 2281
3 3 2282 2283 2284
4 2 2285 2286
16 1 2287
19 1 2288
12 1 2289
15 3 2290 2291 2292
10 2 2293 2294
2 1 2295
14 3 2296 2297 2298
10 1 2299
2 2 2300 2301
20 3 2302 2303 2304
10 1 2305
19 2 2306 2307
9 1 2308
17 2 2309 2310
2 2 2311 2312
2 2 2313 2314
8 3 2315 2316 2317
7 1 2318
19 1 2319
17 1 2320
12 1 2321
13 1 2322
5 1 2323
7 2 2324 2325
15 1 2326
18 1 2327
16 1 2328
17 1 2329
19 1 2330
6 1 2331
12 2 2332 2333
4 1 2334
6 1 2335
3 2 2336 2337
4 2 2338 2339
14 2 2340 2341
17 1 2342
5 3 2343 2344 2345
12 3 2346 2347 2348
7 3 2349 2350 2351
15 1 2352
10 1 2353
17 3 2354 2355 2356
11 3 2357 2358 2359
5 1 2360
4 2 2361 2362
6 1 2363
15 3 2364 2365 2366
6 3 2367 2368 2369
12 1 2370
15 2 2371 2372
8 3 2373 2374 2375
3 2 2376 2377
2 1 2378
15 3 2379 2380 2381
15 1 2382
11 3 2383 2384 2385
7 1 2386
3 1 2387
5 2 2388 2389
20 1 2390
1 1 2391
9 3 2392 2393 2394
18 2 2395 2396
7 2 2397 2398
6 3 2399 2400 2401
4 3 2402 2403 2404
13 2 2405 2406
11 3 2407 2408 2409
3 2 2410 2411
11 3 2412 2413 2414
17 1 2415
8 2 2416 2417
20 1 2418
17 3 2419 2420 2421
6 3 2422 2423 2424
18 1 2425
16 3 2426 2427 2428
9 1 2429
7 3 2430 2431 2432
20 1 2433
5 1 2434
14 1 2435
20 3 2436 2437 2438
18 3 2439 2440 2441
18 2 2442 2443
15 2 2444 2445
9 2 2446 2447
2 3 2448 2449 2450
9 2 2451 2452
20 2 2453 2454
8 2 2455 2456
1 1 2457
3 1 2458
1 2 2459 2460
12 1 2461
10 2 2462 2463
3 3 2464 2465 2466
6 1 2467
6 1 2468
2 1 2469
5 2 2470 2471
1 3 2472 2473 2474
19 2 2475 2476
20 1 2477
13 1 2478
13 3 2479 2480 2481
20 3 2482 2483 2484
14 2 2485 2486
19 3 2487 2488 2489
13 3 2490 2491 2492
5 2 2493 2494
17 2 2495 2496
3 3 2497 2498 2499
14 2 2500 2501
13 2 2502 2503
15 1 2504
6 1 2505
11 2 2506 2507
17 2 2508 2509
3 2 2510 2511
14 1 2512
5 2 2513 2514
15 1 2515
15 2 2516 2517
11 1 2518
7 2 2519 2520
9 1 2521
20 2 2522 2523
19 3 2524 2525 2526
8 1 2527
13 1 2528
8 2 2529 2530
17 2 2531 2532
4 2 2533 2534
3 2 2535 2536
16 3 2537 2538 2539
12 1 2540
12 3 2541 2542 2543
6 1 2544
8 2 2545 2546
6 3 2547 2548 2549
12 2 2550 2551
1 2 2552 2553
4 3 2554 2555 2556
4 1 2557
10 3 2558 2559 2560
19 3 2561 2562 2563
15 1 2564
2 3 2565 2566 2567
15 3 2568 2569 2570
10 1 2571
11 1 2572
9 1 2573
20 1 2574
9 1 2575
10 2 2576 2577
4 2 2578 2579
17 3 2580 2581 2582
13 2 2583 2584
1 2 2585 2586
14 3 2587 2588 2589
9 1 2590
7 2 2591 2592
18 1 2593
9 2 2594 2595
11 3 2596 2597 2598
13 1 2599
7 1 2600
4 3 2601 2602 2603
17 1 2604
4 2 2605 2606
20 1 2607
3 1 2608
8 3 2609 2610 2611
7 1 2612
9 2 2613 2614
4 2 2615 2616
13 2 2617 2618
2 3 2619 2620 2621
17 3 2622 2623 2624
13 3 2625 2626 2627
18 3 2628 2629 2630
19 3 2631 2632 2633
20 1 2634
15 3 2635 2636 2637
9 3 2638 2639 2640
7 3 2641 2642 2643
16 3 2644 2645 2646
2 3 2647 2648 2649
17 1 2650
3 3 2651 2652 2653
6 1 2654
18 2 2655 2656
2 1 2657
2 3 2658 2659 2660
13 2 2661 2662
2 2 2663 2664
7 1 2665
18 2 2666 2667
8 1 2668
1 3 2669 2670 2671
13 2 2672 2673
2 1 2674
7 1 2675
18 1 2676
13 2 2677 2678
1 3 2679 2680 2681
11 3 2682 2683 2684
6 1 2685
20 3 2686 2687 2688
1 3 2689 2690 2691
12 3 2692 2693 2694
19 2 2695 2696
1 2 2697 2698
18 2 2699 2700
2 3 2701 2702 2703
19 2 2704 2705
20 1 2706
7 3 2707 2708 2709
5 2 2710 2711
2 2 2712 2713
8 2 2714 2715
1 1 2716
17 3 2717 2718 2719
9 2 2720 2721
3 1 2722
18 2 2723 2724
17 2 2725 2726
8 3 2727 2728 2729
15 2 2730 2731
14 1 2732
3 3 2733 2734 2735
20 1 2736
11 2 2737 2738
11 3 2739 2740 2741
17 3 2742 2743 2744
17 2 2745 2746
10 1 2747
20 2 2748 2749
2 1 2750
18 1 2751
6 1 2752
13 1 2753
6 1 2754
1 3 2755 2756 2757
17 2 2758 2759
17 3 2760 2761 2762
3 2 2763 2764
17 1 2765
14 2 2766 2767
2 3 2768 2769 2770
8 3 2771 2772 2773
6 1 2774
15 3 2775 2776 2777
15 1 2778
20 1 2779
1 3 2780 2781 2782
2 2 2783 2784
16 1 2785
1 3 2786 2787 2788
14 3 2789 2790 2791
9 3 2792 2793 2794
6 3 2795 2796 2797
14 3 2798 2799 2800
8 2 2801 2802
15 2 2803 2804
2 3 2805 2806 2807
18 3 2808 2809 2810
6 1 2811
3 3 2812 2813 2814
6 2 2815 2816
12 3 2817 2818 2819
5 1 2820
6 1 2821
16 2 2822 2823
20 3 2824 2825 2826
16 3 2827 2828 2829
9 2 2830 2831
6 1 2832
4 1 2833
8 1 2834
17 1 2835
11 1 2836
17 2 2837 2838
16 3 2839 2840 2841
14 1 2842
15 3 2843 2844 2845
7 1 2846
18 3 2847 2848 2849
3 3 2850 2851 2852
15 2 2853 2854
5 1 2855
1 1 2856
2 3 2857 2858 2859
14 3 2860 2861 2862
8 1 2863
10 3 2864 2865 2866
20 1 2867
11 2 2868 2869
11 1 2870
10 3 2871 2872 2873
10 3 2874 2875 2876
6 3 2877 2878 2879
1 1 2880
17 3 2881 2882 2883
18 3 2884 2885 2886
14 2 2887 2888
4 2 2889 2890
6 1 2891
19 3 2892 2893 2894
14 3 2895 2896 2897
19 1 2898
5 1 2899
15 3 2900 2901 2902
2 1 2903
11 2 2904 2905
5 2 2906 2907
3 1 2908
4 2 2909 2910
8 2 2911 2912
9 3 2913 2914 2915
14 1 2916
11 1 2917
5 2 2918 2919
8 2 2920 2921
8 2 2922 2923
20 3 2924 2925 2926
8 1 2927
16 2 2928 2929
6 3 2930 2931 2932
16 3 2933 2934 2935
3 2 2936 2937
14 1 2938
13 1 2939
6 2 2940 2941
1 2 2942 2943
14 2 2944 2945
9 3 2946 2947 2948
1 3 2949 2950 2951
10 1 2952
11 1 2953
17 3 2954 2955 2956
14 2 2957 2958
19 1 2959
20 3 2960 2961 2962
10 1 2963
2 2 2964 2965
6 3 2966 2967 2968
15 2 2969 2970
17 1 2971
5 3 2972 2973 2974
16 3 2975 2976 2977
19 1 2978
3 1 2979
4 1 2980
16 2 2981 2982
3 2 2983 2984
11 3 2985 2986 2987
11 1 2988
8 3 2989 2990 2991
9 1 2992
15 3 2993 2994 2995
18 2 2996 2997
11 1 2998
20 1 2999
5 2 3000 3001
20 1 3002
13 1 3003
20 3 3004 3005 3006
10 3 3007 3008 3009
14 1 3010
20 2 3011 3012
15 1 3013
7 3 3014 3015 3016
5 1 3017
2 3 3018 3019 3020
7 3 3021 3022 3023
13 2 3024 3025
6 3 3026 3027 3028
14 2 3029 3030
9 3 3031 3032 3033
13 2 3034 3035
3 1 3036
11 1 3037
3 1 3038
6 2 3039 3040
12 1 3041
14 3 3042 3043 3044
4 1 3045
16 3 3046 3047 3048
14 3 3049 3050 3051
10 3 3052 3053 3054
1 2 3055 3056
5 3 3057 3058 3059
14 2 3060 3061
1 1 3062
3 1 3063
17 1 3064
9 2 3065 3066
3 2 3067 3068
2 2 3069 3070
3 1 3071
13 3 3072 3073 3074
16 1 3075
20 1 3076
5 1 3077
20 3 3078 3079 3080
13 3 3081 3082 3083
11 2 3084 3085
20 1 3086
7 3 3087 3088 3089
18 2 3090 3091
20 3 3092 3093 3094
15 2 3095 3096
19 1 3097
1 2 3098 3099
10 1 3100
14 1 3101
17 3 3102 3103 3104
5 2 3105 3106
12 2 3107 3108
19 1 3109
9 2 3110 3111
18 1 3112
9 2 3113 3114
3 3 3115 3116 3117
19 1 3118
19 2 3119 3120
2 2 3121 3122
5 1 3123
14 3 3124 3125 3126
14 2 3127 3128
1 2 3129 3130
3 1 3131
2 3 3132 3133 3134
13 2 3135 3136
3 3 3137 3138 3139
6 3 3140 3141 3142
5 2 3143 3144
15 1 3145
20 3 3146 3147 3148
5 2 3149 3150
17 2 3151 3152
9 2 3153 3154
8 3 3155 3156 3157
5 3 3158 3159 3160
19 2 3161 3162
5 1 3163
18 1 3164
12 1 3165
13 3 3166 3167 3168
13 1 3169
18 1 3170
13 1 3171
19 3 3172 3173 3174
14 1 3175
12 3 3176 3177 3178
16 1 3179
6 3 3180 3181 3182
13 3 3183 3184 3185
3 2 3186 3187
17 2 3188 3189
18 1 3190
19 1 3191
3 3 3192 3193 3194
3 3 3195 3196 3197
12 2 3198 3199
2 1 3200
16 3 3201 3202 3203
6 3 3204 3205 3206
3 2 3207 3208
1 3 3209 3210 3211
17 3 3212 3213 3214
16 1 3215
20 1 3216
11 3 3217 3218 3219
14 2 3220 3221
18 1 3222
17 2 3223 3224
8 3 3225 3226 3227
4 3 3228 3229 3230
9 3 3231 3232 3233
13 2 3234 3235
9 2 3236 3237
11 3 3238 3239 3240
17 1 3241
13 1 3242
15 3 3243 3244 3245
17 1 3246
19 3 3247 3248 3249
14 2 3250 3251
19 3 3252 3253 3254
9 3 3255 3256 3257
3 1 3258
9 1 3259
8 2 3260 3261
11 3 3262 3263 3264
19 2 3265 3266
8 3 3267 3268 3269
19 1 3270
18 1 3271
9 1 3272
8 2 3273 3274
7 1 3275
15 2 3276 3277
3 3 3278 3279 3280
15 3 3281 3282 3283
8 3 3284 3285 3286
15 2 3287 3288
20 3 3289 3290 3291
16 3 3292 3293 3294
6 2 3295 3296
10 3 3297 3298 3299
2 1 3300
17 2 3301 3302
1 2 3303 3304
8 2 3305 3306
16 2 3307 3308
10 1 3309
7 2 3310 3311
5 2 3312 3313
2 3 3314 3315 3316
5 1 3317
2 3 3318 3319 3320
19 1 3321
8 1 3322
15 1 3323
20 3 3324 3325 3326
5 2 3327 3328
13 3 3329 3330 3331
3 3 3332 3333 3334
1 3 3335 3336 3337
7 2 3338 3339
12 2 3340 3341
9 1 3342
13 2 3343 3344
7 1 3345
7 3 3346 3347 3348
5 1 3349
12 1 3350
15 3 3351 3352 3353
2 3 3354 3355 3356
13 3 3357 3358 3359
20 2 3360 3361
20 2 3362 3363
14 1 3364
8 1 3365
16 3 3366 3367 3368
4 3 3369 3370 3371
2 1 3372
4 2 3373 3374
10 1 3375
12 2 3376 3377
8 1 3378
6 1 3379
3 3 3380 3381 3382
1 1 3383
18 1 3384
15 1 3385
5 3 3386 3387 3388
2 3 3389 3390 3391
10 1 3392
20 2 3393 3394
4 2 3395 3396
18 3 3397 3398 3399
7 2 3400 3401
20 3 3402 3403 3404
17 3 3405 3406 3407
4 1 3408
12 2 3409 3410
11 3 3411 3412 3413
15 3 3414 3415 3416
4 3 3417 3418 3419
4 2 3420 3421
1 1 3422
19 2 3423 3424
6 3 3425 3426 3427
20 3 3428 3429 3430
4 1 3431
5 2 3432 3433
4 2 3434 3435
2 3 3436 3437 3438
10 3 3439 3440 3441
8 1 3442
14 3 3443 3444 3445
12 1 3446
3 1 3447
18 2 3448 3449
4 3 3450 3451 3452
16 1 3453
19 3 3454 3455 3456
6 2 3457 3458
16 3 3459 3460 3461
5 3 3462 3463 3464
18 1 3465
12 2 3466 3467
6 1 3468
17 2 3469 3470
17 1 3471
15 1 3472
2 3 3473 3474 3475
4 3 3476 3477 3478
4 2 3479 3480
8 3 3481 3482 3483
19 1 3484
7 2 3485 3486
4 3 3487 3488 3489
14 3 3490 3491 3492
8 1 3493
11 3 3494 3495 3496
12 2 3497 3498
6 3 3499 3500 3501
19 3 3502 3503 3504
19 2 3505 3506
15 1 3507
13 1 3508
4 3 3509 3510 3511
20 2 3512 3513
16 2 3514 3515
13 3 3516 3517 3518
13 2 3519 3520
3 2 3521 3522
14 2 3523 3524
15 3 3525 3526 3527
2 3 3528 3529 3530
18 3 3531 3532 3533
11 2 3534 3535
6 1 3536
17 1 3537
17 3 3538 3539 3540
18 3 3541 3542 3543
15 3 3544 3545 3546
4 1 3547
16 3 3548 3549 3550
3 1 3551
2 2 3552 3553
1 2 3554 3555
16 2 3556 3557
1 3 3558 3559 3560
9 3 3561 3562 3563
5 2 3564 3565
12 2 3566 3567
7 3 3568 3569 3570
20 2 3571 3572
9 3 3573 3574 3575
6 2 3576 3577
12 3 3578 3579 3580
2 2 3581 3582
3 1 3583
19 3 3584 3585 3586
1 1 3587
18 1 3588
4 1 3589
2 3 3590 3591 3592
14 3 3593 3594 3595
19 1 3596
20 1 3597
7 3 3598 3599 3600
19 3 3601 3602 3603
18 1 3604
7 1 3605
2 3 3606 3607 3608
8 2 3609 3610
5 2 3611 3612
9 3 3613 3614 3615
2 1 3616
11 1 3617
8 1 3618
20 1 3619
18 2 3620 3621
8 1 3622
3 2 3623 3624
4 1 3625
18 3 3626 3627 3628
10 1 3629
19 2 3630 3631
1 1 3632
3 1 3633
18 1 3634
17 2 3635 3636
1 3 3637 3638 3639
20 3 3640 3641 3642
8 1 3643
17 3 3644 3645 3646
6 3 3647 3648 3649
5 1 3650
16 3 3651 3652 3653
6 3 3654 3655 3656
15 2 3657 3658
13 1 3659
10 3 3660 3661 3662
3 1 3663
17 2 3664 3665
20 2 3666 3667
15 1 3668
5 2 3669 3670
7 1 3671
13 3 3672 3673 3674
15 1 3675
4 2 3676 3677
7 1 3678
1 2 3679 3680
7 1 3681
8 3 3682 3683 3684
9 2 3685 3686
19 1 3687
2 1 3688
4 2 3689 3690
8 3 3691 3692 3693
6 3 3694 3695 3696
4 3 3697 3698 3699
9 3 3700 3701 3702
10 1 3703
19 1 3704
14 2 3705 3706
20 2 3707 3708
3 3 3709 3710 3711
19 2 3712 3713
6 2 3714 3715
2 1 3716
2 1 3717
16 1 3718
13 3 3719 3720 3721
11 1 3722
4 2 3723 3724
15 2 3725 3726
1 3 3727 3728 3729
18 3 3730 3731 3732
7 2 3733 3734
2 1 3735
1 1 3736
16 1 3737
11 3 3738 3739 3740
16 2 3741 3742
19 1 3743
17 1 3744
5 3 3745 3746 3747
5 2 3748 3749
8 3 3750 3751 3752
10 1 3753
12 2 3754 3755
17 1 3756
7 1 3757
12 3 3758 3759 3760
7 1 3761
2 1 3762
11 1 3763
3 1 3764
16 2 3765 3766
20 3 3767 3768 3769
2 3 3770 3771 3772
8 3 3773 3774 3775
18 2 3776 3777
19 1 3778
9 3 3779 3780 3781
7 3 3782 3783 3784
4 2 3785 3786
14 3 3787 3788 3789
17 2 3790 3791
6 2 3792 3793
17 3 3794 3795 3796
16 3 3797 3798 3799
8 1 3800
9 3 3801 3802 3803
11 1 3804
14 3 3805 3806 3807
3 3 3808 3809 3810
10 3 3811 3812 3813
18 3 3814 3815 3816
17 3 3817 3818 3819
14 3 3820 3821 3822
4 2 3823 3824
12 2 3825 3826
20 1 3827
4 2 3828 3829
6 3 3830 3831 3832
8 2 3833 3834
12 2 3835 3836
7 1 3837
17 3 3838 3839 3840
9 1 3841
20 1 3842
9 2 3843 3844
6 1 3845
10 1 3846
4 2 3847 3848
4 2 3849 3850
6 2 3851 3852
6 1 3853
15 3 3854 3855 3856
12 2 3857 3858
17 2 3859 3860
9 3 3861 3862 3863
19 1 3864
9 2 3865 3866
8 3 3867 3868 3869
11 3 3870 3871 3872
8 2 3873 3874
13 2 3875 3876
11 2 3877 3878
11 2 3879 3880
3 2 3881 3882
10 2 3883 3884
18 2 3885 3886
11 1 3887
16 3 3888 3889 3890
9 3 3891 3892 3893
20 2 3894 3895
18 2 3896 3897
11 3 3898 3899 3900
4 3 3901 3902 3903
10 2 3904 3905
4 2 3906 3907
7 2 3908 3909
3 1 3910
6 3 3911 3912 3913
1 3 3914 3915 3916
14 3 3917 3918 3919
6 3 3920 3921 3922
12 1 3923
15 2 3924 3925
17 1 3926
5 2 3927 3928
10 3 3929 3930 3931
3 1 3932
3 3 3933 3934 3935
16 2 3936 3937
5 2 3938 3939
20 1 3940
19 2 3941 3942
14 3 3943 3944 3945
18 1 3946
2 1 3947
11 3 3948 3949 3950
4 1 3951
11 1 3952
5 3 3953 3954 3955
2 3 3956 3957 3958
11 1 3959
13 3 3960 3961 3962
2 1 3963
2 1 3964
19 3 3965 3966 3967
1 3 3968 3969 3970
8 3 3971 3972 3973
9 2 3974 3975
20 2 3976 3977
3 3 3978 3979 3980
12 2 3981 3982
10 2 3983 3984
19 2 3985 3986
11 2 3987 3988
20 1 3989
18 1 3990
2 1 3991
20 2 3992 3993
17 3 3994 3995 3996
1 1 3997
18 2 3998 3999
15 1 4000
4 2 4001 4002
14 1 4003
14 2 4004 4005
10 2 4006 4007
7 1 4008
19 3 4009 4010 4011
18 2 4012 4013
1 1 4014
17 3 4015 4016 4017
9 2 4018 4019
1 1 4020
5 2 4021 4022
1 3 4023 4024 4025
4 2 4026 4027
14 1 4028
16 2 4029 4030
5 3 4031 4032 4033
3 2 4034 4035
5 2 4036 4037
13 2 4038 4039
4 3 4040 4041 4042
13 3 4043 4044 4045
20 3 4046 4047 4048
15 2 4049 4050
18 1 4051
2 2 4052 4053
17 3 4054 4055 4056
4 3 4057 4058 4059
14 2 4060 4061
16 2 4062 4063
15 2 4064 4065
20 1 4066
1 2 4067 4068
10 2 4069 4070
9 3 4071 4072 4073
20 1 4074
7 3 4075 4076 4077
15 1 4078
3 2 4079 4080
8 1 4081
12 2 4082 4083
18 2 4084 4085
5 1 4086
12 2 4087 4088
11 1 4089
9 3 4090 4091 4092
1 2 4093 4094
4 1 4095
17 1 4096
14 2 4097 4098
20 3 4099 4100 4101
10 3 4102 4103 4104
8 1 4105
1 2 4106 4107
4 1 4108
9 1 4109
15 2 4110 4111
9 1 4112
5 1 4113
18 3 4114 4115 4116
7 3 4117 4118 4119
11 2 4120 4121
3 1 4122
11 1 4123
20 2 4124 4125
4 3 4126 4127 4128
9 2 4129 4130
8 1 4131
7 1 4132
9 1 4133
16 1 4134
20 2 4135 4136
1 2 4137 4138
9 3 4139 4140 4141
19 3 4142 4143 4144
16 2 4145 4146
12 2 4147 4148
1 3 4149 4150 4151
12 1 4152
3 3 4153 4154 4155
11 2 4156 4157
16 2 4158 4159
4 2 4160 4161
20 2 4162 4163
17 3 4164 4165 4166
16 3 4167 4168 4169
13 2 4170 4171
14 2 4172 4173
20 3 4174 4175 4176
17 1 4177
15 1 4178
14 1 4179
12 2 4180 4181
7 3 4182 4183 4184
15 2 4185 4186
4 3 4187 4188 4189
6 1 4190
12 2 4191 4192
2 3 4193 4194 4195
15 3 4196 4197 4198
6 2 4199 4200
8 2 4201 4202
2 3 4203 4204 4205
16 1 4206
16 3 4207 4208 4209
4 1 4210
15 1 4211
14 3 4212 4213 4214
6 1 4215
17 2 4216 4217
10 1 4218
6 2 4219 4220
17 3 4221 4222 4223
11 2 4224 4225
12 2 4226 4227
9 3 4228 4229 4230
10 3 4231 4232 4233
12 1 4234
15 3 4235 4236 4237
5 3 4238 4239 4240
17 3 4241 4242 4243
12 1 4244
16 2 4245 4246
20 3 4247 4248 4249
15 2 4250 4251
11 1 4252
13 3 4253 4254 4255
18 1 4256
2 3 4257 4258 4259
20 2 4260 4261
13 3 4262 4263 4264
5 1 4265
1 1 4266
4 1 4267
15 3 4268 4269 4270
5 2 4271 4272
6 1 4273
11 2 4274 4275
7 2 4276 4277
3 1 4278
3 2 4279 4280
18 3 4281 4282 4283
14 3 4284 4285 4286
11 3 4287 4288 4289
19 1 4290
9 2 4291 4292
3 3 4293 4294 4295
3 3 4296 4297 4298
2 1 4299
9 2 4300 4301
4 1 4302
9 2 4303 4304
9 1 4305
13 2 4306 4307
13 1 4308
2 3 4309 4310 4311
3 1 4312
7 1 4313
14 1 4314
15 3 4315 4316 4317
12 1 4318
16 1 4319
8 1 4320
3 2 4321 4322
14 2 4323 4324
9 3 4325 4326 4327
5 3 4328 4329 4330
20 2 4331 4332
8 2 4333 4334
16 3 4335 4336 4337
9 2 4338 4339
8 3 4340 4341 4342
14 1 4343
20 1 4344
15 2 4345 4346
11 3 4347 4348 4349
6 3 4350 4351 4352
1 2 4353 4354
6 2 4355 4356
20 2 4357 4358
10 3 4359 4360 4361
13 1 4362
10 3 4363 4364 4365
13 2 4366 4367
11 1 4368
18 1 4369
9 3 4370 4371 4372
14 1 4373
13 3 4374 4375 4376
5 1 4377
20 1 4378
6 3 4379 4380 4381
4 3 4382 4383 4384
16 3 4385 4386 4387
9 1 4388
13 1 4389
7 1 4390
20 2 4391 4392
13 2 4393 4394
8 2 4395 4396
2 1 4397
3 1 4398
19 2 4399 4400
6 1 4401
9 1 4402
16 3 4403 4404 4405
5 1 4406
20 1 4407
17 2 4408 4409
3 2 4410 4411
4 1 4412
7 1 4413
4 1 4414
10 1 4415
20 2 4416 4417
9 3 4418 4419 4420
6 2 4421 4422
1 2 4423 4424
3 2 4425 4426
8 1 4427
11 2 4428 4429
11 3 4430 4431 4432
16 1 4433
19 1 4434
8 1 4435
10 2 4436 4437
4 3 4438 4439 4440
17 1 4441
15 1 4442
11 1 4443
4 3 4444 4445 4446
18 3 4447 4448 4449
5 2 4450 4451
13 2 4452 4453
3 2 4454 4455
11 1 4456
2 2 4457 4458
20 3 4459 4460 4461
8 1 4462
9 1 4463
17 1 4464
19 3 4465 4466 4467
14 3 4468 4469 4470
13 3 4471 4472 4473
2 1 4474
12 3 4475 4476 4477
20 2 4478 4479
17 2 4480 4481
19 3 4482 4483 4484
8 1 4485
7 1 4486
18 2 4487 4488
5 1 4489
17 3 4490 4491 4492
7 3 4493 4494 4495
15 2 4496 4497
10 2 4498 4499
19 2 4500 4501
5 3 4502 4503 4504
13 3 4505 4506 4507
12 1 4508
10 3 4509 4510 4511
6 1 4512
6 1 4513
7 2 4514 4515
13 3 4516 4517 4518
15 1 4519
16 3 4520 4521 4522
4 3 4523 4524 4525
8 2 4526 4527
7 3 4528 4529 4530
6 2 4531 4532
17 2 4533 4534
17 3 4535 4536 4537
19 1 4538
1 1 4539
19 3 4540 4541 4542
4 1 4543
2 2 4544 4545
6 1 4546
12 3 4547 4548 4549
15 2 4550 4551
4 1 4552
3 2 4553 4554
6 1 4555
16 3 4556 4557 4558
16 2 4559 4560
10 3 4561 4562 4563
1 3 4564 4565 4566
17 3 4567 4568 4569
12 1 4570
8 1 4571
10 2 4572 4573
16 3 4574 4575 4576
6 2 4577 4578
9 3 4579 4580 4581
20 2 4582 4583
8 3 4584 4585 4586
11 2 4587 4588
18 2 4589 4590
10 3 4591 4592 4593
5 2 4594 4595
2 1 4596
20 2 4597 4598
16 1 4599
10 2 4600 4601
4 2 4602 4603
20 3 4604 4605 4606
2 1 4607
10 1 4608
2 3 4609 4610 4611
1 2 4612 4613
17 3 4614 4615 4616
1 1 4617
13 1 4618
14 3 4619 4620 4621
9 3 4622 4623 4624
18 3 4625 4626 4627
3 1 4628
7 1 4629
16 1 4630
16 1 4631
17 1 4632
19 2 4633 4634
3 2 4635 4636
7 3 4637 4638 4639
14 3 4640 4641 4642
11 3 4643 4644 4645
1 2 4646 4647
2 1 4648
11 1 4649
9 1 4650
3 3 4651 4652 4653
5 1 4654
17 2 4655 4656
12 3 4657 4658 4659
6 2 4660 4661
15 2 4662 4663
17 2 4664 4665
7 2 4666 4667
4 3 4668 4669 4670
4 1 4671
11 1 4672
14 3 4673 4674 4675
20 1 4676
19 2 4677 4678
16 3 4679 4680 4681
13 3 4682 4683 4684
8 1 4685
10 1 4686
3 1 4687
1 1 4688
6 1 4689
13 2 4690 4691
16 2 4692 4693
16 1 4694
1 1 4695
16 3 4696 4697 4698
9 3 4699 4700 4701
7 2 4702 4703
7 1 4704
1 3 4705 4706 4707
2 3 4708 4709 4710
5 2 4711 4712
3 1 4713
14 3 4714 4715 4716
2 2 4717 4718
6 1 4719
11 1 4720
14 1 4721
8 2 4722 4723
18 2 4724 4725
19 2 4726 4727
10 2 4728 4729
4 3 4730 4731 4732
11 3 4733 4734 4735
19 2 4736 4737
4 3 4738 4739 4740
3 1 4741
8 3 4742 4743 4744
18 2 4745 4746
1 1 4747
10 2 4748 4749
20 1 4750
18 2 4751 4752
9 1 4753
7 1 4754
14 1 4755
20 3 4756 4757 4758
3 1 4759
10 1 4760
20 2 4761 4762
4 1 4763
17 2 4764 4765
11 1 4766
3 1 4767
14 3 4768 4769 4770
20 2 4771 4772
7 3 4773 4774 4775
6 2 4776 4777
14 2 4778 4779
10 1 4780
1 2 4781 4782
8 2 4783 4784
5 1 4785
3 2 4786 4787
13 1 4788
3 1 4789
19 2 4790 4791
18 1 4792
11 2 4793 4794
16 3 4795 4796 4797
16 3 4798 4799 4800
3 3 4801 4802 4803
15 3 4804 4805 4806
19 2 4807 4808
17 3 4809 4810 4811
15 3 4812 4813 4814
7 2 4815 4816
13 2 4817 4818
19 1 4819
15 3 4820 4821 4822
5 3 4823 4824 4825
11 3 4826 4827 4828
10 1 4829
7 2 4830 4831
8 1 4832
15 2 4833 4834
9 3 4835 4836 4837
17 1 4838
9 1 4839
1 2 4840 4841
13 1 4842
17 2 4843 4844
11 1 4845
11 1 4846
2 1 4847
3 3 4848 4849 4850
18 2 4851 4852
5 2 4853 4854
5 2 4855 4856
5 1 4857
6 3 4858 4859 4860
2 2 4861 4862
12 3 4863 4864 4865
9 1 4866
8 1 4867
12 2 4868 4869
14 3 4870 4871 4872
13 2 4873 4874
19 1 4875
1 1 4876
19 2 4877 4878
4 3 4879 4880 4881
8 2 4882 4883
5 1 4884
10 2 4885 4886
10 1 4887
15 1 4888
17 1 4889
6 1 4890
8 1 4891
4 1 4892
17 3 4893 4894 4895
12 2 4896 4897
8 2 4898 4899
3 3 4900 4901 4902
5 2 4903 4904
6 1 4905
3 2 4906 4907
5 2 4908 4909
6 3 4910 4911 4912
20 1 4913
16 2 4914 4915
16 2 4916 4917
7 1 4918
6 2 4919 4920
9 1 4921
17 1 4922
1 3 4923 4924 4925
9 3 4926 4927 4928
17 3 4929 4930 4931
20 2 4932 4933
14 3 4934 4935 4936
10 3 4937 4938 4939
13 1 4940
11 1 4941
3 2 4942 4943
11 2 4944 4945
9 2 4946 4947
1 3 4948 4949 4950
15 2 4951 4952
4 2 4953 4954
7 2 4955 4956
12 3 4957 4958 4959
3 2 4960 4961
6 1 4962
19 2 4963 4964
9 1 4965
5 1 4966
17 1 4967
17 1 4968
8 1 4969
6 3 4970 4971 4972
3 2 4973 4974
2 1 4975
20 2 4976 4977
9 2 4978 4979
5 2 4980 4981
17 3 4982 4983 4984
14 1 4985
1 2 4986 4987
15 2 4988 4989
17 3 4990 4991 4992
5 2 4993 4994
4 2 4995 4996
19 3 4997 4998 4999
8 2 5000 5001
4 1 5002
1 3 5003 5004 5005
4 2 5006 5007
17 1 5008
19 2 5009 5010
5 2 5011 5012
8 1 5013
10 3 5014 5015 5016
3 3 5017 5018 5019
12 1 5020
5 1 5021
19 1 5022
8 1 5023
18 3 5024 5025 5026
3 1 5027
18 3 5028 5029 5030
2 3 5031 5032 5033
6 2 5034 5035
13 2 5036 5037
10 1 5038
6 1 5039
5 1 5040
10 1 5041
6 3 5042 5043 5044
11 1 5045
6 3 5046 5047 5048
2 2 5049 5050
16 3 5051 5052 5053
2 1 5054
14 2 5055 5056
13 1 5057
7 1 5058
19 1 5059
15 1 5060
1 1 5061
5 1 5062
8 1 5063
5 2 5064 5065
6 3 5066 5067 5068
9 1 5069
9 1 5070
2 2 5071 5072
7 1 5073
6 3 5074 5075 5076
12 1 5077
17 3 5078 5079 5080
19 2 5081 5082
6 2 5083 5084
11 1 5085
1 3 5086 5087 5088
13 1 5089
19 2 5090 5091
7 2 5092 5093
7 2 5094 5095
4 2 5096 5097
17 1 5098
10 1 5099
17 3 5100 5101 5102
10 3 5103 5104 5105
4 2 5106 5107
8 1 5108
4 2 5109 5110
18 1 5111
18 3 5112 5113 5114
3 3 5115 5116 5117
18 2 5118 5119
1 2 5120 5121
3 3 5122 5123 5124
15 1 5125
14 1 5126
3 2 5127 5128
12 3 5129 5130 5131
13 2 5132 5133
18 3 5134 5135 5136
18 2 5137 5138
19 3 5139 5140 5141
4 2 5142 5143
20 3 5144 5145 5146
3 3 5147 5148 5149
3 2 5150 5151
6 1 5152
13 1 5153
3 2 5154 5155
19 3 5156 5157 5158
15 3 5159 5160 5161
5 3 5162 5163 5164
5 3 5165 5166 5167
10 2 5168 5169
12 3 5170 5171 5172
20 3 5173 5174 5175
9 3 5176 5177 5178
12 2 5179 5180
19 1 5181
18 1 5182
10 1 5183
19 3 5184 5185 5186
12 2 5187 5188
6 2 5189 5190
1 1 5191
12 1 5192
7 1 5193
20 2 5194 5195
9 1 5196
2 1 5197
2 1 5198
8 3 5199 5200 5201
5 1 5202
14 1 5203
7 3 5204 5205 5206
8 2 5207 5208
3 2 5209 5210
10 1 5211
5 1 5212
4 1 5213
15 1 5214
8 3 5215 5216 5217
9 1 5218
20 1 5219
7 1 5220
5 1 5221
4 1 5222
9 3 5223 5224 5225
9 1 5226
10 1 5227
5 3 5228 5229 5230
17 3 5231 5232 5233
7 2 5234 5235
17 1 5236
8 2 5237 5238
17 1 5239
10 2 5240 5241
16 3 5242 5243 5244
7 2 5245 5246
13 3 5247 5248 5249
10 2 5250 5251
7 3 5252 5253 5254
8 1 5255
10 1 5256
18 1 5257
10 2 5258 5259
6 3 5260 5261 5262
6 3 5263 5264 5265
9 3 5266 5267 5268
19 3 5269 5270 5271
5 3 5272 5273 5274
11 2 5275 5276
6 1 5277
4 2 5278 5279
2 2 5280 5281
11 2 5282 5283
8 2 5284 5285
18 1 5286
9 3 5287 5288 5289
16 2 5290 5291
6 2 5292 5293
2 2 5294 5295
5 2 5296 5297
15 1 5298
5 1 5299
9 3 5300 5301 5302
2 3 5303 5304 5305
3 2 5306 5307
6 1 5308
4 3 5309 5310 5311
5 2 5312 5313
9 2 5314 5315
11 2 5316 5317
3 1 5318
1 2 5319 5320
19 2 5321 5322
3 2 5323 5324
9 3 5325 5326 5327
10 3 5328 5329 5330
15 2 5331 5332
7 1 5333
2 1 5334
5 2 5335 5336
17 2 5337 5338
11 1 5339
10 3 5340 5341 5342
2 2 5343 5344
11 1 5345
20 1 5346
15 1 5347
11 3 5348 5349 5350
16 3 5351 5352 5353
8 1 5354
8 1 5355
19 3 5356 5357 5358
10 2 5359 5360
5 1 5361
8 2 5362 5363
17 3 5364 5365 5366
19 1 5367
7 3 5368 5369 5370
4 2 5371 5372
17 2 5373 5374
20 2 5375 5376
3 1 5377
19 1 5378
1 3 5379 5380 5381
13 2 5382 5383
19 2 5384 5385
19 3 5386 5387 5388
18 1 5389
13 1 5390
9 3 5391 5392 5393
10 3 5394 5395 5396
7 3 5397 5398 5399
14 1 5400
20 1 5401
12 3 5402 5403 5404
19 3 5405 5406 5407
17 3 5408 5409 5410
6 3 5411 5412 5413
12 1 5414
12 2 5415 5416
1 2 5417 5418
14 2 5419 5420
12 2 5421 5422
2 3 5423 5424 5425
13 1 5426
2 1 5427
18 1 5428
14 3 5429 5430 5431
13 3 5432 5433 5434
10 2 5435 5436
11 1 5437
14 1 5438
11 1 5439
16 2 5440 5441
3 3 5442 5443 5444
6 3 5445 5446 5447
5 3 5448 5449 5450
12 2 5451 5452
17 2 5453 5454
6 2 5455 5456
4 2 5457 5458
4 3 5459 5460 5461
7 2 5462 5463
5 3 5464 5465 5466
2 3 5467 5468 5469
18 2 5470 5471
19 1 5472
10 2 5473 5474
8 3 5475 5476 5477
18 3 5478 5479 5480
14 3 5481 5482 5483
7 3 5484 5485 5486
16 2 5487 5488
6 1 5489
8 1 5490
10 3 5491 5492 5493
11 2 5494 5495
10 3 5496 5497 5498
19 3 5499 5500 5501
2 3 5502 5503 5504
6 1 5505
1 1 5506
3 3 5507 5508 5509
8 2 5510 5511
14 2 5512 5513
5 2 5514 5515
5 2 5516 5517
13 1 5518
12 3 5519 5520 5521
9 3 5522 5523 5524
20 2 5525 5526
4 1 5527
3 2 5528 5529
13 2 5530 5531
4 1 5532
17 1 5533
14 3 5534 5535 5536
2 3 5537 5538 5539
6 3 5540 5541 5542
7 2 5543 5544
2 3 5545 5546 5547
18 2 5548 5549
20 2 5550 5551
17 3 5552 5553 5554
10 3 5555 5556 5557
13 2 5558 5559
1 2 5560 5561
14 1 5562
2 2 5563 5564
13 2 5565 5566
6 3 5567 5568 5569
5 1 5570
8 3 5571 5572 5573
11 3 5574 5575 5576
17 3 5577 5578 5579
3 1 5580
16 2 5581 5582
5 2 5583 5584
3 1 5585
13 1 5586
1 3 5587 5588 5589
6 1 5590
7 2 5591 5592
19 2 5593 5594
14 1 5595
7 1 5596
6 2 5597 5598
5 2 5599 5600
14 1 5601
7 2 5602 5603
2 3 5604 5605 5606
2 3 5607 5608 5609
19 3 5610 5611 5612
2 2 5613 5614
14 1 5615
20 2 5616 5617
14 1 5618
12 3 5619 5620 5621
16 2 5622 5623
11 3 5624 5625 5626
11 2 5627 5628
9 3 5629 5630 5631
10 3 5632 5633 5634
5 3 5635 5636 5637
7 3 5638 5639 5640
13 2 5641 5642
17 1 5643
3 1 5644
17 2 5645 5646
5 2 5647 5648
16 1 5649
7 2 5650 5651
10 1 5652
13 2 5653 5654
19 1 5655
20 1 5656
12 2 5657 5658
19 2 5659 5660
20 2 5661 5662
1 2 5663 5664
14 1 5665
9 2 5666 5667
5 1 5668
11 1 5669
16 2 5670 5671
14 3 5672 5673 5674
2 2 5675 5676
16 2 5677 5678
2 2 5679 5680
20 3 5681 5682 5683
8 3 5684 5685 5686
11 3 5687 5688 5689
13 3 5690 5691 5692
11 2 5693 5694
19 3 5695 5696 5697
8 3 5698 5699 5700
6 3 5701 5702 5703
4 2 5704 5705
11 2 5706 5707
11 1 5708
20 1 5709
7 3 5710 5711 5712
5 1 5713
8 1 5714
2 2 5715 5716
7 1 5717
20 2 5718 5719
15 1 5720
6 1 5721
14 2 5722 5723
9 1 5724
5 1 5725
8 1 5726
17 1 5727
15 2 5728 5729
16 2 5730 5731
20 2 5732 5733
5 3 5734 5735 5736
12 3 5737 5738 5739
13 2 5740 5741
12 2 5742 5743
5 3 5744 5745 5746
7 1 5747
18 2 5748 5749
10 2 5750 5751
20 3 5752 5753 5754
14 1 5755
6 2 5756 5757
17 3 5758 5759 5760
6 2 5761 5762
6 1 5763
1 3 5764 5765 5766
7 1 5767
7 3 5768 5769 5770
5 3 5771 5772 5773
8 3 5774 5775 5776
1 3 5777 5778 5779
12 3 5780 5781 5782
19 2 5783 5784
4 2 5785 5786
12 1 5787
8 1 5788
11 3 5789 5790 5791
6 1 5792
11 2 5793 5794
17 1 5795
7 1 5796
1 1 5797
2 1 5798
14 3 5799 5800 5801
19 3 5802 5803 5804
9 3 5805 5806 5807
17 2 5808 5809
5 3 5810 5811 5812
16 2 5813 5814
16 1 5815
19 1 5816
9 2 5817 5818
9 1 5819
7 2 5820 5821
16 3 5822 5823 5824
17 3 5825 5826 5827
15 3 5828 5829 5830
1 3 5831 5832 5833
13 1 5834
7 3 5835 5836 5837
17 1 5838
3 2 5839 5840
15 1 5841
5 2 5842 5843
1 2 5844 5845
2 2 5846 5847
9 2 5848 5849
3 1 5850
1 2 5851 5852
20 2 5853 5854
1 2 5855 5856
16 1 5857
17 2 5858 5859
5 3 5860 5861 5862
10 2 5863 5864
5 3 5865 5866 5867
5 3 5868 5869 5870
2 2 5871 5872
7 1 5873
14 1 5874
5 2 5875 5876
19 2 5877 5878
4 1 5879
14 3 5880 5881 5882
2 2 5883 5884
8 3 5885 5886 5887
19 3 5888 5889 5890
13 3 5891 5892 5893
4 2 5894 5895
15 3 5896 5897 5898
16 1 5899
14 1 5900
11 3 5901 5902 5903
10 2 5904 5905
20 1 5906
15 1 5907
8 1 5908
10 1 5909
20 2 5910 5911
14 2 5912 5913
12 1 5914
7 1 5915
7 3 5916 5917 5918
15 3 5919 5920 5921
16 3 5922 5923 5924
2 1 5925
15 3 5926 5927 5928
1 1 5929
10 3 5930 5931 5932
8 1 5933
15 2 5934 5935
1 1 5936
4 1 5937
14 2 5938 5939
3 2 5940 5941
18 2 5942 5943
11 2 5944 5945
2 3 5946 5947 5948
14 1 5949
7 2 5950 5951
17 3 5952 5953 5954
13 3 5955 5956 5957
3 2 5958 5959
13 1 5960
12 3 5961 5962 5963
4 3 5964 5965 5966
6 3 5967 5968 5969
10 3 5970 5971 5972
4 1 5973
17 1 5974
8 1 5975
17 2 5976 5977
16 3 5978 5979 5980
6 1 5981
9 2 5982 5983
6 1 5984
1 3 5985 5986 5987
13 3 5988 5989 5990
11 2 5991 5992
1 2 5993 5994
9 2 5995 5996
10 2 5997 5998
7 1 5999
16 2 6000 6001
3 1 6002
10 3 6003 6004 6005
4 2 6006 6007
6 3 6008 6009 6010
1 2 6011 6012
19 2 6013 6014
8 2 6015 6016
8 2 6017 6018
12 3 6019 6020 6021
1 2 6022 6023
18 3 6024 6025 6026
11 3 6027 6028 6029
15 3 6030 6031 6032
14 1 6033
16 2 6034 6035
1 1 6036
2 1 6037
17 3 6038 6039 6040
6 3 6041 6042 6043
20 1 6044
10 2 6045 6046
5 1 6047
8 1 6048
20 2 6049 6050
1 3 6051 6052 6053
9 2 6054 6055
4 2 6056 6057
4 2 6058 6059
11 3 6060 6061 6062
2 2 6063 6064
13 2 6065 6066
18 1 6067
8 3 6068 6069 6070
12 2 6071 6072
19 3 6073 6074 6075
6 2 6076 6077
17 3 6078 6079 6080
3 1 6081
18 3 6082 6083 6084
3 3 6085 6086 6087
2 2 6088 6089
4 2 6090 6091
7 1 6092
6 3 6093 6094 6095
11 2 6096 6097
12 3 6098 6099 6100
11 2 6101 6102
7 2 6103 6104
9 2 6105 6106
7 1 6107
18 1 6108
14 1 6109
3 2 6110 6111
2 3 6112 6113 6114
12 3 6115 6116 6117
2 3 6118 6119 6120
5 2 6121 6122
12 3 6123 6124 6125
11 3 6126 6127 6128
14 2 6129 6130
13 2 6131 6132
19 1 6133
4 2 6134 6135
17 1 6136
11 3 6137 6138 6139
13 1 6140
4 3 6141 6142 6143
17 1 6144
11 1 6145
11 3 6146 6147 6148
18 1 6149
11 1 6150
15 1 6151
7 2 6152 6153
10 2 6154 6155
13 2 6156 6157
8 1 6158
7 3 6159 6160 6161
20 1 6162
9 2 6163 6164
4 2 6165 6166
17 3 6167 6168 6169
13 1 6170
10 2 6171 6172
5 1 6173
4 3 6174 6175 6176
18 3 6177 6178 6179
15 2 6180 6181
10 3 6182 6183 6184
7 2 6185 6186
11 2 6187 6188
17 1 6189
13 3 6190 6191 6192
5 1 6193
9 2 6194 6195
13 3 6196 6197 6198
11 3 6199 6200 6201
12 3 6202 6203 6204
5 3 6205 6206 6207
12 1 6208
17 1 6209
20 2 6210 6211
11 2 6212 6213
4 1 6214
6 2 6215 6216
16 1 6217
17 2 6218 6219
5 2 6220 6221
10 1 6222
8 1 6223
16 1 6224
10 3 6225 6226 6227
10 2 6228 6229
18 3 6230 6231 6232
18 1 6233
3 3 6234 6235 6236
3 1 6237
11 2 6238 6239
2 3 6240 6241 6242
1 1 6243
18 1 6244
18 2 6245 6246
9 1 6247
5 2 6248 6249
12 2 6250 6251
10 1 6252
4 3 6253 6254 6255
15 2 6256 6257
14 2 6258 6259
11 2 6260 6261
20 3 6262 6263 6264
3 3 6265 6266 6267
1 3 6268 6269 6270
6 2 6271 6272
19 3 6273 6274 6275
12 2 6276 6277
4 3 6278 6279 6280
17 1 6281
19 1 6282
13 3 6283 6284 6285
20 3 6286 6287 6288
4 3 6289 6290 6291
4 2 6292 6293
9 1 6294
1 3 6295 6296 6297
18 2 6298 6299
17 3 6300 6301 6302
9 2 6303 6304
4 1 6305
6 1 6306
18 3 6307 6308 6309
18 2 6310 6311
17 2 6312 6313
14 3 6314 6315 6316
1 2 6317 6318
15 1 6319
8 3 6320 6321 6322
1 3 6323 6324 6325
4 2 6326 6327
12 1 6328
12 2 6329 6330
3 1 6331
16 2 6332 6333
8 3 6334 6335 6336
2 2 6337 6338
9 3 6339 6340 6341
7 1 6342
14 3 6343 6344 6345
16 2 6346 6347
12 2 6348 6349
19 3 6350 6351 6352
9 1 6353
6 1 6354
5 1 6355
11 3 6356 6357 6358
17 3 6359 6360 6361
15 1 6362
16 3 6363 6364 6365
7 2 6366 6367
20 2 6368 6369
11 1 6370
15 2 6371 6372
7 3 6373 6374 6375
2 3 6376 6377 6378
2 1 6379
20 3 6380 6381 6382
12 1 6383
5 2 6384 6385
16 2 6386 6387
19 2 6388 6389
2 2 6390 6391
19 1 6392
8 3 6393 6394 6395
12 1 6396
1 3 6397 6398 6399
9 1 6400
1 3 6401 6402 6403
7 2 6404 6405
2 3 6406 6407 6408
16 3 6409 6410 6411
4 3 6412 6413 6414
16 3 6415 6416 6417
16 1 6418
4 1 6419
12 1 6420
19 2 6421 6422
6 3 6423 6424 6425
5 3 6426 6427 6428
13 1 6429
14 2 6430 6431
2 1 6432
10 2 6433 6434
5 1 6435
7 2 6436 6437
3 1 6438
1 1 6439
7 3 6440 6441 6442
6 3 6443 6444 6445
1 2 6446 6447
11 2 6448 6449
7 3 6450 6451 6452
17 3 6453 6454 6455
3 1 6456
5 1 6457
16 2 6458 6459
18 3 6460 6461 6462
8 1 6463
12 2 6464 6465
8 1 6466
20 1 6467
1 1 6468
8 2 6469 6470
9 3 6471 6472 6473
20 2 6474 6475
8 2 6476 6477
19 2 6478 6479
3 3 6480 6481 6482
3 2 6483 6484
17 2 6485 6486
2 2 6487 6488
20 2 6489 6490
7 1 6491
2 3 6492 6493 6494
12 1 6495
7 1 6496
13 3 6497 6498 6499
8 1 6500
11 2 6501 6502
10 3 6503 6504 6505
12 1 6506
20 2 6507 6508
12 1 6509
7 3 6510 6511 6512
16 1 6513
19 1 6514
4 2 6515 6516
5 3 6517 6518 6519
16 1 6520
8 3 6521 6522 6523
19 3 6524 6525 6526
19 2 6527 6528
8 2 6529 6530
14 2 6531 6532
2 3 6533 6534 6535
5 2 6536 6537
1 2 6538 6539
19 3 6540 6541 6542
13 2 6543 6544
9 2 6545 6546
17 2 6547 6548
12 1 6549
9 1 6550
8 1 6551
16 3 6552 6553 6554
10 3 6555 6556 6557
13 3 6558 6559 6560
20 2 6561 6562
9 2 6563 6564
8 1 6565
9 2 6566 6567
5 1 6568
16 3 6569 6570 6571
11 3 6572 6573 6574
18 2 6575 6576
6 2 6577 6578
14 2 6579 6580
20 3 6581 6582 6583
15 2 6584 6585
12 1 6586
3 3 6587 6588 6589
6 2 6590 6591
5 3 6592 6593 6594
1 2 6595 6596
18 3 6597 6598 6599
10 2 6600 6601
19 2 6602 6603
13 1 6604
10 3 6605 6606 6607
2 3 6608 6609 6610
3 1 6611
11 3 6612 6613 6614
7 1 6615
20 1 6616
15 1 6617
15 3 6618 6619 6620
3 1 6621
6 2 6622 6623
18 2 6624 6625
13 2 6626 6627
19 2 6628 6629
9 3 6630 6631 6632
18 3 6633 6634 6635
12 2 6636 6637
18 2 6638 6639
15 1 6640
18 1 6641
11 1 6642
7 2 6643 6644
1 1 6645
6 2 6646 6647
16 2 6648 6649
13 1 6650
6 2 6651 6652
14 1 6653
19 1 6654
5 1 6655
12 3 6656 6657 6658
6 3 6659 6660 6661
12 3 6662 6663 6664
6 1 6665
6 1 6666
11 1 6667
12 3 6668 6669 6670
17 1 6671
3 3 6672 6673 6674
3 1 6675
6 3 6676 6677 6678
7 3 6679 6680 6681
10 1 6682
8 1 6683
14 1 6684
11 1 6685
11 2 6686 6687
10 3 6688 6689 6690
8 3 6691 6692 6693
14 3 6694 6695 6696
13 1 6697
14 1 6698
8 3 6699 6700 6701
10 2 6702 6703
5 1 6704
8 2 6705 6706
19 1 6707
20 1 6708
2 3 6709 6710 6711
6 1 6712
6 1 6713
14 1 6714
7 1 6715
17 1 6716
5 1 6717
9 2 6718 6719
4 2 6720 6721
13 1 6722
14 1 6723
17 2 6724 6725
7 1 6726
17 2 6727 6728
2 3 6729 6730 6731
3 3 6732 6733 6734
5 2 6735 6736
7 1 6737
1 1 6738
6 3 6739 6740 6741
3 1 6742
4 2 6743 6744
18 1 6745
16 3 6746 6747 6748
20 3 6749 6750 6751
19 2 6752 6753
9 2 6754 6755
9 3 6756 6757 6758
18 1 6759
6 1 6760
17 1 6761
18 1 6762
7 3 6763 6764 6765
10 1 6766
4 3 6767 6768 6769
15 1 6770
13 2 6771 6772
9 1 6773
8 1 6774
3 3 6775 6776 6777
3 2 6778 6779
3 3 6780 6781 6782
13 3 6783 6784 6785
1 2 6786 6787
16 3 6788 6789 6790
17 3 6791 6792 6793
9 2 6794 6795
6 1 6796
9 1 6797
19 3 6798 6799 6800
18 3 6801 6802 6803
12 2 6804 6805
10 1 6806
17 2 6807 6808
5 1 6809
3 2 6810 6811
20 1 6812
6 3 6813 6814 6815
12 1 6816
5 3 6817 6818 6819
5 1 6820
16 2 6821 6822
7 1 6823
9 2 6824 6825
19 3 6826 6827 6828
17 2 6829 6830
5 1 6831
19 1 6832
16 1 6833
20 3 6834 6835 6836
18 3 6837 6838 6839
5 2 6840 6841
12 2 6842 6843
10 1 6844
6 3 6845 6846 6847
6 3 6848 6849 6850
15 3 6851 6852 6853
1 3 6854 6855 6856
16 3 6857 6858 6859
20 1 6860
1 1 6861
15 2 6862 6863
19 2 6864 6865
20 3 6866 6867 6868
3 2 6869 6870
6 2 6871 6872
7 1 6873
15 1 6874
18 1 6875
14 1 6876
14 2 6877 6878
19 3 6879 6880 6881
18 3 6882 6883 6884
8 1 6885
6 3 6886 6887 6888
15 2 6889 6890
2 3 6891 6892 6893
2 3 6894 6895 6896
11 3 6897 6898 6899
17 2 6900 6901
18 2 6902 6903
2 3 6904 6905 6906
2 1 6907
6 2 6908 6909
19 1 6910
5 2 6911 6912
6 2 6913 6914
18 2 6915 6916
3 3 6917 6918 6919
16 3 6920 6921 6922
6 3 6923 6924 6925
9 1 6926
5 1 6927
11 3 6928 6929 6930
1 2 6931 6932
20 1 6933
11 2 6934 6935
9 2 6936 6937
1 1 6938
8 1 6939
15 3 6940 6941 6942
5 3 6943 6944 6945
19 2 6946 6947
13 1 6948
16 1 6949
16 1 6950
3 2 6951 6952
17 2 6953 6954
6 3 6955 6956 6957
3 1 6958
4 1 6959
11 2 6960 6961
8 1 6962
1 2 6963 6964
11 2 6965 6966
7 3 6967 6968 6969
5 3 6970 6971 6972
12 1 6973
3 3 6974 6975 6976
15 3 6977 6978 6979
5 2 6980 6981
11 2 6982 6983
5 3 6984 6985 6986
20 1 6987
9 3 6988 6989 6990
10 1 6991
7 1 6992
11 1 6993
7 1 6994
12 2 6995 6996
2 1 6997
9 1 6998
13 3 6999 7000 7001
6 1 7002
5 2 7003 7004
1 2 7005 7006
12 3 7007 7008 7009
3 3 7010 7011 7012
8 3 7013 7014 7015
12 3 7016 7017 7018
6 2 7019 7020
16 2 7021 7022
6 2 7023 7024
11 3 7025 7026 7027
15 2 7028 7029
20 2 7030 7031
16 2 7032 7033
11 2 7034 7035
20 1 7036
17 3 7037 7038 7039
15 1 7040
8 1 7041
7 1 7042
11 2 7043 7044
5 2 7045 7046
11 2 7047 7048
19 3 7049 7050 7051
17 1 7052
4 1 7053
10 1 7054
17 3 7055 7056 7057
11 3 7058 7059 7060
4 2 7061 7062
19 1 7063
9 3 7064 7065 7066
15 1 7067
17 2 7068 7069
2 2 7070 7071
14 1 7072
11 3 7073 7074 7075
17 1 7076
15 2 7077 7078
1 3 7079 7080 7081
13 2 7082 7083
6 3 7084 7085 7086
12 3 7087 7088 7089
10 1 7090
2 1 7091
14 2 7092 7093
4 3 7094 7095 7096
13 3 7097 7098 7099
7 3 7100 7101 7102
10 1 7103
15 2 7104 7105
4 2 7106 7107
10 2 7108 7109
4 2 7110 7111
12 3 7112 7113 7114
2 2 7115 7116
18 2 7117 7118
10 2 7119 7120
3 1 7121
10 2 7122 7123
10 2 7124 7125
6 2 7126 7127
15 2 7128 7129
7 2 7130 7131
6 3 7132 7133 7134
2 3 7135 7136 7137
4 1 7138
12 2 7139 7140
8 1 7141
11 3 7142 7143 7144
12 3 7145 7146 7147
6 3 7148 7149 7150
2 3 7151 7152 7153
5 1 7154
5 2 7155 7156
15 3 7157 7158 7159
8 3 7160 7161 7162
4 1 7163
12 1 7164
10 1 7165
1 1 7166
3 2 7167 7168
3 3 7169 7170 7171
8 1 7172
9 2 7173 7174
9 2 7175 7176
4 3 7177 7178 7179
16 2 7180 7181
20 1 7182
1 1 7183
7 1 7184
11 1 7185
11 2 7186 7187
9 3 7188 7189 7190
20 3 7191 7192 7193
2 1 7194
12 3 7195 7196 7197
11 1 7198
13 1 7199
13 3 7200 7201 7202
10 3 7203 7204 7205
17 3 7206 7207 7208
8 2 7209 7210
1 3 7211 7212 7213
10 1 7214
14 1 7215
7 2 7216 7217
15 2 7218 7219
18 3 7220 7221 7222
7 2 7223 7224
1 1 7225
5 2 7226 7227
8 2 7228 7229
18 2 7230 7231
16 3 7232 7233 7234
12 1 7235
17 3 7236 7237 7238
13 2 7239 7240
7 3 7241 7242 7243
15 1 7244
16 2 7245 7246
13 3 7247 7248 7249
5 3 7250 7251 7252
15 2 7253 7254
10 3 7255 7256 7257
15 3 7258 7259 7260
8 3 7261 7262 7263
3 3 7264 7265 7266
3 3 7267 7268 7269
6 2 7270 7271
20 2 7272 7273
17 3 7274 7275 7276
13 1 7277
1 3 7278 7279 7280
12 3 7281 7282 7283
19 2 7284 7285
8 3 7286 7287 7288
5 3 7289 7290 7291
1 3 7292 7293 7294
12 3 7295 7296 7297
11 2 7298 7299
15 3 7300 7301 7302
11 2 7303 7304
17 2 7305 7306
17 2 7307 7308
17 2 7309 7310
2 3 7311 7312 7313
15 3 7314 7315 7316
16 3 7317 7318 7319
15 3 7320 7321 7322
18 3 7323 7324 7325
18 1 7326
10 1 7327
14 1 7328
8 3 7329 7330 7331
19 3 7332 7333 7334
12 3 7335 7336 7337
12 1 7338
6 3 7339 7340 7341
19 1 7342
7 3 7343 7344 7345
13 2 7346 7347
11 2 7348 7349
9 2 7350 7351
13 2 7352 7353
5 2 7354 7355
5 2 7356 7357
18 3 7358 7359 7360
19 1 7361
19 2 7362 7363
1 1 7364
17 2 7365 7366
9 2 7367 7368
4 3 7369 7370 7371
19 3 7372 7373 7374
14 1 7375
16 3 7376 7377 7378
1 3 7379 7380 7381
19 2 7382 7383
2 2 7384 7385
1 3 7386 7387 7388
6 2 7389 7390
15 3 7391 7392 7393
16 3 7394 7395 7396
20 2 7397 7398
3 2 7399 7400
1 2 7401 7402
17 1 7403
19 3 7404 7405 7406
8 1 7407
11 3 7408 7409 7410
6 1 7411
1 1 7412
8 3 7413 7414 7415
2 3 7416 7417 7418
19 3 7419 7420 7421
16 1 7422
19 3 7423 7424 7425
3 2 7426 7427
11 3 7428 7429 7430
12 1 7431
16 3 7432 7433 7434
6 2 7435 7436
19 1 7437
3 3 7438 7439 7440
11 1 7441
10 3 7442 7443 7444
11 3 7445 7446 7447
20 1 7448
15 2 7449 7450
14 1 7451
11 1 7452
4 2 7453 7454
5 1 7455
11 3 7456 7457 7458
5 2 7459 7460
7 3 7461 7462 7463
7 2 7464 7465
10 3 7466 7467 7468
8 2 7469 7470
17 1 7471
19 1 7472
15 1 7473
5 2 7474 7475
2 3 7476 7477 7478
1 2 7479 7480
16 3 7481 7482 7483
5 2 7484 7485
8 2 7486 7487
2 2 7488 7489
5 3 7490 7491 7492
15 3 7493 7494 7495
17 2 7496 7497
1 3 7498 7499 7500
14 1 7501
9 2 7502 7503
12 2 7504 7505
2 3 7506 7507 7508
9 1 7509
12 3 7510 7511 7512
20 1 7513
12 3 7514 7515 7516
10 3 7517 7518 7519
6 2 7520 7521
19 2 7522 7523
9 2 7524 7525
1 3 7526 7527 7528
14 1 7529
20 2 7530 7531
6 2 7532 7533
19 2 7534 7535
16 3 7536 7537 7538
17 3 7539 7540 7541
2 3 7542 7543 7544
2 1 7545
19 3 7546 7547 7548
19 2 7549 7550
14 1 7551
11 2 7552 7553
8 3 7554 7555 7556
9 3 7557 7558 7559
10 3 7560 7561 7562
7 2 7563 7564
16 3 7565 7566 7567
4 2 7568 7569
11 2 7570 7571
4 2 7572 7573
17 1 7574
12 3 7575 7576 7577
1 2 7578 7579
11 2 7580 7581
18 1 7582
12 1 7583
8 2 7584 7585
10 2 7586 7587
12 1 7588
16 2 7589 7590
18 2 7591 7592
11 1 7593
16 1 7594
6 3 7595 7596 7597
19 2 7598 7599
3 1 7600
16 3 7601 7602 7603
6 3 7604 7605 7606
20 3 7607 7608 7609
9 3 7610 7611 7612
9 1 7613
7 2 7614 7615
14 1 7616
3 3 7617 7618 7619
10 3 7620 7621 7622
1 1 7623
7 2 7624 7625
16 2 7626 7627
5 1 7628
3 1 7629
14 1 7630
14 3 7631 7632 7633
4 3 7634 7635 7636
14 1 7637
15 3 7638 7639 7640
10 1 7641
13 1 7642
1 2 7643 7644
17 2 7645 7646
12 2 7647 7648
17 3 7649 7650 7651
1 1 7652
20 1 7653
20 1 7654
2 2 7655 7656
18 2 7657 7658
7 2 7659 7660
2 2 7661 7662
5 2 7663 7664
19 1 7665
13 3 7666 7667 7668
7 1 7669
9 2 7670 7671
11 1 7672
3 1 7673
19 2 7674 7675
11 2 7676 7677
8 2 7678 7679
11 3 7680 7681 7682
12 1 7683
8 2 7684 7685
8 2 7686 7687
3 3 7688 7689 7690
12 3 7691 7692 7693
2 3 7694 7695 7696
18 3 7697 7698 7699
16 1 7700
5 2 7701 7702
14 1 7703
20 2 7704 7705
14 1 7706
14 1 7707
3 1 7708
20 3 7709 7710 7711
17 3 7712 7713 7714
7 1 7715
15 2 7716 7717
19 1 7718
5 3 7719 7720 7721
20 1 7722
12 1 7723
8 2 7724 7725
1 3 7726 7727 7728
3 2 7729 7730
15 1 7731
11 3 7732 7733 7734
12 2 7735 7736
17 1 7737
13 3 7738 7739 7740
9 1 7741
12 1 7742
17 3 7743 7744 7745
18 3 7746 7747 7748
4 2 7749 7750
16 3 7751 7752 7753
2 1 7754
4 2 7755 7756
8 3 7757 7758 7759
9 1 7760
11 3 7761 7762 7763
1 3 7764 7765 7766
3 1 7767
3 1 7768
17 1 7769
4 2 7770 7771
11 3 7772 7773 7774
4 2 7775 7776
1 1 7777
8 3 7778 7779 7780
17 3 7781 7782 7783
8 2 7784 7785
2 2 7786 7787
20 2 7788 7789
12 3 7790 7791 7792
15 2 7793 7794
8 1 7795
12 2 7796 7797
13 3 7798 7799 7800
1 3 7801 7802 7803
17 2 7804 7805
15 2 7806 7807
20 3 7808 7809 7810
17 2 7811 7812
9 1 7813
18 2 7814 7815
8 1 7816
11 2 7817 7818
4 1 7819
1 2 7820 7821
18 1 7822
12 1 7823
20 1 7824
9 1 7825
3 3 7826 7827 7828
1 3 7829 7830 7831
12 1 7832
7 1 7833
19 3 7834 7835 7836
10 1 7837
7 1 7838
2 1 7839
8 2 7840 7841
3 3 7842 7843 7844
2 2 7845 7846
6 3 7847 7848 7849
13 3 7850 7851 7852
9 1 7853
8 3 7854 7855 7856
7 1 7857
12 2 7858 7859
16 1 7860
17 2 7861 7862
13 3 7863 7864 7865
4 3 7866 7867 7868
9 1 7869
7 2 7870 7871
12 2 7872 7873
7 3 7874 7875 7876
2 1 7877
1 3 7878 7879 7880
10 2 7881 7882
19 1 7883
3 2 7884 7885
18 2 7886 7887
15 2 7888 7889
18 2 7890 7891
7 2 7892 7893
18 2 7894 7895
17 1 7896
7 3 7897 7898 7899
9 1 7900
14 1 7901
19 3 7902 7903 7904
6 2 7905 7906
15 3 7907 7908 7909
14 1 7910
16 2 7911 7912
16 3 7913 7914 7915
11 3 7916 7917 7918
18 1 7919
12 1 7920
10 2 7921 7922
20 3 7923 7924 7925
10 1 7926
11 3 7927 7928 7929
2 1 7930
14 2 7931 7932
20 3 7933 7934 7935
4 1 7936
19 3 7937 7938 7939
18 1 7940
12 2 7941 7942
7 2 7943 7944
9 3 7945 7946 7947
18 2 7948 7949
8 2 7950 7951
8 1 7952
9 1 7953
6 3 7954 7955 7956
20 1 7957
4 3 7958 7959 7960
1 1 7961
5 2 7962 7963
15 2 7964 7965
4 3 7966 7967 7968
14 3 7969 7970 7971
9 3 7972 7973 7974
6 1 7975
17 2 7976 7977
2 2 7978 7979
2 2 7980 7981
6 3 7982 7983 7984
7 1 7985
11 2 7986 7987
10 3 7988 7989 7990
3 1 7991
20 3 7992 7993 7994
1 2 7995 7996
1 2 7997 7998
9 1 7999
19 1 8000
17 2 8001 8002
16 1 8003
18 1 8004
10 1 8005
2 3 8006 8007 8008
16 2 8009 8010
10 1 8011
10 1 8012
1 1 8013
20 2 8014 8015
11 2 8016 8017
17 2 8018 8019
5 3 8020 8021 8022
15 3 8023 8024 8025
8 3 8026 8027 8028
6 2 8029 8030
15 1 8031
17 2 8032 8033
15 1 8034
20 2 8035 8036
16 1 8037
11 2 8038 8039
1 2 8040 8041
15 2 8042 8043
4 2 8044 8045
13 3 8046 8047 8048
12 2 8049 8050
7 2 8051 8052
2 2 8053 8054
17 1 8055
4 2 8056 8057
15 2 8058 8059
19 2 8060 8061
17 3 8062 8063 8064
3 3 8065 8066 8067
11 2 8068 8069
15 3 8070 8071 8072
3 1 8073
10 3 8074 8075 8076
15 2 8077 8078
12 3 8079 8080 8081
17 1 8082
3 1 8083
11 3 8084 8085 8086
16 2 8087 8088
1 3 8089 8090 8091
6 3 8092 8093 8094
17 1 8095
15 1 8096
19 1 8097
15 1 8098
12 1 8099
6 2 8100 8101
3 1 8102
12 3 8103 8104 8105
10 2 8106 8107
17 2 8108 8109
12 3 8110 8111 8112
13 3 8113 8114 8115
20 3 8116 8117 8118
5 3 8119 8120 8121
6 1 8122
5 2 8123 8124
6 1 8125
8 2 8126 8127
13 2 8128 8129
18 3 8130 8131 8132
17 3 8133 8134 8135
13 2 8136 8137
4 1 8138
14 3 8139 8140 8141
7 3 8142 8143 8144
20 3 8145 8146 8147
9 1 8148
11 2 8149 8150
18 3 8151 8152 8153
19 1 8154
11 3 8155 8156 8157
13 1 8158
1 3 8159 8160 8161
17 1 8162
6 2 8163 8164
1 1 8165
7 2 8166 8167
1 3 8168 8169 8170
5 3 8171 8172 8173
16 3 8174 8175 8176
9 3 8177 8178 8179
9 2 8180 8181
20 2 8182 8183
3 3 8184 8185 8186
1 3 8187 8188 8189
7 2 8190 8191
10 2 8192 8193
17 2 8194 8195
7 3 8196 8197 8198
10 1 8199
7 2 8200 8201
14 3 8202 8203 8204
6 1 8205
1 1 8206
9 3 8207 8208 8209
2 1 8210
14 1 8211
1 1 8212
8 1 8213
6 1 8214
14 3 8215 8216 8217
6 2 8218 8219
17 2 8220 8221
9 3 8222 8223 8224
5 2 8225 8226
15 2 8227 8228
12 2 8229 8230
19 2 8231 8232
15 1 8233
8 2 8234 8235
18 3 8236 8237 8238
14 1 8239
19 2 8240 8241
4 3 8242 8243 8244
17 2 8245 8246
14 3 8247 8248 8249
5 1 8250
2 1 8251
6 2 8252 8253
18 1 8254
19 2 8255 8256
2 3 8257 8258 8259
8 2 8260 8261
5 1 8262
11 2 8263 8264
15 3 8265 8266 8267
6 2 8268 8269
9 1 8270
11 3 8271 8272 8273
20 1 8274
13 2 8275 8276
11 1 8277
6 3 8278 8279 8280
16 1 8281
3 3 8282 8283 8284
4 3 8285 8286 8287
17 2 8288 8289
5 3 8290 8291 8292
14 2 8293 8294
11 2 8295 8296
7 3 8297 8298 8299
16 2 8300 8301
18 2 8302 8303
10 2 8304 8305
19 2 8306 8307
20 3 8308 8309 8310
16 2 8311 8312
2 3 8313 8314 8315
18 3 8316 8317 8318
11 1 8319
14 2 8320 8321
19 3 8322 8323 8324
4 3 8325 8326 8327
16 3 8328 8329 8330
15 3 8331 8332 8333
14 2 8334 8335
20 2 8336 8337
4 3 8338 8339 8340
17 1 8341
17 2 8342 8343
17 3 8344 8345 8346
15 1 8347
18 3 8348 8349 8350
3 1 8351
5 1 8352
19 1 8353
19 1 8354
3 2 8355 8356
8 2 8357 8358
13 1 8359
7 2 8360 8361
10 3 8362 8363 8364
5 2 8365 8366
8 1 8367
3 2 8368 8369
9 2 8370 8371
8 2 8372 8373
14 3 8374 8375 8376
19 2 8377 8378
6 3 8379 8380 8381
11 3 8382 8383 8384
19 1 8385
14 2 8386 8387
7 3 8388 8389 8390
17 2 8391 8392
15 3 8393 8394 8395
10 1 8396
19 2 8397 8398
2 2 8399 8400
6 3 8401 8402 8403
15 2 8404 8405
19 2 8406 8407
10 2 8408 8409
2 2 8410 8411
12 2 8412 8413
6 3 8414 8415 8416
1 3 8417 8418 8419
13 1 8420
13 3 8421 8422 8423
18 1 8424
11 3 8425 8426 8427
15 1 8428
4 2 8429 8430
20 3 8431 8432 8433
1 3 8434 8435 8436
17 3 8437 8438 8439
20 3 8440 8441 8442
5 2 8443 8444
1 1 8445
7 2 8446 8447
16 1 8448
1 1 8449
1 2 8450 8451
6 1 8452
14 3 8453 8454 8455
18 3 8456 8457 8458
7 3 8459 8460 8461
19 1 8462
20 3 8463 8464 8465
6 3 8466 8467 8468
6 3 8469 8470 8471
1 2 8472 8473
2 1 8474
10 1 8475
10 1 8476
8 2 8477 8478
17 1 8479
12 2 8480 8481
17 3 8482 8483 8484
12 1 8485
18 1 8486
11 3 8487 8488 8489
2 1 8490
18 1 8491
4 1 8492
14 3 8493 8494 8495
10 3 8496 8497 8498
11 2 8499 8500
9 1 8501
10 2 8502 8503
20 1 8504
11 3 8505 8506 8507
1 1 8508
15 2 8509 8510
16 3 8511 8512 8513
3 1 8514
3 1 8515
1 3 8516 8517 8518
19 3 8519 8520 8521
5 2 8522 8523
4 2 8524 8525
9 3 8526 8527 8528
13 1 8529
17 3 8530 8531 8532
12 3 8533 8534 8535
17 3 8536 8537 8538
6 3 8539 8540 8541
20 1 8542
10 1 8543
13 2 8544 8545
19 1 8546
7 1 8547
4 2 8548 8549
10 3 8550 8551 8552
19 1 8553
16 1 8554
3 3 8555 8556 8557
14 1 8558
14 3 8559 8560 8561
9 2 8562 8563
8 3 8564 8565 8566
7 1 8567
3 1 8568
20 1 8569
15 3 8570 8571 8572
16 1 8573
1 3 8574 8575 8576
19 2 8577 8578
6 3 8579 8580 8581
3 3 8582 8583 8584
15 2 8585 8586
9 3 8587 8588 8589
9 1 8590
17 3 8591 8592 8593
15 2 8594 8595
1 2 8596 8597
8 3 8598 8599 8600
10 3 8601 8602 8603
18 1 8604
5 3 8605 8606 8607
13 1 8608
20 3 8609 8610 8611
16 1 8612
9 2 8613 8614
10 3 8615 8616 8617
15 2 8618 8619
15 1 8620
4 3 8621 8622 8623
2 1 8624
18 1 8625
9 2 8626 8627
1 2 8628 8629
3 2 8630 8631
4 3 8632 8633 8634
10 2 8635 8636
15 1 8637
19 2 8638 8639
6 1 8640
7 2 8641 8642
7 1 8643
1 1 8644
2 1 8645
12 2 8646 8647
5 3 8648 8649 8650
13 1 8651
9 2 8652 8653
17 3 8654 8655 8656
13 3 8657 8658 8659
13 1 8660
5 2 8661 8662
14 3 8663 8664 8665
6 3 8666 8667 8668
10 1 8669
5 1 8670
6 3 8671 8672 8673
20 2 8674 8675
6 1 8676
2 2 8677 8678
2 3 8679 8680 8681
14 3 8682 8683 8684
15 3 8685 8686 8687
10 2 8688 8689
17 3 8690 8691 8692
11 2 8693 8694
2 2 8695 8696
2 1 8697
13 2 8698 8699
14 3 8700 8701 8702
19 1 8703
15 3 8704 8705 8706
5 1 8707
5 2 8708 8709
8 3 8710 8711 8712
16 2 8713 8714
13 1 8715
11 3 8716 8717 8718
18 2 8719 8720
9 1 8721
18 3 8722 8723 8724
8 1 8725
15 1 8726
3 3 8727 8728 8729
8 2 8730 8731
5 2 8732 8733
5 3 8734 8735 8736
3 2 8737 8738
20 1 8739
1 3 8740 8741 8742
13 2 8743 8744
13 2 8745 8746
19 3 8747 8748 8749
18 2 8750 8751
15 2 8752 8753
4 3 8754 8755 8756
6 3 8757 8758 8759
4 3 8760 8761 8762
14 2 8763 8764
5 3 8765 8766 8767
3 3 8768 8769 8770
19 1 8771
3 1 8772
3 3 8773 8774 8775
7 1 8776
16 2 8777 8778
2 3 8779 8780 8781
12 1 8782
15 3 8783 8784 8785
7 1 8786
11 2 8787 8788
4 1 8789
14 2 8790 8791
20 3 8792 8793 8794
15 1 8795
18 3 8796 8797 8798
10 3 8799 8800 8801
10 1 8802
14 3 8803 8804 8805
14 2 8806 8807
3 1 8808
10 2 8809 8810
7 1 8811
12 2 8812 8813
8 1 8814
8 3 8815 8816 8817
12 2 8818 8819
2 2 8820 8821
16 3 8822 8823 8824
15 2 8825 8826
12 2 8827 8828
18 3 8829 8830 8831
18 3 8832 8833 8834
17 3 8835 8836 8837
9 1 8838
6 3 8839 8840 8841
13 1 8842
7 3 8843 8844 8845
8 1 8846
13 2 8847 8848
17 1 8849
17 2 8850 8851
7 2 8852 8853
12 2 8854 8855
13 3 8856 8857 8858
14 2 8859 8860
4 1 8861
16 1 8862
2 1 8863
8 2 8864 8865
14 1 8866
13 2 8867 8868
17 2 8869 8870
18 1 8871
15 2 8872 8873
13 1 8874
2 1 8875
8 2 8876 8877
1 1 8878
4 1 8879
16 1 8880
3 3 8881 8882 8883
16 3 8884 8885 8886
20 1 8887
16 2 8888 8889
13 2 8890 8891
4 2 8892 8893
1 2 8894 8895
10 1 8896
15 2 8897 8898
1 1 8899
7 1 8900
6 1 8901
10 3 8902 8903 8904
15 1 8905
19 3 8906 8907 8908
20 2 8909 8910
1 2 8911 8912
18 1 8913
15 1 8914
6 3 8915 8916 8917
9 1 8918
14 2 8919 8920
19 2 8921 8922
3 2 8923 8924
7 1 8925
3 1 8926
3 1 8927
4 1 8928
7 3 8929 8930 8931
1 1 8932
12 2 8933 8934
6 3 8935 8936 8937
20 3 8938 8939 8940
19 2 8941 8942
11 1 8943
8 3 8944 8945 8946
12 2 8947 8948
19 1 8949
4 2 8950 8951
7 3 8952 8953 8954
10 2 8955 8956
1 1 8957
9 3 8958 8959 8960
20 3 8961 8962 8963
17 1 8964
1 2 8965 8966
17 2 8967 8968
6 2 8969 8970
3 2 8971 8972
6 2 8973 8974
2 1 8975
19 2 8976 8977
12 3 8978 8979 8980
20 1 8981
8 2 8982 8983
3 3 8984 8985 8986
16 3 8987 8988 8989
15 1 8990
18 2 8991 8992
2 2 8993 8994
13 1 8995
19 1 8996
3 1 8997
18 1 8998
1 1 8999
16 3 9000 9001 9002
13 2 9003 9004
7 3 9005 9006 9007
11 2 9008 9009
11 1 9010
9 2 9011 9012
13 3 9013 9014 9015
10 1 9016
14 3 9017 9018 9019
15 2 9020 9021
11 2 9022 9023
8 3 9024 9025 9026
2 2 9027 9028
2 2 9029 9030
1 1 9031
17 1 9032
1 3 9033 9034 9035
20 2 9036 9037
1 3 9038 9039 9040
3 3 9041 9042 9043
6 1 9044
12 1 9045
3 2 9046 9047
18 1 9048
3 2 9049 9050
19 3 9051 9052 9053
14 1 9054
14 1 9055
8 2 9056 9057
20 3 9058 9059 9060
6 3 9061 9062 9063
6 3 9064 9065 9066
18 1 9067
2 1 9068
3 1 9069
1 1 9070
17 3 9071 9072 9073
14 3 9074 9075 9076
18 1 9077
19 3 9078 9079 9080
9 1 9081
17 3 9082 9083 9084
11 2 9085 9086
12 3 9087 9088 9089
3 3 9090 9091 9092
8 1 9093
16 3 9094 9095 9096
11 2 9097 9098
15 1 9099
8 3 9100 9101 9102
2 1 9103
2 3 9104 9105 9106
5 1 9107
12 2 9108 9109
9 2 9110 9111
17 3 9112 9113 9114
8 3 9115 9116 9117
9 3 9118 9119 9120
4 1 9121
19 1 9122
8 3 9123 9124 9125
3 2 9126 9127
5 1 9128
17 1 9129
1 1 9130
11 2 9131 9132
7 3 9133 9134 9135
8 1 9136
4 3 9137 9138 9139
20 3 9140 9141 9142
14 1 9143
16 3 9144 9145 9146
20 1 9147
3 3 9148 9149 9150
20 1 9151
1 1 9152
18 3 9153 9154 9155
11 2 9156 9157
13 3 9158 9159 9160
18 1 9161
17 3 9162 9163 9164
16 1 9165
3 3 9166 9167 9168
16 2 9169 9170
20 3 9171 9172 9173
8 1 9174
12 3 9175 9176 9177
3 2 9178 9179
3 3 9180 9181 9182
4 1 9183
12 2 9184 9185
7 2 9186 9187
20 3 9188 9189 9190
18 1 9191
2 3 9192 9193 9194
4 1 9195
3 2 9196 9197
15 3 9198 9199 9200
8 2 9201 9202
19 2 9203 9204
3 2 9205 9206
13 1 9207
4 3 9208 9209 9210
11 2 9211 9212
16 3 9213 9214 9215
6 2 9216 9217
19 2 9218 9219
6 3 9220 9221 9222
14 1 9223
3 1 9224
4 1 9225
2 2 9226 9227
11 1 9228
9 2 9229 9230
17 2 9231 9232
13 3 9233 9234 9235
11 1 9236
12 1 9237
4 2 9238 9239
3 2 9240 9241
16 3 9242 9243 9244
8 3 9245 9246 9247
9 2 9248 9249
1 1 9250
5 1 9251
7 2 9252 9253
6 3 9254 9255 9256
3 3 9257 9258 9259
14 3 9260 9261 9262
6 1 9263
4 2 9264 9265
1 1 9266
19 2 9267 9268
8 3 9269 9270 9271
1 3 9272 9273 9274
4 2 9275 9276
17 3 9277 9278 9279
9 3 9280 9281 9282
1 3 9283 9284 9285
7 3 9286 9287 9288
13 3 9289 9290 9291
2 1 9292
20 2 9293 9294
16 1 9295
12 3 9296 9297 9298
9 1 9299
14 2 9300 9301
11 2 9302 9303
4 3 9304 9305 9306
4 3 9307 9308 9309
9 3 9310 9311 9312
1 2 9313 9314
17 2 9315 9316
18 2 9317 9318
8 2 9319 9320
18 2 9321 9322
11 1 9323
20 3 9324 9325 9326
3 3 9327 9328 9329
14 2 9330 9331
1 2 9332 9333
13 1 9334
1 2 9335 9336
11 2 9337 9338
1 2 9339 9340
12 3 9341 9342 9343
11 2 9344 9345
6 3 9346 9347 9348
2 2 9349 9350
6 3 9351 9352 9353
3 2 9354 9355
1 2 9356 9357
12 3 9358 9359 9360
2 3 9361 9362 9363
13 1 9364
16 1 9365
11 3 9366 9367 9368
18 2 9369 9370
16 2 9371 9372
20 3 9373 9374 9375
5 2 9376 9377
1 2 9378 9379
4 1 9380
3 1 9381
7 2 9382 9383
8 2 9384 9385
16 2 9386 9387
20 2 9388 9389
11 2 9390 9391
11 3 9392 9393 9394
5 1 9395
11 1 9396
5 1 9397
17 1 9398
16 1 9399
5 3 9400 9401 9402
11 1 9403
9 3 9404 9405 9406
7 3 9407 9408 9409
2 1 9410
19 2 9411 9412
9 3 9413 9414 9415
14 1 9416
7 1 9417
18 2 9418 9419
19 1 9420
18 1 9421
20 1 9422
3 3 9423 9424 9425
13 1 9426
6 1 9427
9 2 9428 9429
15 3 9430 9431 9432
20 1 9433
16 3 9434 9435 9436
19 3 9437 9438 9439
20 2 9440 9441
17 2 9442 9443
2 1 9444
3 3 9445 9446 9447
16 1 9448
16 1 9449
19 1 9450
5 3 9451 9452 9453
17 2 9454 9455
4 1 9456
4 2 9457 9458
5 1 9459
11 1 9460
17 3 9461 9462 9463
9 3 9464 9465 9466
19 1 9467
2 2 9468 9469
19 2 9470 9471
9 1 9472
8 3 9473 9474 9475
6 3 9476 9477 9478
2 3 9479 9480 9481
3 1 9482
9 1 9483
18 3 9484 9485 9486
14 2 9487 9488
2 2 9489 9490
7 2 9491 9492
14 1 9493
16 3 9494 9495 9496
2 1 9497
3 2 9498 9499
8 1 9500
6 2 9501 9502
17 1 9503
15 2 9504 9505
20 3 9506 9507 9508
19 3 9509 9510 9511
16 3 9512 9513 9514
18 2 9515 9516
17 1 9517
13 1 9518
18 1 9519
2 1 9520
19 3 9521 9522 9523
6 2 9524 9525
1 2 9526 9527
1 3 9528 9529 9530
8 3 9531 9532 9533
17 1 9534
9 3 9535 9536 9537
9 3 9538 9539 9540
16 1 9541
16 3 9542 9543 9544
6 1 9545
14 2 9546 9547
13 1 9548
8 2 9549 9550
20 1 9551
12 2 9552 9553
16 2 9554 9555
13 2 9556 9557
12 1 9558
11 1 9559
1 2 9560 9561
6 1 9562
2 2 9563 9564
5 2 9565 9566
16 3 9567 9568 9569
3 2 9570 9571
15 1 9572
17 2 9573 9574
2 2 9575 9576
14 2 9577 9578
4 3 9579 9580 9581
9 2 9582 9583
10 3 9584 9585 9586
16 1 9587
16 2 9588 9589
1 3 9590 9591 9592
5 3 9593 9594 9595
19 3 9596 9597 9598
10 2 9599 9600
16 2 9601 9602
8 2 9603 9604
3 2 9605 9606
6 1 9607
16 3 9608 9609 9610
13 3 9611 9612 9613
20 1 9614
3 2 9615 9616
16 1 9617
16 1 9618
11 3 9619 9620 9621
5 3 9622 9623 9624
16 3 9625 9626 9627
19 3 9628 9629 9630
9 1 9631
2 1 9632
10 3 9633 9634 9635
19 2 9636 9637
7 2 9638 9639
3 2 9640 9641
17 2 9642 9643
9 1 9644
4 3 9645 9646 9647
8 1 9648
16 1 9649
12 2 9650 9651
8 2 9652 9653
2 3 9654 9655 9656
14 1 9657
3 1 9658
19 1 9659
4 3 9660 9661 9662
20 1 9663
11 3 9664 9665 9666
9 2 9667 9668
7 3 9669 9670 9671
6 2 9672 9673
16 3 9674 9675 9676
15 2 9677 9678
10 1 9679
3 2 9680 9681
11 3 9682 9683 9684
17 2 9685 9686
7 1 9687
11 3 9688 9689 9690
7 1 9691
6 2 9692 9693
2 2 9694 9695
13 3 9696 9697 9698
9 1 9699
4 2 9700 9701
11 1 9702
15 1 9703
6 3 9704 9705 9706
15 3 9707 9708 9709
11 1 9710
17 1 9711
18 1 9712
15 1 9713
14 3 9714 9715 9716
2 3 9717 9718 9719
5 1 9720
6 1 9721
13 2 9722 9723
8 1 9724
19 3 9725 9726 9727
5 3 9728 9729 9730
5 1 9731
19 2 9732 9733
7 2 9734 9735
10 1 9736
1 2 9737 9738
14 3 9739 9740 9741
6 3 9742 9743 9744
2 3 9745 9746 9747
13 1 9748
14 3 9749 9750 9751
14 1 9752
18 3 9753 9754 9755
2 1 9756
19 3 9757 9758 9759
1 1 9760
10 3 9761 9762 9763
2 3 9764 9765 9766
1 3 9767 9768 9769
20 3 9770 9771 9772
14 1 9773
19 2 9774 9775
20 1 9776
12 2 9777 9778
7 2 9779 9780
15 1 9781
18 3 9782 9783 9784
15 1 9785
17 2 9786 9787
20 2 9788 9789
17 2 9790 9791
4 2 9792 9793
14 2 9794 9795
17 1 9796
10 1 9797
8 2 9798 9799
18 2 9800 9801
16 2 9802 9803
3 3 9804 9805 9806
11 2 9807 9808
13 1 9809
9 3 9810 9811 9812
7 1 9813
3 3 9814 9815 9816
8 3 9817 9818 9819
1 2 9820 9821
17 1 9822
13 3 9823 9824 9825
3 1 9826
8 3 9827 9828 9829
10 2 9830 9831
10 2 9832 9833
15 1 9834
7 1 9835
12 1 9836
2 2 9837 9838
3 3 9839 9840 9841
5 1 9842
4 1 9843
4 2 9844 9845
2 1 9846
14 2 9847 9848
5 1 9849
13 2 9850 9851
15 2 9852 9853
10 1 9854
15 3 9855 9856 9857
12 1 9858
12 3 9859 9860 9861
19 1 9862
5 1 9863
16 2 9864 9865
15 1 9866
4 2 9867 9868
2 2 9869 9870
1 1 9871
19 3 9872 9873 9874
6 3 9875 9876 9877
5 2 9878 9879
16 2 9880 9881
8 3 9882 9883 9884
14 1 9885
15 2 9886 9887
14 2 9888 9889
11 1 9890
4 3 9891 9892 9893
18 1 9894
8 2 9895 9896
20 1 9897
13 1 9898
4 1 9899
14 3 9900 9901 9902
11 1 9903
14 1 9904
17 3 9905 9906 9907
11 2 9908 9909
17 2 9910 9911
1 1 9912
19 3 9913 9914 9915
12 2 9916 9917
18 3 9918 9919 9920
11 3 9921 9922 9923
10 2 9924 9925
9 1 9926
4 1 9927
20 3 9928 9929 9930
16 3 9931 9932 9933
3 3 9934 9935 9936
3 2 9937 9938
8 2 9939 9940
14 2 9941 9942
2 3 9943 9944 9945
17 1 9946
12 1 9947
1 2 9948 9949
3 3 9950 9951 9952
4 3 9953 9954 9955
12 1 9956
9 1 9957
18 3 9958 9959 9960
10 2 9961 9962
3 3 9963 9964 9965
5 2 9966 9967
18 2 9968 9969
18 2 9970 9971
14 3 9972 9973 9974
4 1 9975
5 1 9976
1 1 9977
13 2 9978 9979
6 1 9980
1 2 9981 9982
5 3 9983 9984 9985
5 1 9986
19 3 9987 9988 9989
16 2 9990 9991
20 1 9992
20 1 9993
17 2 9994 9995
4 2 9996 9997
11 2 9998 9999
12 0
1 0
18 0
20 0
20 0
7 0
4 0
13 0
14 0
9 0
19 0
13 0
13 0
19 0
2 0
10 0
3 0
11 0
16 0
8 0
3 0
2 0
5 0
18 0
8 0
2 0
6 0
11 0
6 0
3 0
13 0
9 0
13 0
13 0
8 0
13 0
9 0
6 0
19 0
2 0
5 0
5 0
9 0
4 0
10 0
5 0
10 0
17 0
16 0
11 0
6 0
10 0
5 0
16 0
5 0
3 0
19 0
14 0
5 0
15 0
8 0
18 0
4 0
18 0
18 0
10 0
10 0
7 0
11 0
15 0
3 0
8 0
12 0
12 0
16 0
9 0
1 0
20 0
15 0
19 0
2 0
8 0
2 0
5 0
16 0
7 0
4 0
2 0
9 0
14 0
20 0
14 0
14 0
11 0
13 0
2 0
10 0
12 0
7 0
6 0
17 0
15 0
9 0
1 0
15 0
8 0
18 0
14 0
12 0
8 0
19 0
15 0
6 0
18 0
14 0
14 0
16 0
4 0
10 0
15 0
10 0
18 0
15 0
4 0
11 0
20 0
5 0
5 0
8 0
16 0
4 0
9 0
4 0
17 0
10 0
15 0
10 0
4 0
17 0
20 0
6 0
11 0
8 0
13 0
4 0
9 0
13 0
11 0
1 0
5 0
20 0
10 0
5 0
11 0
14 0
6 0
16 0
20 0
5 0
4 0
18 0
9 0
16 0
13 0
10 0
13 0
14 0
7 0
10 0
7 0
16 0
10 0
17 0
18 0
5 0
10 0
19 0
13 0
1 0
7 0
2 0
12 0
16 0
10 0
5 0
17 0
8 0
18 0
5 0
1 0
17 0
12 0
20 0
13 0
9 0
8 0
4 0
7 0
20 0
8 0
5 0
19 0
17 0
5 0
13 0
15 0
18 0
12 0
15 0
3 0
11 0
9 0
8 0
9 0
1 0
8 0
5 0
14 0
1 0
11 0
9 0
10 0
5 0
8 0
5 0
17 0
10 0
16 0
18 0
15 0
13 0
15 0
9 0
17 0
13 0
12 0
17 0
7 0
6 0
8 0
2 0
18 0
11 0
6 0
20 0
19 0
19 0
18 0
19 0
9 0
4 0
17 0
18 0
18 0
5 0
14 0
8 0
14 0
6 0
11 0
8 0
16 0
19 0
15 0
2 0
11 0
8 0
6 0
13 0
2 0
16 0
15 0
8 0
18 0
18 0
7 0
2 0
15 0
2 0
16 0
13 0
20 0
17 0
13 0
11 0
3 0
20 0
15 0
14 0
20 0
1 0
16 0
20 0
11 0
15 0
10 0
19 0
5 0
7 0
2 0
14 0
5 0
4 0
5 0
19 0
17 0
16 0
9 0
12 0
2 0
12 0
20 0
14 0
11 0
17 0
8 0
16 0
6 0
13 0
7 0
18 0
18 0
13 0
14 0
9 0
19 0
16 0
16 0
12 0
4 0
20 0
9 0
20 0
15 0
4 0
16 0
2 0
10 0
4 0
6 0
8 0
2 0
1 0
1 0
2 0
11 0
14 0
9 0
9 0
1 0
3 0
19 0
12 0
7 0
1 0
14 0
12 0
17 0
14 0
2 0
4 0
17 0
6 0
1 0
9 0
2 0
6 0
10 0
14 0
14 0
8 0
18 0
11 0
13 0
14 0
6 0
4 0
18 0
12 0
14 0
20 0
13 0
11 0
5 0
11 0
12 0
16 0
8 0
20 0
10 0
12 0
17 0
4 0
5 0
14 0
14 0
3 0
2 0
9 0
16 0
16 0
6 0
9 0
3 0
2 0
15 0
2 0
15 0
7 0
19 0
11 0
5 0
16 0
14 0
3 0
18 0
18 0
5 0
5 0
6 0
6 0
4 0
1 0
7 0
13 0
13 0
12 0
9 0
6 0
11 0
1 0
10 0
10 0
4 0
9 0
2 0
19 0
15 0
17 0
18 0
18 0
20 0
8 0
16 0
4 0
10 0
20 0
8 0
19 0
1 0
12 0
6 0
11 0
1 0
11 0
4 0
14 0
2 0
17 0
16 0
13 0
10 0
3 0
14 0
6 0
3 0
17 0
19 0
1 0
19 0
18 0
18 0
3 0
3 0
6 0
12 0
19 0
18 0
1 0
13 0
15 0
10 0
17 0
13 0
16 0
14 0
10 0
6 0
8 0
7 0
1 0
8 0
19 0
8 0
1 0
20 0
5 0
16 0
9 0
19 0
20 0
19 0
19 0
10 0
12 0
4 0
15 0
20 0
10 0
16 0
16 0
4 0
19 0
18 0
13 0
15 0
9 0
12 0
1 0
1 0
8 0
10 0
3 0
5 0
3 0
9 0
13 0
3 0
11 0
16 0
1 0
15 0
11 0
9 0
17 0
4 0
11 0
18 0
6 0
20 0
19 0
8 0
12 0
6 0
19 0
13 0
3 0
17 0
9 0
15 0
3 0
3 0
2 0
13 0
11 0
6 0
18 0
3 0
10 0
2 0
19 0
15 0
18 0
20 0
1 0
20 0
3 0
16 0
1 0
14 0
10 0
8 0
18 0
18 0
18 0
1 0
19 0
6 0
12 0
2 0
8 0
14 0
14 0
9 0
7 0
16 0
16 0
20 0
20 0
15 0
1 0
1 0
20 0
16 0
4 0
7 0
4 0
1 0
15 0
10 0
13 0
17 0
1 0
7 0
3 0
2 0
12 0
9 0
9 0
1 0
3 0
10 0
15 0
7 0
20 0
1 0
9 0
4 0
8 0
2 0
7 0
17 0
1 0
15 0
5 0
6 0
13 0
19 0
17 0
12 0
2 0
5 0
8 0
19 0
18 0
5 0
11 0
14 0
16 0
20 0
15 0
18 0
18 0
9 0
2 0
10 0
18 0
19 0
1 0
18 0
16 0
10 0
18 0
20 0
20 0
7 0
4 0
5 0
13 0
7 0
4 0
1 0
3 0
4 0
16 0
1 0
11 0
2 0
8 0
19 0
11 0
3 0
15 0
14 0
9 0
14 0
19 0
3 0
4 0
7 0
12 0
3 0
20 0
14 0
17 0
6 0
14 0
7 0
15 0
13 0
17 0
13 0
14 0
16 0
16 0
1 0
11 0
7 0
12 0
4 0
15 0
12 0
15 0
8 0
1 0
13 0
1 0
5 0
19 0
1 0
16 0
12 0
18 0
16 0
1 0
2 0
7 0
14 0
20 0
18 0
17 0
8 0
7 0
3 0
12 0
2 0
14 0
11 0
12 0
1 0
9 0
7 0
16 0
4 0
5 0
13 0
15 0
10 0
4 0
1 0
1 0
5 0
4 0
6 0
9 0
9 0
8 0
13 0
20 0
17 0
18 0
3 0
17 0
10 0
9 0
3 0
10 0
16 0
3 0
3 0
6 0
8 0
7 0
20 0
9 0
14 0
19 0
8 0
14 0
7 0
15 0
4 0
7 0
9 0
12 0
16 0
20 0
3 0
15 0
4 0
6 0
10 0
4 0
10 0
15 0
3 0
19 0
4 0
6 0
18 0
4 0
3 0
11 0
4 0
2 0
5 0
2 0
14 0
3 0
19 0
10 0
17 0
14 0
12 0
16 0
7 0
12 0
12 0
1 0
11 0
7 0
10 0
9 0
15 0
5 0
3 0
14 0
10 0
5 0
8 0
13 0
19 0
10 0
19 0
8 0
18 0
20 0
6 0
7 0
2 0
12 0
13 0
10 0
13 0
16 0
19 0
17 0
12 0
9 0
2 0
7 0
15 0
17 0
8 0
11 0
19 0
5 0
20 0
17 0
20 0
6 0
17 0
10 0
18 0
17 0
17 0
14 0
20 0
10 0
17 0
16 0
11 0
1 0
18 0
20 0
12 0
8 0
1 0
19 0
17 0
3 0
3 0
18 0
3 0
13 0
11 0
17 0
4 0
9 0
2 0
5 0
8 0
15 0
9 0
17 0
15 0
13 0
14 0
17 0
9 0
12 0
12 0
12 0
8 0
6 0
19 0
11 0
10 0
15 0
15 0
8 0
9 0
4 0
8 0
10 0
7 0
7 0
17 0
2 0
8 0
13 0
12 0
4 0
5 0
6 0
11 0
18 0
6 0
9 0
20 0
3 0
5 0
3 0
12 0
9 0
6 0
18 0
6 0
13 0
15 0
7 0
3 0
12 0
20 0
12 0
1 0
19 0
15 0
5 0
9 0
7 0
4 0
16 0
11 0
3 0
16 0
13 0
18 0
1 0
10 0
19 0
6 0
9 0
16 0
11 0
9 0
7 0
9 0
15 0
3 0
13 0
20 0
3 0
1 0
3 0
15 0
19 0
9 0
14 0
15 0
8 0
15 0
4 0
8 0
19 0
3 0
10 0
8 0
3 0
14 0
16 0
7 0
14 0
8 0
9 0
20 0
15 0
20 0
1 0
18 0
5 0
2 0
2 0
20 0
3 0
9 0
18 0
13 0
4 0
13 0
20 0
7 0
16 0
9 0
13 0
3 0
15 0
19 0
1 0
9 0
7 0
11 0
3 0
2 0
1 0
20 0
16 0
11 0
10 0
12 0
12 0
12 0
12 0
13 0
20 0
18 0
12 0
11 0
17 0
4 0
19 0
12 0
2 0
4 0
20 0
12 0
15 0
2 0
2 0
15 0
14 0
5 0
20 0
7 0
14 0
8 0
10 0
7 0
3 0
8 0
17 0
3 0
12 0
5 0
16 0
12 0
7 0
15 0
10 0
6 0
10 0
8 0
3 0
10 0
14 0
20 0
3 0
14 0
10 0
11 0
13 0
1 0
18 0
17 0
5 0
18 0
17 0
5 0
1 0
2 0
2 0
20 0
20 0
4 0
9 0
6 0
16 0
18 0
11 0
20 0
3 0
4 0
15 0
6 0
15 0
14 0
11 0
16 0
8 0
2 0
20 0
17 0
6 0
7 0
5 0
16 0
6 0
6 0
18 0
16 0
19 0
4 0
5 0
9 0
16 0
7 0
17 0
19 0
12 0
17 0
19 0
7 0
8 0
16 0
8 0
18 0
8 0
11 0
12 0
5 0
4 0
15 0
11 0
19 0
8 0
13 0
13 0
6 0
10 0
7 0
17 0
4 0
19 0
12 0
16 0
8 0
10 0
3 0
16 0
18 0
16 0
1 0
12 0
4 0
13 0
7 0
18 0
13 0
14 0
19 0
18 0
6 0
9 0
14 0
4 0
5 0
8 0
17 0
9 0
10 0
6 0
5 0
7 0
6 0
14 0
9 0
17 0
13 0
14 0
10 0
20 0
4 0
8 0
2 0
3 0
6 0
11 0
17 0
9 0
3 0
6 0
13 0
16 0
2 0
13 0
16 0
5 0
9 0
11 0
18 0
10 0
7 0
5 0
2 0
16 0
14 0
12 0
5 0
14 0
14 0
12 0
10 0
7 0
10 0
9 0
3 0
13 0
11 0
16 0
10 0
14 0
1 0
19 0
17 0
10 0
13 0
7 0
19 0
8 0
19 0
16 0
1 0
8 0
2 0
7 0
20 0
16 0
4 0
1 0
6 0
6 0
1 0
10 0
4 0
6 0
10 0
19 0
17 0
3 0
6 0
4 0
7 0
14 0
19 0
1 0
6 0
9 0
1 0
20 0
6 0
12 0
6 0
10 0
12 0
4 0
8 0
12 0
17 0
11 0
14 0
18 0
17 0
12 0
15 0
12 0
12 0
15 0
18 0
1 0
7 0
14 0
11 0
15 0
14 0
16 0
16 0
12 0
20 0
19 0
15 0
4 0
7 0
6 0
19 0
9 0
10 0
10 0
4 0
1 0
14 0
9 0
12 0
10 0
7 0
18 0
8 0
8 0
20 0
10 0
18 0
2 0
18 0
10 0
3 0
11 0
6 0
3 0
4 0
17 0
4 0
15 0
5 0
6 0
6 0
20 0
7 0
20 0
7 0
8 0
12 0
12 0
4 0
15 0
16 0
17 0
14 0
1 0
14 0
18 0
16 0
19 0
8 0
12 0
8 0
9 0
3 0
9 0
8 0
13 0
9 0
7 0
4 0
14 0
10 0
1 0
5 0
3 0
18 0
3 0
12 0
13 0
9 0
11 0
1 0
13 0
1 0
11 0
6 0
13 0
19 0
12 0
6 0
19 0
7 0
20 0
10 0
16 0
7 0
17 0
11 0
15 0
4 0
15 0
9 0
17 0
12 0
20 0
5 0
17 0
1 0
13 0
7 0
15 0
5 0
4 0
17 0
6 0
15 0
19 0
15 0
4 0
4 0
1 0
6 0
1 0
14 0
5 0
14 0
8 0
14 0
18 0
16 0
9 0
15 0
13 0
18 0
13 0
13 0
17 0
20 0
13 0
10 0
13 0
17 0
15 0
11 0
16 0
11 0
20 0
8 0
15 0
2 0
5 0
14 0
9 0
6 0
16 0
5 0
6 0
13 0
1 0
14 0
5 0
3 0
14 0
10 0
19 0
19 0
5 0
8 0
4 0
14 0
13 0
12 0
17 0
19 0
8 0
8 0
6 0
10 0
20 0
14 0
15 0
18 0
9 0
7 0
13 0
17 0
8 0
20 0
20 0
20 0
9 0
4 0
12 0
1 0
11 0
13 0
18 0
7 0
9 0
18 0
19 0
5 0
7 0
16 0
7 0
3 0
18 0
6 0
16 0
1 0
10 0
5 0
16 0
16 0
13 0
20 0
7 0
17 0
3 0
9 0
6 0
4 0
17 0
9 0
13 0
3 0
16 0
6 0
9 0
13 0
9 0
6 0
11 0
18 0
14 0
3 0
16 0
18 0
5 0
9 0
6 0
9 0
17 0
14 0
5 0
17 0
3 0
4 0
10 0
12 0
3 0
3 0
4 0
1 0
4 0
13 0
3 0
1 0
9 0
14 0
9 0
10 0
20 0
7 0
6 0
13 0
12 0
5 0
13 0
13 0
19 0
2 0
14 0
14 0
1 0
5 0
13 0
10 0
13 0
5 0
8 0
15 0
19 0
9 0
5 0
16 0
8 0
10 0
6 0
16 0
14 0
1 0
18 0
19 0
17 0
16 0
6 0
8 0
8 0
2 0
3 0
9 0
9 0
2 0
7 0
4 0
4 0
3 0
5 0
19 0
3 0
13 0
5 0
3 0
11 0
7 0
11 0
18 0
8 0
10 0
10 0
19 0
4 0
14 0
4 0
19 0
4 0
1 0
4 0
12 0
5 0
7 0
8 0
7 0
17 0
12 0
19 0
2 0
9 0
9 0
20 0
7 0
14 0
19 0
17 0
16 0
13 0
17 0
6 0
19 0
15 0
7 0
9 0
1 0
11 0
6 0
13 0
13 0
17 0
12 0
2 0
19 0
20 0
9 0
17 0
12 0
8 0
6 0
3 0
8 0
18 0
4 0
6 0
4 0
6 0
19 0
5 0
18 0
9 0
15 0
10 0
8 0
15 0
18 0
19 0
15 0
5 0
5 0
4 0
3 0
3 0
12 0
4 0
6 0
8 0
18 0
11 0
17 0
1 0
1 0
15 0
16 0
9 0
7 0
19 0
20 0
20 0
16 0
8 0
3 0
17 0
17 0
19 0
4 0
13 0
11 0
8 0
14 0
20 0
1 0
19 0
11 0
5 0
14 0
8 0
14 0
6 0
5 0
4 0
15 0
16 0
13 0
7 0
12 0
13 0
19 0
1 0
16 0
14 0
19 0
19 0
14 0
1 0
2 0
16 0
4 0
10 0
8 0
3 0
8 0
10 0
1 0
2 0
18 0
3 0
10 0
6 0
11 0
11 0
19 0
7 0
15 0
16 0
13 0
4 0
1 0
13 0
15 0
6 0
1 0
13 0
13 0
17 0
16 0
8 0
5 0
8 0
3 0
17 0
9 0
19 0
15 0
17 0
9 0
3 0
6 0
11 0
14 0
11 0
11 0
9 0
7 0
16 0
1 0
20 0
16 0
13 0
8 0
17 0
19 0
11 0
12 0
6 0
14 0
3 0
9 0
13 0
12 0
3 0
8 0
6 0
16 0
6 0
7 0
18 0
5 0
5 0
2 0
11 0
14 0
14 0
12 0
17 0
9 0
11 0
15 0
11 0
6 0
4 0
5 0
2 0
5 0
13 0
9 0
12 0
15 0
5 0
17 0
13 0
14 0
14 0
9 0
2 0
15 0
7 0
15 0
2 0
19 0
20 0
11 0
10 0
10 0
18 0
3 0
11 0
2 0
3 0
12 0
2 0
18 0
8 0
6 0
5 0
20 0
13 0
18 0
8 0
12 0
2 0
16 0
2 0
14 0
14 0
8 0
17 0
19 0
2 0
17 0
11 0
20 0
2 0
13 0
5 0
17 0
15 0
3 0
3 0
13 0
9 0
16 0
6 0
10 0
14 0
8 0
5 0
5 0
4 0
2 0
7 0
17 0
5 0
3 0
2 0
2 0
14 0
5 0
14 0
3 0
18 0
2 0
1 0
9 0
14 0
14 0
9 0
7 0
20 0
2 0
11 0
13 0
8 0
20 0
8 0
8 0
19 0
6 0
16 0
15 0
9 0
4 0
7 0
13 0
18 0
4 0
19 0
3 0
5 0
12 0
17 0
7 0
20 0
13 0
2 0
7 0
14 0
5 0
14 0
16 0
12 0
1 0
6 0
16 0
2 0
1 0
17 0
4 0
2 0
9 0
18 0
8 0
6 0
6 0
17 0
5 0
16 0
14 0
9 0
13 0
19 0
6 0
10 0
6 0
4 0
8 0
4 0
9 0
16 0
10 0
16 0
11 0
5 0
20 0
10 0
18 0
13 0
9 0
4 0
14 0
10 0
6 0
19 0
13 0
6 0
12 0
19 0
8 0
3 0
18 0
7 0
15 0
5 0
19 0
13 0
19 0
20 0
19 0
12 0
10 0
2 0
15 0
2 0
1 0
14 0
7 0
15 0
9 0
11 0
18 0
4 0
8 0
19 0
11 0
5 0
1 0
20 0
12 0
20 0
1 0
6 0
16 0
9 0
9 0
12 0
1 0
4 0
3 0
3 0
2 0
11 0
16 0
15 0
16 0
13 0
8 0
12 0
2 0
7 0
20 0
5 0
1 0
4 0
7 0
12 0
7 0
9 0
14 0
9 0
10 0
19 0
20 0
19 0
17 0
13 0
6 0
7 0
13 0
14 0
13 0
17 0
17 0
14 0
8 0
1 0
7 0
14 0
5 0
10 0
7 0
13 0
20 0
19 0
14 0
19 0
11 0
16 0
20 0
6 0
19 0
19 0
20 0
17 0
4 0
2 0
4 0
2 0
19 0
19 0
7 0
17 0
8 0
7 0
4 0
1 0
20 0
11 0
1 0
6 0
13 0
9 0
8 0
5 0
11 0
12 0
6 0
3 0
8 0
1 0
7 0
7 0
10 0
12 0
12 0
16 0
11 0
5 0
8 0
5 0
11 0
19 0
14 0
3 0
11 0
1 0
11 0
2 0
6 0
12 0
4 0
11 0
6 0
6 0
1 0
4 0
4 0
8 0
9 0
3 0
20 0
4 0
14 0
18 0
16 0
12 0
18 0
6 0
7 0
12 0
6 0
17 0
8 0
8 0
4 0
18 0
16 0
4 0
8 0
5 0
10 0
13 0
8 0
20 0
5 0
20 0
15 0
9 0
10 0
9 0
18 0
14 0
11 0
19 0
2 0
13 0
7 0
13 0
10 0
15 0
16 0
6 0
6 0
11 0
19 0
19 0
10 0
16 0
11 0
8 0
11 0
10 0
2 0
8 0
20 0
11 0
13 0
13 0
6 0
19 0
12 0
2 0
8 0
19 0
1 0
9 0
2 0
17 0
15 0
4 0
9 0
9 0
14 0
9 0
12 0
19 0
8 0
11 0
7 0
12 0
9 0
9 0
6 0
10 0
14 0
20 0
6 0
14 0
2 0
8 0
14 0
5 0
18 0
16 0
5 0
17 0
7 0
19 0
5 0
19 0
9 0
10 0
14 0
20 0
4 0
13 0
11 0
9 0
20 0
19 0
13 0
7 0
11 0
19 0
2 0
5 0
11 0
2 0
10 0
19 0
20 0
13 0
9 0
5 0
8 0
10 0
9 0
15 0
6 0
7 0
11 0
13 0
4 0
5 0
8 0
4 0
2 0
20 0
20 0
9 0
11 0
15 0
18 0
7 0
7 0
13 0
12 0
9 0
10 0
17 0
9 0
2 0
5 0
7 0
18 0
6 0
15 0
2 0
19 0
15 0
2 0
20 0
20 0
5 0
7 0
18 0
8 0
18 0
10 0
12 0
7 0
6 0
13 0
18 0
15 0
12 0
15 0
4 0
6 0
16 0
14 0
2 0
18 0
7 0
3 0
19 0
19 0
14 0
12 0
17 0
16 0
19 0
10 0
14 0
8 0
15 0
10 0
5 0
7 0
5 0
7 0
12 0
19 0
13 0
4 0
7 0
18 0
5 0
3 0
7 0
9 0
13 0
16 0
9 0
10 0
10 0
19 0
15 0
20 0
11 0
13 0
20 0
3 0
7 0
12 0
9 0
9 0
9 0
2 0
2 0
2 0
6 0
3 0
10 0
9 0
16 0
5 0
3 0
7 0
8 0
7 0
8 0
20 0
18 0
4 0
20 0
4 0
16 0
6 0
5 0
1 0
7 0
20 0
3 0
17 0
2 0
1 0
12 0
10 0
1 0
4 0
15 0
5 0
3 0
5 0
4 0
15 0
7 0
5 0
20 0
5 0
7 0
2 0
14 0
6 0
7 0
6 0
1 0
3 0
11 0
13 0
9 0
4 0
11 0
1 0
14 0
6 0
13 0
7 0
9 0
17 0
9 0
9 0
4 0
15 0
5 0
10 0
9 0
10 0
15 0
18 0
10 0
9 0
16 0
16 0
9 0
8 0
7 0
11 0
12 0
14 0
9 0
5 0
14 0
19 0
6 0
6 0
15 0
10 0
18 0
16 0
11 0
11 0
4 0
9 0
8 0
13 0
9 0
4 0
8 0
19 0
17 0
6 0
17 0
8 0
16 0
6 0
12 0
2 0
4 0
6 0
10 0
6 0
6 0
11 0
2 0
2 0
14 0
3 0
7 0
20 0
19 0
4 0
11 0
18 0
8 0
13 0
2 0
11 0
4 0
8 0
1 0
17 0
7 0
16 0
12 0
3 0
3 0
5 0
3 0
10 0
4 0
18 0
14 0
8 0
17 0
7 0
6 0
3 0
8 0
19 0
8 0
17 0
1 0
4 0
16 0
16 0
1 0
11 0
10 0
2 0
9 0
7 0
7 0
13 0
3 0
2 0
3 0
2 0
13 0
12 0
2 0
5 0
16 0
10 0
13 0
19 0
11 0
3 0
15 0
3 0
6 0
11 0
4 0
9 0
17 0
17 0
16 0
11 0
9 0
13 0
10 0
14 0
18 0
12 0
2 0
17 0
2 0
4 0
19 0
1 0
16 0
13 0
4 0
16 0
10 0
17 0
12 0
1 0
19 0
8 0
13 0
8 0
10 0
9 0
5 0
9 0
11 0
13 0
1 0
13 0
3 0
17 0
12 0
8 0
4 0
1 0
18 0
4 0
10 0
18 0
6 0
19 0
4 0
13 0
9 0
14 0
19 0
15 0
12 0
9 0
9 0
20 0
11 0
9 0
13 0
14 0
4 0
14 0
17 0
12 0
19 0
15 0
13 0
11 0
16 0
6 0
5 0
10 0
11 0
18 0
18 0
14 0
12 0
14 0
1 0
5 0
20 0
12 0
13 0
4 0
3 0
8 0
13 0
7 0
3 0
2 0
8 0
2 0
10 0
16 0
11 0
18 0
16 0
19 0
15 0
13 0
8 0
11 0
18 0
10 0
12 0
19 0
7 0
7 0
19 0
9 0
20 0
14 0
18 0
7 0
19 0
13 0
17 0
16 0
15 0
8 0
11 0
4 0
2 0
11 0
6 0
10 0
14 0
14 0
2 0
10 0
3 0
19 0
11 0
16 0
19 0
1 0
19 0
4 0
7 0
2 0
6 0
20 0
18 0
10 0
9 0
13 0
5 0
3 0
3 0
9 0
6 0
8 0
4 0
19 0
10 0
15 0
19 0
6 0
8 0
7 0
20 0
1 0
4 0
15 0
11 0
1 0
6 0
4 0
14 0
14 0
9 0
18 0
10 0
17 0
2 0
17 0
13 0
2 0
17 0
16 0
13 0
7 0
2 0
13 0
2 0
17 0
17 0
17 0
8 0
1 0
20 0
16 0
13 0
4 0
15 0
18 0
12 0
14 0
6 0
5 0
15 0
15 0
10 0
6 0
20 0
16 0
11 0
2 0
2 0
13 0
14 0
17 0
20 0
3 0
16 0
18 0
18 0
9 0
11 0
14 0
13 0
1 0
16 0
13 0
19 0
5 0
2 0
15 0
3 0
17 0
3 0
3 0
14 0
17 0
4 0
14 0
15 0
11 0
11 0
9 0
7 0
18 0
10 0
14 0
3 0
7 0
15 0
16 0
7 0
16 0
19 0
9 0
19 0
5 0
16 0
18 0
3 0
18 0
12 0
13 0
16 0
12 0
3 0
15 0
2 0
1 0
16 0
13 0
9 0
8 0
7 0
5 0
11 0
20 0
3 0
5 0
16 0
19 0
13 0
4 0
18 0
13 0
4 0
8 0
18 0
12 0
18 0
17 0
18 0
5 0
5 0
19 0
8 0
16 0
10 0
7 0
6 0
10 0
8 0
7 0
5 0
6 0
7 0
17 0
12 0
9 0
2 0
10 0
19 0
7 0
18 0
10 0
9 0
3 0
5 0
19 0
9 0
1 0
17 0
16 0
12 0
17 0
2 0
9 0
4 0
2 0
16 0
17 0
9 0
1 0
19 0
1 0
19 0
12 0
20 0
20 0
8 0
6 0
1 0
1 0
8 0
10 0
3 0
8 0
18 0
10 0
8 0
8 0
17 0
11 0
15 0
18 0
7 0
19 0
6 0
4 0
13 0
15 0
5 0
19 0
20 0
9 0
15 0
11 0
15 0
15 0
20 0
15 0
6 0
1 0
9 0
11 0
17 0
15 0
20 0
18 0
7 0
20 0
17 0
2 0
5 0
11 0
1 0
8 0
7 0
10 0
3 0
17 0
12 0
10 0
11 0
9 0
19 0
14 0
15 0
7 0
1 0
3 0
6 0
3 0
17 0
12 0
9 0
4 0
13 0
5 0
6 0
5 0
10 0
19 0
20 0
9 0
4 0
1 0
6 0
5 0
14 0
2 0
3 0
5 0
16 0
3 0
6 0
3 0
11 0
4 0
7 0
8 0
10 0
18 0
14 0
1 0
13 0
10 0
6 0
8 0
12 0
4 0
12 0
16 0
13 0
12 0
7 0
12 0
10 0
5 0
1 0
8 0
14 0
6 0
20 0
1 0
7 0
20 0
9 0
5 0
3 0
18 0
6 0
15 0
4 0
1 0
14 0
15 0
9 0
20 0
10 0
6 0
14 0
8 0
16 0
10 0
1 0
19 0
6 0
14 0
9 0
18 0
8 0
6 0
3 0
8 0
10 0
4 0
13 0
5 0
11 0
16 0
8 0
17 0
9 0
13 0
12 0
19 0
11 0
3 0
15 0
2 0
18 0
15 0
3 0
19 0
16 0
19 0
18 0
7 0
1 0
8 0
11 0
12 0
15 0
7 0
18 0
1 0
14 0
5 0
3 0
11 0
7 0
9 0
9 0
5 0
13 0
16 0
17 0
12 0
4 0
15 0
3 0
2 0
6 0
19 0
13 0
6 0
16 0
2 0
11 0
3 0
18 0
15 0
18 0
9 0
10 0
14 0
9 0
18 0
2 0
11 0
11 0
5 0
17 0
3 0
2 0
4 0
4 0
20 0
16 0
16 0
9 0
8 0
13 0
17 0
16 0
5 0
1 0
12 0
18 0
3 0
11 0
3 0
6 0
6 0
19 0
6 0
2 0
5 0
18 0
1 0
16 0
15 0
17 0
16 0
17 0
5 0
6 0
7 0
6 0
6 0
8 0
15 0
3 0
8 0
9 0
20 0
20 0
15 0
7 0
17 0
14 0
9 0
19 0
13 0
2 0
1 0
11 0
16 0
2 0
19 0
10 0
8 0
16 0
20 0
2 0
5 0
15 0
15 0
5 0
6 0
8 0
19 0
14 0
7 0
6 0
20 0
3 0
13 0
19 0
17 0
10 0
15 0
15 0
16 0
5 0
17 0
5 0
1 0
16 0
12 0
7 0
4 0
12 0
20 0
17 0
14 0
10 0
14 0
10 0
12 0
3 0
11 0
14 0
19 0
13 0
4 0
15 0
6 0
9 0
6 0
7 0
15 0
20 0
10 0
14 0
16 0
11 0
17 0
10 0
5 0
1 0
6 0
15 0
11 0
5 0
6 0
7 0
1 0
12 0
17 0
14 0
3 0
6 0
6 0
14 0
7 0
18 0
12 0
9 0
16 0
4 0
10 0
18 0
7 0
3 0
20 0
10 0
18 0
20 0
1 0
7 0
16 0
11 0
13 0
1 0
2 0
20 0
10 0
5 0
6 0
4 0
18 0
14 0
14 0
14 0
11 0
2 0
1 0
17 0
16 0
11 0
14 0
1 0
10 0
1 0
17 0
14 0
18 0
14 0
4 0
7 0
16 0
17 0
7 0
18 0
19 0
12 0
3 0
7 0
7 0
18 0
11 0
13 0
9 0
15 0
8 0
20 0
1 0
4 0
11 0
4 0
17 0
18 0
11 0
6 0
10 0
13 0
4 0
7 0
20 0
7 0
9 0
14 0
17 0
5 0
7 0
18 0
6 0
14 0
18 0
10 0
11 0
2 0
13 0
5 0
4 0
3 0
5 0
16 0
14 0
15 0
8 0
8 0
10 0
18 0
18 0
12 0
12 0
16 0
19 0
10 0
14 0
12 0
15 0
12 0
12 0
11 0
7 0
10 0
4 0
7 0
1 0
11 0
16 0
11 0
3 0
2 0
17 0
2 0
20 0
12 0
8 0
4 0
3 0
18 0
17 0
13 0
12 0
17 0
20 0
15 0
14 0
1 0
16 0
2 0
8 0
19 0
17 0
19 0
11 0
5 0
15 0
14 0
6 0
14 0
17 0
12 0
1 0
5 0
11 0
12 0
10 0
15 0
13 0
8 0
8 0
2 0
15 0
8 0
17 0
9 0
19 0
9 0
2 0
6 0
8 0
7 0
19 0
10 0
15 0
1 0
7 0
3 0
3 0
10 0
7 0
3 0
1 0
20 0
13 0
14 0
17 0
13 0
7 0
11 0
3 0
11 0
19 0
1 0
8 0
12 0
19 0
14 0
8 0
13 0
10 0
6 0
2 0
18 0
1 0
20 0
7 0
15 0
15 0
6 0
6 0
7 0
4 0
3 0
12 0
10 0
5 0
15 0
1 0
20 0
8 0
16 0
14 0
5 0
10 0
5 0
1 0
6 0
18 0
5 0
1 0
1 0
14 0
6 0
13 0
2 0
3 0
10 0
17 0
13 0
4 0
18 0
16 0
8 0
6 0
10 0
20 0
13 0
8 0
3 0
1 0
7 0
16 0
7 0
20 0
13 0
5 0
12 0
6 0
20 0
20 0
2 0
4 0
20 0
18 0
5 0
2 0
4 0
8 0
9 0
16 0
20 0
19 0
4 0
12 0
9 0
17 0
4 0
13 0
18 0
17 0
14 0
9 0
15 0
12 0
12 0
3 0
2 0
13 0
5 0
5 0
16 0
4 0
1 0
20 0
18 0
12 0
11 0
12 0
13 0
8 0
19 0
10 0
13 0
15 0
6 0
14 0
17 0
9 0
2 0
7 0
7 0
20 0
10 0
5 0
4 0
4 0
9 0
16 0
7 0
9 0
5 0
13 0
14 0
8 0
1 0
7 0
19 0
11 0
15 0
3 0
16 0
1 0
2 0
19 0
9 0
8 0
20 0
16 0
12 0
9 0
3 0
14 0
7 0
2 0
8 0
3 0
19 0
16 0
18 0
16 0
20 0
2 0
8 0
14 0
15 0
5 0
8 0
16 0
4 0
9 0
18 0
16 0
16 0
13 0
7 0
10 0
5 0
17 0
2 0
5 0
3 0
14 0
14 0
9 0
2 0
18 0
16 0
19 0
4 0
5 0
5 0
8 0
10 0
16 0
8 0
12 0
3 0
8 0
11 0
19 0
8 0
2 0
12 0
11 0
9 0
15 0
19 0
7 0
3 0
9 0
8 0
16 0
9 0
5 0
5 0
17 0
13 0
8 0
13 0
19 0
9 0
7 0
20 0
8 0
4 0
11 0
20 0
9 0
16 0
2 0
4 0
6 0
1 0
20 0
11 0
20 0
10 0
17 0
18 0
16 0
15 0
2 0
19 0
6 0
8 0
2 0
20 0
4 0
10 0
9 0
3 0
13 0
8 0
8 0
4 0
9 0
7 0
3 0
6 0
10 0
5 0
19 0
13 0
20 0
12 0
16 0
6 0
10 0
17 0
12 0
1 0
12 0
9 0
17 0
19 0
2 0
20 0
12 0
8 0
3 0
17 0
14 0
7 0
14 0
14 0
12 0
4 0
16 0
9 0
5 0
3 0
10 0
11 0
14 0
12 0
3 0
1 0
15 0
10 0
9 0
14 0
11 0
19 0
12 0
3 0
16 0
3 0
19 0
3 0
3 0
15 0
8 0
5 0
20 0
17 0
3 0
18 0
18 0
8 0
11 0
19 0
11 0
19 0
5 0
1 0
11 0
17 0
16 0
3 0
5 0
17 0
18 0
15 0
6 0
12 0
9 0
12 0
5 0
7 0
1 0
9 0
8 0
17 0
13 0
11 0
12 0
8 0
9 0
17 0
7 0
12 0
14 0
6 0
12 0
17 0
3 0
20 0
4 0
1 0
11 0
13 0
15 0
20 0
12 0
19 0
1 0
17 0
10 0
13 0
8 0
7 0
18 0
3 0
4 0
8 0
5 0
4 0
18 0
14 0
9 0
9 0
4 0
8 0
9 0
12 0
5 0
2 0
1 0
20 0
19 0
4 0
13 0
11 0
7 0
5 0
20 0
18 0
12 0
5 0
2 0
5 0
15 0
17 0
20 0
17 0
2 0
18 0
18 0
7 0
9 0
2 0
19 0
18 0
10 0
18 0
6 0
16 0
7 0
14 0
14 0
10 0
17 0
19 0
3 0
4 0
14 0
3 0
14 0
13 0
13 0
3 0
10 0
12 0
10 0
5 0
20 0
7 0
9 0
5 0
20 0
13 0
10 0
4 0
6 0
10 0
11 0
15 0
9 0
1 0
10 0
2 0
12 0
2 0
20 0
5 0
13 0
11 0
11 0
10 0
17 0
15 0
4 0
20 0
14 0
12 0
19 0
3 0
1 0
17 0
17 0
15 0
10 0
11 0
5 0
3 0
7 0
19 0
15 0
7 0
2 0
7 0
19 0
2 0
7 0
9 0
1 0
6 0
6 0
17 0
11 0
12 0
4 0
17 0
16 0
13 0
20 0
13 0
12 0
12 0
7 0
5 0
3 0
3 0
13 0
10 0
6 0
11 0
6 0
12 0
16 0
1 0
5 0
7 0
3 0
9 0
7 0
1 0
5 0
13 0
3 0
13 0
5 0
18 0
14 0
19 0
11 0
4 0
3 0
4 0
16 0
20 0
9 0
19 0
8 0
6 0
13 0
5 0
3 0
7 0
9 0
7 0
7 0
2 0
13 0
17 0
4 0
9 0
11 0
10 0
7 0
14 0
2 0
4 0
11 0
3 0
19 0
2 0
10 0
16 0
9 0
20 0
6 0
2 0
3 0
4 0
1 0
10 0
5 0
10 0
2 0
4 0
15 0
4 0
13 0
14 0
16 0
7 0
3 0
20 0
16 0
4 0
4 0
20 0
19 0
3 0
20 0
6 0
13 0
19 0
10 0
2 0
19 0
9 0
11 0
10 0
7 0
10 0
14 0
15 0
20 0
5 0
1 0
18 0
15 0
15 0
13 0
19 0
7 0
11 0
12 0
16 0
1 0
15 0
18 0
12 0
5 0
8 0
9 0
13 0
11 0
9 0
8 0
4 0
14 0
6 0
18 0
12 0
13 0
2 0
7 0
20 0
4 0
7 0
4 0
9 0
17 0
3 0
10 0
20 0
16 0
10 0
19 0
6 0
5 0
9 0
20 0
8 0
9 0
2 0
3 0
12 0
17 0
2 0
14 0
11 0
8 0
13 0
4 0
8 0
11 0
16 0
16 0
19 0
4 0
14 0
18 0
10 0
20 0
12 0
13 0
12 0
11 0
15 0
11 0
3 0
19 0
18 0
7 0
18 0
13 0
17 0
9 0
1 0
6 0
10 0
1 0
10 0
1 0
6 0
11 0
20 0
17 0
8 0
18 0
14 0
17 0
10 0
14 0
18 0
6 0
9 0
16 0
18 0
2 0
14 0
13 0
16 0
6 0
12 0
10 0
11 0
20 0
13 0
13 0
20 0
6 0
16 0
17 0
19 0
10 0
11 0
12 0
14 0
9 0
11 0
12 0
3 0
14 0
19 0
1 0
4 0
12 0
7 0
10 0
17 0
4 0
15 0
15 0
10 0
20 0
5 0
4 0
15 0
19 0
17 0
9 0
6 0
14 0
17 0
4 0
1 0
4 0
11 0
4 0
6 0
5 0
17 0
9 0
5 0
10 0
11 0
9 0
16 0
15 0
14 0
14 0
13 0
9 0
9 0
2 0
2 0
11 0
17 0
15 0
13 0
4 0
11 0
15 0
17 0
2 0
20 0
15 0
9 0
1 0
19 0
4 0
1 0
18 0
4 0
12 0
11 0
13 0
11 0
12 0
10 0
14 0
18 0
15 0
6 0
6 0
11 0
7 0
13 0
4 0
11 0
12 0
9 0
6 0
16 0
20 0
7 0
1 0
13 0
13 0
1 0
8 0
17 0
16 0
10 0
6 0
7 0
4 0
19 0
15 0
11 0
1 0
11 0
3 0
9 0
20 0
15 0
18 0
15 0
19 0
10 0
12 0
12 0
12 0
6 0
14 0
16 0
4 0
3 0
1 0
1 0
17 0
8 0
6 0
14 0
7 0
7 0
10 0
2 0
3 0
12 0
13 0
3 0
18 0
3 0
6 0
1 0
4 0
19 0
17 0
8 0
9 0
18 0
18 0
3 0
4 0
12 0
9 0
17 0
1 0
6 0
6 0
5 0
6 0
13 0
6 0
16 0
13 0
5 0
19 0
9 0
15 0
1 0
14 0
6 0
19 0
7 0
10 0
12 0
3 0
1 0
19 0
16 0
14 0
3 0
8 0
9 0
14 0
11 0
14 0
17 0
15 0
19 0
16 0
7 0
2 0
17 0
1 0
19 0
2 0
6 0
9 0
17 0
5 0
13 0
7 0
20 0
12 0
4 0
7 0
12 0
10 0
3 0
15 0
12 0
15 0
16 0
15 0
10 0
10 0
2 0
20 0
1 0
19 0
7 0
9 0
8 0
18 0
17 0
2 0
4 0
5 0
15 0
13 0
2 0
17 0
4 0
12 0
15 0
7 0
7 0
13 0
18 0
6 0
13 0
7 0
9 0
4 0
9 0
14 0
15 0
17 0
18 0
8 0
2 0
15 0
14 0
19 0
16 0
7 0
1 0
2 0
4 0
7 0
19 0
9 0
6 0
7 0
7 0
3 0
10 0
11 0
13 0
3 0
19 0
12 0
12 0
15 0
11 0
2 0
12 0
7 0
11 0
19 0
20 0
11 0
7 0
4 0
5 0
14 0
19 0
13 0
6 0
4 0
3 0
18 0
5 0
3 0
11 0
17 0
15 0
14 0
1 0
4 0
17 0
18 0
8 0
15 0
1 0
5 0
6 0
11 0
16 0
6 0
2 0
13 0
14 0
2 0
17 0
15 0
2 0
11 0
8 0
16 0
6 0
5 0
19 0
5 0
13 0
16 0
3 0
9 0
1 0
1 0
7 0
20 0
4 0
14 0
6 0
6 0
8 0
1 0
20 0
11 0
14 0
10 0
11 0
12 0
5 0
5 0
1 0
4 0
2 0
18 0
17 0
14 0
16 0
11 0
7 0
7 0
10 0
9 0
2 0
6 0
15 0
16 0
16 0
15 0
19 0
5 0
12 0
9 0
4 0
6 0
5 0
11 0
14 0
20 0
16 0
8 0
8 0
9 0
16 0
13 0
6 0
2 0
6 0
13 0
20 0
9 0
7 0
2 0
7 0
19 0
12 0
16 0
8 0
4 0
16 0
11 0
16 0
7 0
4 0
1 0
3 0
3 0
8 0
10 0
13 0
3 0
18 0
4 0
4 0
20 0
10 0
18 0
4 0
19 0
8 0
18 0
6 0
2 0
15 0
17 0
17 0
13 0
9 0
7 0
14 0
14 0
20 0
11 0
19 0
15 0
20 0
19 0
10 0
8 0
7 0
18 0
18 0
11 0
13 0
11 0
5 0
3 0
4 0
8 0
14 0
9 0
9 0
9 0
9 0
11 0
10 0
6 0
8 0
20 0
10 0
19 0
8 0
2 0
20 0
16 0
6 0
19 0
12 0
7 0
15 0
7 0
3 0
6 0
8 0
5 0
20 0
16 0
11 0
19 0
8 0
4 0
7 0
11 0
5 0
17 0
5 0
4 0
9 0
18 0
4 0
6 0
8 0
16 0
13 0
17 0
6 0
5 0
12 0
4 0
8 0
15 0
18 0
19 0
19 0
7 0
9 0
16 0
3 0
16 0
18 0
10 0
8 0
16 0
9 0
13 0
14 0
15 0
1 0
1 0
1 0
19 0
19 0
19 0
6 0
1 0
20 0
3 0
20 0
18 0
1 0
11 0
15 0
3 0
7 0
15 0
6 0
8 0
20 0
3 0
12 0
7 0
19 0
13 0
10 0
2 0
14 0
12 0
10 0
11 0
1 0
10 0
11 0
3 0
19 0
14 0
13 0
2 0
4 0
17 0
18 0
13 0
11 0
15 0
13 0
7 0
7 0
18 0
7 0
13 0
18 0
19 0
1 0
20 0
20 0
11 0
4 0
1 0
6 0
9 0
4 0
2 0
1 0
12 0
15 0
10 0
4 0
3 0
4 0
8 0
8 0
10 0
10 0
20 0
2 0
8 0
9 0
9 0
10 0
3 0
17 0
4 0
18 0
20 0
20 0
5 0
12 0
18 0
10 0
8 0
11 0
3 0
2 0
13 0
11 0
2 0
7 0
15 0
1 0
7 0
4 0
12 0
14 0
5 0
10 0
14 0
14 0
8 0
8 0
18 0
3 0
10 0
13 0
13 0
3 0
10 0
15 0
9 0
8 0
18 0
8 0
18 0
10 0
16 0
8 0
3 0
20 0
18 0
11 0
9 0
6 0
11 0
9 0
19 0
18 0
13 0
11 0
3 0
17 0
13 0
6 0
13 0
1 0
2 0
20 0
20 0
6 0
7 0
18 0
10 0
20 0
11 0
12 0
1 0
13 0
14 0
2 0
18 0
1 0
8 0
7 0
8 0
19 0
18 0
17 0
8 0
5 0
6 0
8 0
17 0
19 0
12 0
12 0
2 0
14 0
17 0
15 0
10 0
19 0
19 0
20 0
12 0
11 0
12 0
20 0
9 0
6 0
15 0
7 0
17 0
12 0
19 0
6 0
7 0
20 0
2 0
1 0
3 0
1 0
14 0
4 0
7 0
18 0
15 0
19 0
14 0
11 0
11 0
15 0
1 0
16 0
7 0
17 0
3 0
1 0
16 0
20 0
7 0
1 0
15 0
12 0
11 0
18 0
7 0
18 0
1 0
12 0
19 0
18 0
6 0
19 0
7 0
6 0
18 0
11 0
15 0
1 0
20 0
2 0
12 0
18 0
18 0
6 0
15 0
3 0
5 0
19 0
19 0
7 0
5 0
18 0
10 0
15 0
1 0
6 0
9 0
2 0
12 0
18 0
17 0
14 0
5 0
6 0
14 0
18 0
12 0
11 0
18 0
10 0
19 0
1 0
2 0
19 0
2 0
10 0
16 0
19 0
19 0
14 0
17 0
17 0
14 0
15 0
13 0
12 0
9 0
17 0
8 0
18 0
4 0
3 0
18 0
12 0
6 0
6 0
7 0
15 0
10 0
1 0
3 0
5 0
14 0
2 0
9 0
18 0
13 0
12 0
11 0
6 0
9 0
13 0
9 0
19 0
2 0
18 0
1 0
16 0
20 0