10000
20 1 1
14 2 2 3
8 2 4 5
13 3 6 7 8
13 1 9
16 2 10 11
17 3 12 13 14
10 3 15 16 17
15 1 18
14 2 19 20
19 2 21 22
13 3 23 24 25
16 2 26 27
15 1 28
14 3 29 30 31
16 3 32 33 34
5 2 35 36
18 2 37 38
20 2 39 40
2 3 41 42 43
11 3 44 45 46
6 3 47 48 49
18 2 50 51
9 3 52 53 54
11 2 55 56
6 3 57 58 59
10 3 60 61 62
17 1 63
13 3 64 65 66
2 1 67
9 3 68 69 70
1 1 71
3 1 72
20 2 73 74
20 1 75
4 1 76
16 2 77 78
5 1 79
4 2 80 81
8 1 82
20 2 83 84
16 3 85 86 87
5 3 88 89 90
4 1 91
12 2 92 93
12 1 94
11 2 95 96
11 3 97 98 99
19 3 100 101 102
18 2 103 104
16 2 105 106
1 3 107 108 109
2 3 110 111 112
5 1 113
3 3 114 115 116
1 3 117 118 119
9 2 120 121
11 3 122 123 124
11 3 125 126 127
11 2 128 129
10 1 130
12 1 131
2 2 132 133
19 3 134 135 136
3 2 137 138
11 2 139 140
12 1 141
14 1 142
5 3 143 144 145
16 3 146 147 148
4 3 149 150 151
4 2 152 153
6 1 154
5 3 155 156 157
3 2 158 159
3 2 160 161
3 1 162
6 2 163 164
17 2 165 166
4 2 167 168
6 1 169
4 2 170 171
9 3 172 173 174
6 1 175
1 2 176 177
15 3 178 179 180
14 1 181
12 2 182 183
7 2 184 185
7 1 186
11 2 187 188
2 2 189 190
7 2 191 192
1 2 193 194
3 3 195 196 197
5 2 198 199
20 3 200 201 202
17 2 203 204
7 2 205 206
18 2 207 208
4 2 209 210
6 3 211 212 213
2 1 214
15 1 215
20 3 216 217 218
7 1 219
4 3 220 221 222
17 2 223 224
2 3 225 226 227
7 2 228 229
19 3 230 231 232
11 1 233
18 2 234 235
7 2 236 237
12 2 238 239
14 1 240
1 3 241 242 243
4 1 244
1 2 245 246
16 3 247 248 249
3 1 250
20 2 251 252
2 3 253 254 255
10 3 256 257 258
5 3 259 260 261
11 3 262 263 264
17 3 265 266 267
11 3 268 269 270
10 2 271 272
11 2 273 274
15 3 275 276 277
13 1 278
14 2 279 280
8 2 281 282
20 3 283 284 285
5 1 286
20 2 287 288
7 1 289
1 3 290 291 292
18 2 293 294
12 2 295 296
8 2 297 298
7 3 299 300 301
17 2 302 303
9 2 304 305
15 1 306
10 2 307 308
8 2 309 310
13 2 311 312
7 1 313
16 1 314
19 3 315 316 317
6 1 318
18 3 319 320 321
11 2 322 323
9 1 324
10 3 325 326 327
17 1 328
6 3 329 330 331
7 3 332 333 334
6 3 335 336 337
12 1 338
13 1 339
11 1 340
15 2 341 342
1 3 343 344 345
11 1 346
6 1 347
9 3 348 349 350
5 2 351 352
15 3 353 354 355
12 2 356 357
10 1 358
4 1 359
6 3 360 361 362
12 2 363 364
7 2 365 366
14 2 367 368
15 3 369 370 371
19 1 372
1 3 373 374 375
18 1 376
20 1 377
17 3 378 379 380
13 2 381 382
15 1 383
15 2 384 385
15 3 386 387 388
11 3 389 390 391
7 1 392
12 2 393 394
19 3 395 396 397
2 3 398 399 400
8 3 401 402 403
10 3 404 405 406
7 3 407 408 409
16 1 410
5 3 411 412 413
9 3 414 415 416
19 3 417 418 419
7 1 420
5 2 421 422
6 1 423
15 1 424
19 1 425
7 1 426
5 3 427 428 429
10 2 430 431
8 1 432
7 1 433
8 1 434
15 2 435 436
16 2 437 438
9 1 439
14 3 440 441 442
2 2 443 444
4 1 445
16 3 446 447 448
2 3 449 450 451
6 1 452
17 1 453
19 3 454 455 456
15 3 457 458 459
4 3 460 461 462
10 3 463 464 465
6 1 466
3 1 467
14 3 468 469 470
18 2 471 472
10 1 473
1 3 474 475 476
4 3 477 478 479
2 3 480 481 482
9 2 483 484
1 1 485
4 3 486 487 488
15 2 489 490
12 3 491 492 493
20 1 494
8 3 495 496 497
17 1 498
2 2 499 500
1 2 501 502
20 1 503
2 2 504 505
4 2 506 507
2 1 508
9 1 509
20 1 510
19 3 511 512 513
18 2 514 515
15 3 516 517 518
4 3 519 520 521
10 1 522
18 3 523 524 525
17 3 526 527 528
5 1 529
20 1 530
6 2 531 532
14 2 533 534
10 1 535
10 1 536
1 3 537 538 539
2 2 540 541
13 3 542 543 544
8 3 545 546 547
1 3 548 549 550
15 1 551
11 1 552
13 3 553 554 555
6 1 556
4 2 557 558
20 3 559 560 561
11 1 562
3 1 563
3 1 564
13 3 565 566 567
12 1 568
9 3 569 570 571
17 3 572 573 574
3 3 575 576 577
3 1 578
14 3 579 580 581
9 1 582
6 1 583
1 1 584
2 3 585 586 587
18 2 588 589
17 2 590 591
13 3 592 593 594
1 3 595 596 597
2 3 598 599 600
15 3 601 602 603
16 1 604
17 3 605 606 607
6 2 608 609
12 1 610
1 3 611 612 613
1 3 614 615 616
11 2 617 618
4 3 619 620 621
2 3 622 623 624
15 3 625 626 627
11 3 628 629 630
5 3 631 632 633
4 3 634 635 636
10 3 637 638 639
3 2 640 641
3 3 642 643 644
5 1 645
17 2 646 647
12 2 648 649
1 1 650
6 3 651 652 653
7 3 654 655 656
9 1 657
20 2 658 659
8 1 660
8 1 661
7 3 662 663 664
15 3 665 666 667
16 3 668 669 670
1 3 671 672 673
14 3 674 675 676
10 3 677 678 679
11 1 680
12 3 681 682 683
19 3 684 685 686
9 2 687 688
17 2 689 690
20 1 691
9 2 692 693
11 2 694 695
13 1 696
1 1 697
17 3 698 699 700
8 2 701 702
13 3 703 704 705
20 3 706 707 708
9 2 709 710
11 1 711
1 1 712
4 1 713
15 3 714 715 716
17 3 717 718 719
9 2 720 721
17 1 722
12 3 723 724 725
6 2 726 727
15 3 728 729 730
8 2 731 732
1 1 733
12 1 734
14 3 735 736 737
11 2 738 739
2 1 740
19 2 741 742
13 1 743
6 1 744
12 3 745 746 747
8 3 748 749 750
14 2 751 752
3 1 753
14 3 754 755 756
17 1 757
9 3 758 759 760
10 3 761 762 763
9 1 764
16 2 765 766
11 2 767 768
19 3 769 770 771
19 2 772 773
6 3 774 775 776
10 3 777 778 779
20 2 780 781
17 2 782 783
13 2 784 785
17 3 786 787 788
15 2 789 790
6 2 791 792
7 3 793 794 795
20 2 796 797
11 3 798 799 800
10 2 801 802
4 2 803 804
9 3 805 806 807
3 2 808 809
17 3 810 811 812
13 2 813 814
10 1 815
12 2 816 817
20 2 818 819
10 3 820 821 822
19 1 823
12 3 824 825 826
20 1 827
17 1 828
14 2 829 830
11 3 831 832 833
4 3 834 835 836
8 1 837
11 1 838
9 3 839 840 841
16 2 842 843
10 3 844 845 846
17 1 847
14 3 848 849 850
4 2 851 852
18 3 853 854 855
8 1 856
5 3 857 858 859
18 2 860 861
8 1 862
9 1 863
20 2 864 865
9 1 866
17 3 867 868 869
3 1 870
5 2 871 872
14 2 873 874
13 1 875
14 3 876 877 878
8 2 879 880
1 2 881 882
13 1 883
17 1 884
7 1 885
12 2 886 887
18 2 888 889
7 3 890 891 892
7 3 893 894 895
8 1 896
15 2 897 898
10 2 899 900
5 2 901 902
1 3 903 904 905
11 2 906 907
17 1 908
11 1 909
7 2 910 911
3 2 912 913
7 2 914 915
1 2 916 917
17 1 918
20 2 919 920
16 2 921 922
6 1 923
13 2 924 925
11 1 926
19 1 927
4 2 928 929
13 2 930 931
12 3 932 933 934
6 1 935
10 1 936
4 3 937 938 939
19 3 940 941 942
15 3 943 944 945
3 2 946 947
7 2 948 949
5 1 950
17 2 951 952
4 1 953
3 2 954 955
14 1 956
20 2 957 958
15 1 959
13 3 960 961 962
13 1 963
11 2 964 965
1 2 966 967
10 1 968
15 2 969 970
10 1 971
2 1 972
11 2 973 974
20 1 975
19 1 976
10 1 977
19 2 978 979
10 1 980
15 3 981 982 983
9 2 984 985
7 3 986 987 988
12 1 989
6 2 990 991
10 1 992
12 1 993
12 3 994 995 996
11 3 997 998 999
7 2 1000 1001
12 1 1002
17 3 1003 1004 1005
19 3 1006 1007 1008
19 3 1009 1010 1011
10 1 1012
18 2 1013 1014
12 3 1015 1016 1017
11 2 1018 1019
14 3 1020 1021 1022
7 1 1023
16 2 1024 1025
11 1 1026
10 1 1027
13 3 1028 1029 1030
17 1 1031
20 3 1032 1033 1034
15 2 1035 1036
7 1 1037
5 3 1038 1039 1040
1 1 1041
14 3 1042 1043 1044
13 3 1045 1046 1047
10 1 1048
17 1 1049
3 2 1050 1051
7 2 1052 1053
15 1 1054
1 1 1055
8 3 1056 1057 1058
16 1 1059
8 1 1060
12 2 1061 1062
19 1 1063
9 1 1064
4 3 1065 1066 1067
19 1 1068
13 1 1069
10 1 1070
17 2 1071 1072
14 3 1073 1074 1075
12 1 1076
19 3 1077 1078 1079
2 1 1080
1 1 1081
3 1 1082
2 2 1083 1084
6 3 1085 1086 1087
20 1 1088
8 2 1089 1090
14 1 1091
18 3 1092 1093 1094
4 3 1095 1096 1097
2 1 1098
10 2 1099 1100
5 3 1101 1102 1103
19 1 1104
17 2 1105 1106
19 3 1107 1108 1109
6 1 1110
1 3 1111 1112 1113
5 1 1114
8 1 1115
1 1 1116
18 1 1117
16 1 1118
10 1 1119
9 1 1120
7 2 1121 1122
9 2 1123 1124
1 3 1125 1126 1127
13 2 1128 1129
5 1 1130
2 2 1131 1132
6 1 1133
1 1 1134
5 3 1135 1136 1137
16 2 1138 1139
15 2 1140 1141
3 3 1142 1143 1144
20 3 1145 1146 1147
6 1 1148
7 2 1149 1150
10 3 1151 1152 1153
9 3 1154 1155 1156
12 3 1157 1158 1159
2 3 1160 1161 1162
6 3 1163 1164 1165
19 1 1166
19 3 1167 1168 1169
6 2 1170 1171
6 1 1172
15 1 1173
9 2 1174 1175
12 2 1176 1177
4 2 1178 1179
7 1 1180
4 2 1181 1182
20 2 1183 1184
2 1 1185
9 2 1186 1187
8 2 1188 1189
18 2 1190 1191
4 2 1192 1193
2 1 1194
13 1 1195
17 3 1196 1197 1198
5 1 1199
9 2 1200 1201
1 2 1202 1203
11 3 1204 1205 1206
7 1 1207
18 2 1208 1209
20 3 1210 1211 1212
9 2 1213 1214
5 2 1215 1216
12 1 1217
6 1 1218
7 3 1219 1220 1221
10 1 1222
9 3 1223 1224 1225
12 1 1226
12 1 1227
19 3 1228 1229 1230
8 3 1231 1232 1233
20 1 1234
14 3 1235 1236 1237
1 3 1238 1239 1240
12 3 1241 1242 1243
6 2 1244 1245
16 2 1246 1247
11 1 1248
6 3 1249 1250 1251
2 2 1252 1253
4 2 1254 1255
20 3 1256 1257 1258
20 1 1259
5 2 1260 1261
19 1 1262
10 3 1263 1264 1265
13 1 1266
12 1 1267
9 1 1268
12 3 1269 1270 1271
9 2 1272 1273
11 2 1274 1275
9 2 1276 1277
7 3 1278 1279 1280
12 3 1281 1282 1283
12 3 1284 1285 1286
4 3 1287 1288 1289
5 3 1290 1291 1292
18 3 1293 1294 1295
12 1 1296
3 1 1297
13 3 1298 1299 1300
11 2 1301 1302
14 3 1303 1304 1305
16 1 1306
8 1 1307
17 1 1308
6 1 1309
16 1 1310
13 1 1311
18 1 1312
7 3 1313 1314 1315
15 1 1316
13 2 1317 1318
2 2 1319 1320
11 2 1321 1322
1 3 1323 1324 1325
17 3 1326 1327 1328
9 3 1329 1330 1331
2 2 1332 1333
8 1 1334
17 2 1335 1336
4 3 1337 1338 1339
8 1 1340
20 1 1341
4 1 1342
8 2 1343 1344
18 3 1345 1346 1347
18 2 1348 1349
17 1 1350
20 3 1351 1352 1353
20 3 1354 1355 1356
19 3 1357 1358 1359
13 1 1360
13 2 1361 1362
12 1 1363
4 1 1364
16 1 1365
10 1 1366
4 2 1367 1368
7 3 1369 1370 1371
4 1 1372
9 2 1373 1374
6 3 1375 1376 1377
13 1 1378
18 3 1379 1380 1381
13 2 1382 1383
14 2 1384 1385
12 1 1386
9 2 1387 1388
7 3 1389 1390 1391
9 3 1392 1393 1394
7 2 1395 1396
14 3 1397 1398 1399
15 2 1400 1401
1 3 1402 1403 1404
1 1 1405
1 2 1406 1407
10 2 1408 1409
2 1 1410
10 3 1411 1412 1413
6 2 1414 1415
9 1 1416
13 1 1417
16 1 1418
7 2 1419 1420
15 1 1421
15 3 1422 1423 1424
13 1 1425
2 3 1426 1427 1428
17 1 1429
16 2 1430 1431
8 2 1432 1433
20 1 1434
10 3 1435 1436 1437
13 2 1438 1439
13 3 1440 1441 1442
18 2 1443 1444
14 2 1445 1446
17 1 1447
11 2 1448 1449
7 2 1450 1451
5 1 1452
8 3 1453 1454 1455
1 3 1456 1457 1458
10 1 1459
18 1 1460
3 1 1461
6 1 1462
1 3 1463 1464 1465
13 2 1466 1467
10 2 1468 1469
10 1 1470
11 2 1471 1472
10 3 1473 1474 1475
9 3 1476 1477 1478
9 2 1479 1480
10 3 1481 1482 1483
18 3 1484 1485 1486
14 3 1487 1488 1489
1 3 1490 1491 1492
14 1 1493
7 1 1494
13 1 1495
2 2 1496 1497
12 1 1498
3 2 1499 1500
10 2 1501 1502
6 1 1503
14 1 1504
14 3 1505 1506 1507
17 3 1508 1509 1510
9 1 1511
19 1 1512
15 2 1513 1514
11 1 1515
7 1 1516
3 3 1517 1518 1519
15 3 1520 1521 1522
17 2 1523 1524
19 3 1525 1526 1527
15 3 1528 1529 1530
10 3 1531 1532 1533
3 2 1534 1535
9 2 1536 1537
10 1 1538
16 3 1539 1540 1541
2 2 1542 1543
18 1 1544
12 1 1545
11 1 1546
17 2 1547 1548
12 2 1549 1550
1 2 1551 1552
11 2 1553 1554
19 1 1555
15 3 1556 1557 1558
15 2 1559 1560
8 3 1561 1562 1563
18 1 1564
9 1 1565
20 3 1566 1567 1568
2 2 1569 1570
9 2 1571 1572
3 3 1573 1574 1575
3 2 1576 1577
8 1 1578
11 1 1579
6 3 1580 1581 1582
11 1 1583
11 2 1584 1585
19 2 1586 1587
17 2 1588 1589
11 2 1590 1591
1 2 1592 1593
7 3 1594 1595 1596
16 2 1597 1598
5 2 1599 1600
17 3 1601 1602 1603
2 3 1604 1605 1606
16 1 1607
15 3 1608 1609 1610
14 1 1611
8 2 1612 1613
8 2 1614 1615
16 2 1616 1617
4 2 1618 1619
2 3 1620 1621 1622
12 2 1623 1624
16 2 1625 1626
19 2 1627 1628
4 1 1629
10 3 1630 1631 1632
20 3 1633 1634 1635
16 3 1636 1637 1638
18 2 1639 1640
3 1 1641
4 3 1642 1643 1644
16 2 1645 1646
10 1 1647
12 2 1648 1649
12 3 1650 1651 1652
5 3 1653 1654 1655
4 3 1656 1657 1658
17 2 1659 1660
6 2 1661 1662
18 1 1663
1 1 1664
13 2 1665 1666
9 1 1667
15 1 1668
20 2 1669 1670
3 2 1671 1672
5 1 1673
12 2 1674 1675
15 3 1676 1677 1678
16 1 1679
5 1 1680
6 1 1681
8 2 1682 1683
3 1 1684
18 2 1685 1686
8 2 1687 1688
10 2 1689 1690
5 1 1691
3 1 1692
8 1 1693
20 3 1694 1695 1696
5 1 1697
14 2 1698 1699
4 3 1700 1701 1702
5 1 1703
2 1 1704
3 1 1705
20 2 1706 1707
15 1 1708
18 2 1709 1710
16 3 1711 1712 1713
7 2 1714 1715
16 2 1716 1717
16 3 1718 1719 1720
1 1 1721
18 1 1722
12 3 1723 1724 1725
11 1 1726
7 3 1727 1728 1729
13 1 1730
4 1 1731
6 2 1732 1733
12 1 1734
2 1 1735
6 2 1736 1737
18 1 1738
2 2 1739 1740
4 2 1741 1742
20 1 1743
8 3 1744 1745 1746
12 2 1747 1748
13 1 1749
17 2 1750 1751
7 2 1752 1753
13 3 1754 1755 1756
12 2 1757 1758
9 3 1759 1760 1761
20 3 1762 1763 1764
3 2 1765 1766
20 2 1767 1768
11 1 1769
3 1 1770
1 1 1771
6 2 1772 1773
20 3 1774 1775 1776
6 1 1777
1 3 1778 1779 1780
9 2 1781 1782
16 1 1783
3 3 1784 1785 1786
5 3 1787 1788 1789
3 3 1790 1791 1792
17 2 1793 1794
5 3 1795 1796 1797
11 3 1798 1799 1800
17 3 1801 1802 1803
12 3 1804 1805 1806
17 3 1807 1808 1809
16 3 1810 1811 1812
16 2 1813 1814
14 2 1815 1816
13 1 1817
1 2 1818 1819
8 2 1820 1821
7 2 1822 1823
19 3 1824 1825 1826
16 1 1827
13 3 1828 1829 1830
11 1 1831
8 1 1832
16 1 1833
3 3 1834 1835 1836
18 1 1837
10 1 1838
12 2 1839 1840
14 2 1841 1842
7 1 1843
12 1 1844
8 2 1845 1846
14 1 1847
14 2 1848 1849
11 3 1850 1851 1852
8 1 1853
9 1 1854
11 1 1855
20 3 1856 1857 1858
19 3 1859 1860 1861
11 3 1862 1863 1864
14 1 1865
7 3 1866 1867 1868
11 1 1869
14 3 1870 1871 1872
4 2 1873 1874
10 1 1875
20 2 1876 1877
4 1 1878
16 1 1879
19 1 1880
15 2 1881 1882
20 2 1883 1884
16 3 1885 1886 1887
2 1 1888
13 2 1889 1890
19 2 1891 1892
12 3 1893 1894 1895
4 1 1896
16 1 1897
10 3 1898 1899 1900
6 3 1901 1902 1903
8 1 1904
5 1 1905
11 2 1906 1907
16 2 1908 1909
11 2 1910 1911
8 2 1912 1913
16 1 1914
8 3 1915 1916 1917
10 3 1918 1919 1920
19 3 1921 1922 1923
2 3 1924 1925 1926
14 1 1927
11 1 1928
20 2 1929 1930
5 2 1931 1932
15 2 1933 1934
1 3 1935 1936 1937
7 3 1938 1939 1940
4 2 1941 1942
14 3 1943 1944 1945
3 3 1946 1947 1948
9 1 1949
9 1 1950
8 1 1951
7 2 1952 1953
18 2 1954 1955
7 1 1956
6 3 1957 1958 1959
7 2 1960 1961
2 1 1962
11 1 1963
11 1 1964
8 3 1965 1966 1967
4 2 1968 1969
17 3 1970 1971 1972
3 2 1973 1974
5 3 1975 1976 1977
14 2 1978 1979
11 2 1980 1981
18 3 1982 1983 1984
18 2 1985 1986
15 1 1987
18 1 1988
18 2 1989 1990
3 2 1991 1992
19 3 1993 1994 1995
18 3 1996 1997 1998
4 1 1999
19 1 2000
7 2 2001 2002
1 1 2003
10 2 2004 2005
7 1 2006
18 2 2007 2008
17 2 2009 2010
18 2 2011 2012
5 2 2013 2014
15 3 2015 2016 2017
9 3 2018 2019 2020
5 2 2021 2022
3 1 2023
3 1 2024
3 2 2025 2026
17 3 2027 2028 2029
4 2 2030 2031
1 2 2032 2033
5 3 2034 2035 2036
4 1 2037
9 3 2038 2039 2040
12 3 2041 2042 2043
19 1 2044
6 3 2045 2046 2047
3 3 2048 2049 2050
16 2 2051 2052
13 2 2053 2054
9 2 2055 2056
17 3 2057 2058 2059
5 1 2060
1 2 2061 2062
9 3 2063 2064 2065
6 1 2066
20 3 2067 2068 2069
1 1 2070
15 3 2071 2072 2073
12 1 2074
19 1 2075
2 3 2076 2077 2078
18 2 2079 2080
10 2 2081 2082
14 1 2083
3 3 2084 2085 2086
1 2 2087 2088
5 2 2089 2090
9 2 2091 2092
8 1 2093
1 3 2094 2095 2096
14 1 2097
3 2 2098 2099
20 3 2100 2101 2102
13 1 2103
8 1 2104
6 2 2105 2106
2 1 2107
10 1 2108
12 2 2109 2110
9 2 2111 2112
3 1 2113
15 3 2114 2115 2116
8 3 2117 2118 2119
18 3 2120 2121 2122
20 1 2123
1 2 2124 2125
20 2 2126 2127
7 3 2128 2129 2130
6 3 2131 2132 2133
16 3 2134 2135 2136
4 1 2137
20 3 2138 2139 2140
15 3 2141 2142 2143
17 2 2144 2145
16 3 2146 2147 2148
7 2 2149 2150
18 3 2151 2152 2153
10 1 2154
13 2 2155 2156
17 2 2157 2158
8 1 2159
6 2 2160 2161
7 2 2162 2163
13 2 2164 2165
9 2 2166 2167
12 2 2168 2169
19 2 2170 2171
18 1 2172
20 2 2173 2174
18 2 2175 2176
5 3 2177 2178 2179
20 2 2180 2181
10 1 2182
3 2 2183 2184
1 1 2185
1 2 2186 2187
17 3 2188 2189 2190
10 1 2191
17 1 2192
2 3 2193 2194 2195
14 1 2196
3 2 2197 2198
2 2 2199 2200
17 1 2201
4 3 2202 2203 2204
20 3 2205 2206 2207
8 3 2208 2209 2210
1 3 2211 2212 2213
11 2 2214 2215
6 3 2216 2217 2218
16 3 2219 2220 2221
11 1 2222
12 1 2223
8 3 2224 2225 2226
12 1 2227
2 2 2228 2229
11 3 2230 2231 2232
15 2 2233 2234
14 2 2235 2236
15 1 2237
15 2 2238 2239
20 2 2240 2241
1 3 2242 2243 2244
14 2 2245 2246
12 1 2247
6 1 2248
17 3 2249 2250 2251
8 1 2252
7 3 2253 2254 2255
17 1 2256
19 3 2257 2258 2259
6 2 2260 2261
4 1 2262
9 3 2263 2264 2265
8 2 2266 2267
6 2 2268 2269
5 3 2270 2271 2272
1 3 2273 2274 2275
15 2 2276 2277
10 1 2278
17 2 2279 2280
17 1 2281
20 2 2282 2283
8 3 2284 2285 2286
6 3 2287 2288 2289
7 2 2290 2291
6 3 2292 2293 2294
2 2 2295 2296
16 1 2297
5 3 2298 2299 2300
9 3 2301 2302 2303
17 2 2304 2305
14 3 2306 2307 2308
15 2 2309 2310
7 2 2311 2312
2 3 2313 2314 2315
3 1 2316
16 3 2317 2318 2319
12 3 2320 2321 2322
8 3 2323 2324 2325
8 1 2326
1 1 2327
19 2 2328 2329
4 2 2330 2331
15 2 2332 2333
10 3 2334 2335 2336
5 3 2337 2338 2339
18 2 2340 2341
7 1 2342
6 1 2343
13 2 2344 2345
13 2 2346 2347
2 3 2348 2349 2350
19 3 2351 2352 2353
4 2 2354 2355
6 1 2356
2 2 2357 2358
2 3 2359 2360 2361
10 1 2362
4 3 2363 2364 2365
11 1 2366
16 1 2367
20 1 2368
20 2 2369 2370
17 2 2371 2372
19 3 2373 2374 2375
20 1 2376
19 3 2377 2378 2379
19 1 2380
6 1 2381
1 3 2382 2383 2384
11 3 2385 2386 2387
7 1 2388
5 3 2389 2390 2391
16 1 2392
20 3 2393 2394 2395
3 3 2396 2397 2398
3 3 2399 2400 2401
16 3 2402 2403 2404
1 2 2405 2406
15 2 2407 2408
18 1 2409
13 1 2410
16 1 2411
2 2 2412 2413
17 2 2414 2415
18 3 2416 2417 2418
17 1 2419
9 1 2420
19 2 2421 2422
19 1 2423
13 2 2424 2425
4 2 2426 2427
17 1 2428
13 1 2429
10 1 2430
19 1 2431
3 1 2432
8 3 2433 2434 2435
9 1 2436
12 1 2437
10 2 2438 2439
5 3 2440 2441 2442
11 2 2443 2444
15 1 2445
11 1 2446
14 1 2447
6 3 2448 2449 2450
19 2 2451 2452
4 2 2453 2454
16 1 2455
4 1 2456
8 2 2457 2458
6 2 2459 2460
17 2 2461 2462
20 2 2463 2464
1 2 2465 2466
10 1 2467
4 1 2468
8 2 2469 2470
11 2 2471 2472
4 3 2473 2474 2475
1 3 2476 2477 2478
2 2 2479 2480
12 3 2481 2482 2483
18 3 2484 2485 2486
20 2 2487 2488
20 1 2489
6 1 2490
12 3 2491 2492 2493
19 1 2494
20 2 2495 2496
3 3 2497 2498 2499
20 1 2500
3 1 2501
16 2 2502 2503
16 3 2504 2505 2506
2 3 2507 2508 2509
2 3 2510 2511 2512
8 3 2513 2514 2515
17 2 2516 2517
7 3 2518 2519 2520
16 3 2521 2522 2523
12 1 2524
20 3 2525 2526 2527
14 1 2528
17 3 2529 2530 2531
19 2 2532 2533
12 1 2534
8 3 2535 2536 2537
10 3 2538 2539 2540
15 3 2541 2542 2543
3 3 2544 2545 2546
17 3 2547 2548 2549
20 3 2550 2551 2552
10 3 2553 2554 2555
1 1 2556
11 2 2557 2558
9 2 2559 2560
10 1 2561
7 3 2562 2563 2564
7 2 2565 2566
7 2 2567 2568
5 2 2569 2570
5 2 2571 2572
19 2 2573 2574
19 3 2575 2576 2577
2 3 2578 2579 2580
12 2 2581 2582
10 3 2583 2584 2585
9 2 2586 2587
15 1 2588
13 3 2589 2590 2591
16 2 2592 2593
9 2 2594 2595
11 1 2596
13 1 2597
8 1 2598
13 1 2599
15 3 2600 2601 2602
2 1 2603
3 2 2604 2605
12 3 2606 2607 2608
12 2 2609 2610
14 1 2611
17 3 2612 2613 2614
4 2 2615 2616
20 1 2617
3 3 2618 2619 2620
2 1 2621
2 2 2622 2623
4 3 2624 2625 2626
18 2 2627 2628
16 2 2629 2630
17 1 2631
8 1 2632
6 3 2633 2634 2635
4 1 2636
10 1 2637
11 1 2638
11 3 2639 2640 2641
16 1 2642
13 1 2643
18 3 2644 2645 2646
1 1 2647
4 1 2648
6 3 2649 2650 2651
1 1 2652
7 2 2653 2654
6 3 2655 2656 2657
17 1 2658
3 2 2659 2660
19 2 2661 2662
13 1 2663
6 3 2664 2665 2666
1 3 2667 2668 2669
11 1 2670
14 2 2671 2672
13 2 2673 2674
10 1 2675
4 1 2676
11 2 2677 2678
18 2 2679 2680
20 1 2681
7 3 2682 2683 2684
15 2 2685 2686
10 3 2687 2688 2689
20 1 2690
17 2 2691 2692
13 2 2693 2694
4 2 2695 2696
18 3 2697 2698 2699
6 1 2700
19 3 2701 2702 2703
12 3 2704 2705 2706
11 3 2707 2708 2709
4 1 2710
7 3 2711 2712 2713
10 1 2714
16 3 2715 2716 2717
7 3 2718 2719 2720
11 3 2721 2722 2723
18 1 2724
10 3 2725 2726 2727
18 1 2728
5 2 2729 2730
11 1 2731
9 3 2732 2733 2734
5 3 2735 2736 2737
9 1 2738
15 2 2739 2740
4 2 2741 2742
11 2 2743 2744
14 1 2745
16 2 2746 2747
11 1 2748
14 2 2749 2750
18 1 2751
4 1 2752
10 3 2753 2754 2755
20 2 2756 2757
11 3 2758 2759 2760
11 3 2761 2762 2763
7 3 2764 2765 2766
7 2 2767 2768
9 3 2769 2770 2771
11 2 2772 2773
20 1 2774
13 1 2775
13 2 2776 2777
4 1 2778
2 1 2779
9 1 2780
10 3 2781 2782 2783
17 3 2784 2785 2786
9 2 2787 2788
17 2 2789 2790
3 3 2791 2792 2793
20 2 2794 2795
13 2 2796 2797
19 2 2798 2799
10 1 2800
20 2 2801 2802
13 2 2803 2804
6 3 2805 2806 2807
17 2 2808 2809
10 2 2810 2811
3 1 2812
7 2 2813 2814
15 1 2815
6 3 2816 2817 2818
5 2 2819 2820
6 1 2821
12 2 2822 2823
17 3 2824 2825 2826
13 1 2827
6 1 2828
19 3 2829 2830 2831
8 2 2832 2833
11 2 2834 2835
14 2 2836 2837
3 2 2838 2839
10 3 2840 2841 2842
17 3 2843 2844 2845
8 3 2846 2847 2848
13 2 2849 2850
6 1 2851
6 2 2852 2853
8 1 2854
13 2 2855 2856
6 3 2857 2858 2859
9 3 2860 2861 2862
3 2 2863 2864
10 2 2865 2866
7 2 2867 2868
11 1 2869
8 1 2870
2 3 2871 2872 2873
9 2 2874 2875
14 2 2876 2877
4 3 2878 2879 2880
10 3 2881 2882 2883
19 1 2884
14 2 2885 2886
8 1 2887
9 3 2888 2889 2890
9 3 2891 2892 2893
3 3 2894 2895 2896
2 3 2897 2898 2899
6 2 2900 2901
20 2 2902 2903
20 1 2904
11 3 2905 2906 2907
11 2 2908 2909
4 1 2910
5 1 2911
15 2 2912 2913
8 2 2914 2915
19 3 2916 2917 2918
20 1 2919
15 3 2920 2921 2922
6 3 2923 2924 2925
6 1 2926
9 1 2927
19 3 2928 2929 2930
17 3 2931 2932 2933
18 3 2934 2935 2936
5 3 2937 2938 2939
6 3 2940 2941 2942
6 3 2943 2944 2945
12 2 2946 2947
8 1 2948
13 2 2949 2950
20 2 2951 2952
8 3 2953 2954 2955
10 1 2956
20 3 2957 2958 2959
20 1 2960
3 1 2961
13 2 2962 2963
20 3 2964 2965 2966
19 1 2967
5 2 2968 2969
5 1 2970
16 3 2971 2972 2973
20 1 2974
7 3 2975 2976 2977
3 1 2978
19 2 2979 2980
15 2 2981 2982
9 2 2983 2984
19 3 2985 2986 2987
15 3 2988 2989 2990
19 2 2991 2992
9 2 2993 2994
5 3 2995 2996 2997
9 1 2998
1 3 2999 3000 3001
13 3 3002 3003 3004
15 1 3005
11 3 3006 3007 3008
5 2 3009 3010
6 3 3011 3012 3013
4 2 3014 3015
10 2 3016 3017
7 2 3018 3019
10 1 3020
13 1 3021
11 1 3022
4 2 3023 3024
10 3 3025 3026 3027
5 2 3028 3029
9 3 3030 3031 3032
5 2 3033 3034
9 1 3035
6 2 3036 3037
4 1 3038
20 3 3039 3040 3041
10 2 3042 3043
5 1 3044
18 2 3045 3046
12 2 3047 3048
4 1 3049
15 3 3050 3051 3052
13 2 3053 3054
3 2 3055 3056
3 1 3057
10 2 3058 3059
6 3 3060 3061 3062
16 1 3063
15 3 3064 3065 3066
2 2 3067 3068
11 2 3069 3070
12 3 3071 3072 3073
20 3 3074 3075 3076
8 2 3077 3078
12 1 3079
19 3 3080 3081 3082
3 1 3083
8 3 3084 3085 3086
20 1 3087
5 3 3088 3089 3090
14 3 3091 3092 3093
17 1 3094
11 1 3095
11 3 3096 3097 3098
7 2 3099 3100
4 1 3101
12 3 3102 3103 3104
13 2 3105 3106
9 2 3107 3108
17 1 3109
10 1 3110
4 3 3111 3112 3113
12 1 3114
11 3 3115 3116 3117
6 1 3118
1 2 3119 3120
15 3 3121 3122 3123
6 3 3124 3125 3126
13 1 3127
8 3 3128 3129 3130
6 1 3131
6 3 3132 3133 3134
2 2 3135 3136
15 1 3137
7 3 3138 3139 3140
3 2 3141 3142
20 3 3143 3144 3145
12 3 3146 3147 3148
6 1 3149
1 1 3150
11 1 3151
19 2 3152 3153
18 3 3154 3155 3156
8 3 3157 3158 3159
6 3 3160 3161 3162
2 2 3163 3164
8 1 3165
10 1 3166
14 1 3167
3 2 3168 3169
4 3 3170 3171 3172
3 2 3173 3174
2 1 3175
6 1 3176
13 3 3177 3178 3179
12 1 3180
20 1 3181
16 3 3182 3183 3184
18 2 3185 3186
2 2 3187 3188
3 3 3189 3190 3191
18 2 3192 3193
1 1 3194
4 3 3195 3196 3197
18 2 3198 3199
3 3 3200 3201 3202
13 1 3203
8 2 3204 3205
16 3 3206 3207 3208
9 1 3209
19 1 3210
8 2 3211 3212
18 3 3213 3214 3215
14 3 3216 3217 3218
10 3 3219 3220 3221
7 2 3222 3223
4 2 3224 3225
16 1 3226
16 1 3227
9 1 3228
17 1 3229
12 2 3230 3231
13 3 3232 3233 3234
20 2 3235 3236
3 1 3237
6 2 3238 3239
8 2 3240 3241
9 1 3242
16 1 3243
16 2 3244 3245
16 3 3246 3247 3248
4 1 3249
8 2 3250 3251
9 1 3252
11 1 3253
13 2 3254 3255
14 1 3256
8 1 3257
1 3 3258 3259 3260
7 3 3261 3262 3263
7 3 3264 3265 3266
3 2 3267 3268
15 1 3269
6 3 3270 3271 3272
20 1 3273
18 2 3274 3275
7 1 3276
17 2 3277 3278
1 1 3279
6 3 3280 3281 3282
8 2 3283 3284
16 1 3285
6 3 3286 3287 3288
5 1 3289
20 2 3290 3291
1 2 3292 3293
5 3 3294 3295 3296
9 3 3297 3298 3299
8 3 3300 3301 3302
12 1 3303
20 1 3304
17 2 3305 3306
6 3 3307 3308 3309
6 2 3310 3311
9 1 3312
3 1 3313
6 1 3314
13 1 3315
18 3 3316 3317 3318
2 3 3319 3320 3321
9 3 3322 3323 3324
9 1 3325
4 1 3326
19 1 3327
7 1 3328
2 3 3329 3330 3331
9 2 3332 3333
9 1 3334
15 2 3335 3336
15 1 3337
15 3 3338 3339 3340
16 1 3341
5 1 3342
8 1 3343
11 3 3344 3345 3346
15 3 3347 3348 3349
14 2 3350 3351
19 1 3352
13 2 3353 3354
13 1 3355
16 1 3356
1 1 3357
8 1 3358
5 3 3359 3360 3361
11 1 3362
1 1 3363
3 3 3364 3365 3366
11 3 3367 3368 3369
8 2 3370 3371
19 1 3372
2 1 3373
4 3 3374 3375 3376
14 1 3377
5 2 3378 3379
13 1 3380
9 1 3381
5 3 3382 3383 3384
2 1 3385
11 1 3386
18 3 3387 3388 3389
10 3 3390 3391 3392
8 2 3393 3394
5 3 3395 3396 3397
7 3 3398 3399 3400
3 2 3401 3402
6 1 3403
19 2 3404 3405
6 1 3406
9 1 3407
10 2 3408 3409
20 2 3410 3411
20 1 3412
15 1 3413
2 2 3414 3415
1 2 3416 3417
9 3 3418 3419 3420
10 1 3421
2 1 3422
8 3 3423 3424 3425
14 1 3426
1 3 3427 3428 3429
6 1 3430
12 2 3431 3432
2 3 3433 3434 3435
12 1 3436
19 2 3437 3438
5 2 3439 3440
14 2 3441 3442
1 2 3443 3444
1 2 3445 3446
9 2 3447 3448
2 2 3449 3450
15 2 3451 3452
3 3 3453 3454 3455
18 2 3456 3457
10 1 3458
7 3 3459 3460 3461
9 2 3462 3463
6 1 3464
7 2 3465 3466
12 3 3467 3468 3469
15 1 3470
14 2 3471 3472
17 1 3473
12 3 3474 3475 3476
4 1 3477
16 3 3478 3479 3480
2 3 3481 3482 3483
4 3 3484 3485 3486
18 1 3487
3 1 3488
6 2 3489 3490
6 2 3491 3492
9 3 3493 3494 3495
12 2 3496 3497
14 1 3498
12 1 3499
3 3 3500 3501 3502
19 2 3503 3504
12 3 3505 3506 3507
17 3 3508 3509 3510
5 3 3511 3512 3513
20 2 3514 3515
2 2 3516 3517
7 2 3518 3519
17 1 3520
10 3 3521 3522 3523
16 1 3524
18 3 3525 3526 3527
1 2 3528 3529
8 3 3530 3531 3532
11 3 3533 3534 3535
12 3 3536 3537 3538
14 1 3539
9 2 3540 3541
18 3 3542 3543 3544
1 1 3545
10 3 3546 3547 3548
13 3 3549 3550 3551
5 1 3552
4 1 3553
12 1 3554
14 2 3555 3556
1 1 3557
9 1 3558
8 2 3559 3560
5 1 3561
14 2 3562 3563
3 1 3564
9 2 3565 3566
9 1 3567
13 2 3568 3569
14 3 3570 3571 3572
18 1 3573
9 3 3574 3575 3576
16 1 3577
2 3 3578 3579 3580
4 3 3581 3582 3583
1 3 3584 3585 3586
3 1 3587
11 1 3588
10 3 3589 3590 3591
10 3 3592 3593 3594
17 2 3595 3596
6 3 3597 3598 3599
18 2 3600 3601
6 2 3602 3603
8 1 3604
12 3 3605 3606 3607
14 2 3608 3609
17 2 3610 3611
5 1 3612
4 1 3613
3 3 3614 3615 3616
5 2 3617 3618
20 3 3619 3620 3621
15 3 3622 3623 3624
4 3 3625 3626 3627
14 1 3628
1 3 3629 3630 3631
1 2 3632 3633
10 2 3634 3635
2 2 3636 3637
18 2 3638 3639
11 3 3640 3641 3642
13 2 3643 3644
3 3 3645 3646 3647
14 3 3648 3649 3650
18 1 3651
5 3 3652 3653 3654
2 1 3655
18 2 3656 3657
13 1 3658
7 1 3659
20 3 3660 3661 3662
18 2 3663 3664
17 2 3665 3666
17 1 3667
3 3 3668 3669 3670
9 2 3671 3672
2 1 3673
13 1 3674
20 1 3675
16 3 3676 3677 3678
7 2 3679 3680
13 1 3681
15 2 3682 3683
11 1 3684
19 2 3685 3686
16 1 3687
11 2 3688 3689
20 3 3690 3691 3692
3 3 3693 3694 3695
20 1 3696
15 2 3697 3698
13 3 3699 3700 3701
14 3 3702 3703 3704
13 2 3705 3706
9 1 3707
14 1 3708
3 2 3709 3710
15 3 3711 3712 3713
6 3 3714 3715 3716
16 2 3717 3718
19 2 3719 3720
6 3 3721 3722 3723
3 2 3724 3725
4 2 3726 3727
15 2 3728 3729
14 3 3730 3731 3732
15 1 3733
20 3 3734 3735 3736
2 1 3737
5 2 3738 3739
18 2 3740 3741
17 3 3742 3743 3744
17 1 3745
3 3 3746 3747 3748
19 3 3749 3750 3751
6 3 3752 3753 3754
10 3 3755 3756 3757
10 1 3758
16 2 3759 3760
17 1 3761
16 3 3762 3763 3764
19 1 3765
19 1 3766
18 1 3767
4 3 3768 3769 3770
18 1 3771
8 2 3772 3773
20 2 3774 3775
10 3 3776 3777 3778
16 3 3779 3780 3781
3 3 3782 3783 3784
12 2 3785 3786
5 1 3787
6 2 3788 3789
16 3 3790 3791 3792
9 3 3793 3794 3795
1 3 3796 3797 3798
16 2 3799 3800
16 3 3801 3802 3803
2 3 3804 3805 3806
10 1 3807
20 2 3808 3809
11 2 3810 3811
11 2 3812 3813
14 3 3814 3815 3816
14 2 3817 3818
3 3 3819 3820 3821
10 1 3822
10 2 3823 3824
15 2 3825 3826
9 3 3827 3828 3829
19 1 3830
9 2 3831 3832
16 2 3833 3834
14 1 3835
2 2 3836 3837
18 1 3838
11 1 3839
16 1 3840
20 1 3841
15 2 3842 3843
15 2 3844 3845
14 2 3846 3847
5 3 3848 3849 3850
19 1 3851
11 3 3852 3853 3854
13 3 3855 3856 3857
1 3 3858 3859 3860
16 1 3861
8 1 3862
9 3 3863 3864 3865
5 3 3866 3867 3868
2 2 3869 3870
6 1 3871
3 3 3872 3873 3874
16 3 3875 3876 3877
5 2 3878 3879
15 1 3880
12 2 3881 3882
2 1 3883
11 1 3884
15 3 3885 3886 3887
15 1 3888
17 2 3889 3890
12 3 3891 3892 3893
6 2 3894 3895
19 3 3896 3897 3898
5 3 3899 3900 3901
1 2 3902 3903
2 2 3904 3905
17 2 3906 3907
16 1 3908
10 3 3909 3910 3911
18 3 3912 3913 3914
14 2 3915 3916
18 3 3917 3918 3919
17 3 3920 3921 3922
7 1 3923
6 1 3924
2 2 3925 3926
4 1 3927
15 1 3928
15 3 3929 3930 3931
1 1 3932
14 3 3933 3934 3935
14 2 3936 3937
13 3 3938 3939 3940
14 3 3941 3942 3943
19 2 3944 3945
2 3 3946 3947 3948
7 1 3949
13 2 3950 3951
17 2 3952 3953
7 2 3954 3955
1 2 3956 3957
5 2 3958 3959
18 3 3960 3961 3962
13 1 3963
5 2 3964 3965
8 2 3966 3967
11 2 3968 3969
7 3 3970 3971 3972
16 1 3973
4 3 3974 3975 3976
3 1 3977
7 1 3978
17 1 3979
3 2 3980 3981
15 1 3982
6 3 3983 3984 3985
10 2 3986 3987
3 3 3988 3989 3990
1 1 3991
3 3 3992 3993 3994
4 2 3995 3996
7 3 3997 3998 3999
11 2 4000 4001
11 3 4002 4003 4004
16 3 4005 4006 4007
1 1 4008
14 3 4009 4010 4011
19 1 4012
2 2 4013 4014
10 3 4015 4016 4017
2 2 4018 4019
9 3 4020 4021 4022
18 1 4023
14 1 4024
17 2 4025 4026
14 2 4027 4028
4 3 4029 4030 4031
10 2 4032 4033
18 3 4034 4035 4036
10 2 4037 4038
15 1 4039
3 1 4040
15 3 4041 4042 4043
4 3 4044 4045 4046
8 3 4047 4048 4049
4 1 4050
19 2 4051 4052
18 3 4053 4054 4055
9 2 4056 4057
16 1 4058
6 1 4059
5 1 4060
2 2 4061 4062
10 1 4063
4 2 4064 4065
17 1 4066
15 2 4067 4068
3 1 4069
14 2 4070 4071
20 2 4072 4073
16 2 4074 4075
11 2 4076 4077
5 1 4078
3 2 4079 4080
8 1 4081
13 2 4082 4083
7 3 4084 4085 4086
11 3 4087 4088 4089
15 1 4090
19 1 4091
3 1 4092
10 3 4093 4094 4095
12 2 4096 4097
13 2 4098 4099
13 3 4100 4101 4102
16 1 4103
11 1 4104
20 1 4105
4 1 4106
20 2 4107 4108
3 1 4109
9 3 4110 4111 4112
20 1 4113
9 3 4114 4115 4116
16 2 4117 4118
2 1 4119
12 1 4120
14 1 4121
10 3 4122 4123 4124
12 1 4125
19 3 4126 4127 4128
13 2 4129 4130
16 2 4131 4132
16 2 4133 4134
11 2 4135 4136
9 1 4137
7 2 4138 4139
2 1 4140
20 3 4141 4142 4143
16 3 4144 4145 4146
20 2 4147 4148
17 1 4149
2 1 4150
6 3 4151 4152 4153
1 3 4154 4155 4156
8 3 4157 4158 4159
1 2 4160 4161
14 3 4162 4163 4164
20 3 4165 4166 4167
2 1 4168
14 2 4169 4170
19 1 4171
13 2 4172 4173
13 1 4174
14 3 4175 4176 4177
8 2 4178 4179
18 2 4180 4181
6 3 4182 4183 4184
6 3 4185 4186 4187
10 3 4188 4189 4190
12 2 4191 4192
10 3 4193 4194 4195
16 3 4196 4197 4198
19 3 4199 4200 4201
4 1 4202
16 2 4203 4204
20 2 4205 4206
11 2 4207 4208
9 3 4209 4210 4211
6 3 4212 4213 4214
18 3 4215 4216 4217
11 2 4218 4219
11 3 4220 4221 4222
12 2 4223 4224
17 1 4225
1 1 4226
16 3 4227 4228 4229
15 3 4230 4231 4232
13 2 4233 4234
13 2 4235 4236
16 1 4237
8 3 4238 4239 4240
10 1 4241
20 1 4242
3 3 4243 4244 4245
4 1 4246
14 3 4247 4248 4249
12 2 4250 4251
10 3 4252 4253 4254
14 2 4255 4256
9 2 4257 4258
18 2 4259 4260
16 3 4261 4262 4263
12 2 4264 4265
20 1 4266
16 2 4267 4268
16 1 4269
19 2 4270 4271
5 1 4272
7 2 4273 4274
19 2 4275 4276
9 2 4277 4278
18 2 4279 4280
3 1 4281
8 3 4282 4283 4284
1 1 4285
19 3 4286 4287 4288
6 2 4289 4290
15 2 4291 4292
13 2 4293 4294
10 1 4295
19 2 4296 4297
4 2 4298 4299
16 1 4300
13 3 4301 4302 4303
17 1 4304
1 3 4305 4306 4307
9 3 4308 4309 4310
14 1 4311
3 3 4312 4313 4314
7 3 4315 4316 4317
10 2 4318 4319
16 1 4320
3 3 4321 4322 4323
5 3 4324 4325 4326
7 2 4327 4328
5 2 4329 4330
18 3 4331 4332 4333
6 3 4334 4335 4336
4 1 4337
20 2 4338 4339
18 3 4340 4341 4342
3 1 4343
8 3 4344 4345 4346
7 3 4347 4348 4349
2 1 4350
14 2 4351 4352
6 3 4353 4354 4355
5 1 4356
13 1 4357
11 3 4358 4359 4360
15 3 4361 4362 4363
7 1 4364
4 2 4365 4366
13 3 4367 4368 4369
11 3 4370 4371 4372
12 3 4373 4374 4375
9 3 4376 4377 4378
18 2 4379 4380
8 3 4381 4382 4383
2 2 4384 4385
20 1 4386
13 2 4387 4388
8 3 4389 4390 4391
10 2 4392 4393
18 2 4394 4395
11 1 4396
7 3 4397 4398 4399
6 1 4400
2 3 4401 4402 4403
3 1 4404
19 2 4405 4406
5 3 4407 4408 4409
9 3 4410 4411 4412
2 3 4413 4414 4415
6 3 4416 4417 4418
12 3 4419 4420 4421
18 2 4422 4423
5 3 4424 4425 4426
11 3 4427 4428 4429
14 3 4430 4431 4432
3 1 4433
1 3 4434 4435 4436
18 3 4437 4438 4439
13 2 4440 4441
17 3 4442 4443 4444
20 2 4445 4446
2 3 4447 4448 4449
4 1 4450
4 2 4451 4452
8 3 4453 4454 4455
19 3 4456 4457 4458
18 3 4459 4460 4461
5 3 4462 4463 4464
18 3 4465 4466 4467
12 1 4468
17 3 4469 4470 4471
17 3 4472 4473 4474
8 1 4475
10 3 4476 4477 4478
4 2 4479 4480
20 1 4481
13 1 4482
8 1 4483
7 1 4484
7 3 4485 4486 4487
20 2 4488 4489
13 3 4490 4491 4492
16 3 4493 4494 4495
14 2 4496 4497
17 3 4498 4499 4500
3 2 4501 4502
16 2 4503 4504
16 3 4505 4506 4507
2 2 4508 4509
18 1 4510
9 3 4511 4512 4513
6 1 4514
18 3 4515 4516 4517
4 1 4518
1 1 4519
1 2 4520 4521
13 1 4522
20 3 4523 4524 4525
10 2 4526 4527
1 2 4528 4529
20 2 4530 4531
15 1 4532
19 1 4533
14 2 4534 4535
13 1 4536
14 2 4537 4538
14 2 4539 4540
14 1 4541
19 3 4542 4543 4544
16 1 4545
17 2 4546 4547
8 2 4548 4549
6 3 4550 4551 4552
5 2 4553 4554
12 3 4555 4556 4557
1 2 4558 4559
5 2 4560 4561
10 3 4562 4563 4564
20 3 4565 4566 4567
8 2 4568 4569
12 3 4570 4571 4572
2 2 4573 4574
18 2 4575 4576
9 2 4577 4578
18 1 4579
2 2 4580 4581
13 2 4582 4583
3 1 4584
13 3 4585 4586 4587
14 2 4588 4589
16 1 4590
4 1 4591
16 1 4592
18 1 4593
8 3 4594 4595 4596
11 2 4597 4598
9 2 4599 4600
11 1 4601
15 3 4602 4603 4604
1 1 4605
9 1 4606
8 1 4607
7 3 4608 4609 4610
6 3 4611 4612 4613
14 3 4614 4615 4616
18 1 4617
3 1 4618
13 1 4619
15 3 4620 4621 4622
16 2 4623 4624
14 3 4625 4626 4627
20 2 4628 4629
20 2 4630 4631
2 2 4632 4633
4 1 4634
3 3 4635 4636 4637
11 2 4638 4639
16 1 4640
18 2 4641 4642
12 2 4643 4644
6 1 4645
19 3 4646 4647 4648
17 1 4649
19 1 4650
15 1 4651
12 1 4652
1 1 4653
5 2 4654 4655
7 2 4656 4657
17 2 4658 4659
3 2 4660 4661
9 2 4662 4663
9 2 4664 4665
18 2 4666 4667
17 2 4668 4669
12 1 4670
13 3 4671 4672 4673
8 1 4674
2 3 4675 4676 4677
16 1 4678
19 1 4679
7 1 4680
9 2 4681 4682
8 2 4683 4684
4 1 4685
19 3 4686 4687 4688
18 3 4689 4690 4691
12 1 4692
16 2 4693 4694
7 3 4695 4696 4697
1 2 4698 4699
11 2 4700 4701
12 2 4702 4703
19 1 4704
2 3 4705 4706 4707
10 3 4708 4709 4710
4 3 4711 4712 4713
4 2 4714 4715
19 1 4716
19 2 4717 4718
15 2 4719 4720
13 3 4721 4722 4723
18 3 4724 4725 4726
12 3 4727 4728 4729
7 2 4730 4731
2 1 4732
1 2 4733 4734
16 2 4735 4736
7 1 4737
13 3 4738 4739 4740
4 2 4741 4742
4 2 4743 4744
11 2 4745 4746
19 3 4747 4748 4749
13 1 4750
1 2 4751 4752
1 2 4753 4754
2 1 4755
2 1 4756
15 1 4757
11 3 4758 4759 4760
16 1 4761
11 2 4762 4763
18 3 4764 4765 4766
11 3 4767 4768 4769
17 1 4770
6 1 4771
2 3 4772 4773 4774
12 3 4775 4776 4777
12 2 4778 4779
19 3 4780 4781 4782
20 2 4783 4784
6 1 4785
9 2 4786 4787
18 1 4788
17 2 4789 4790
8 2 4791 4792
3 1 4793
17 2 4794 4795
16 3 4796 4797 4798
1 3 4799 4800 4801
12 2 4802 4803
1 1 4804
10 2 4805 4806
5 2 4807 4808
2 2 4809 4810
18 1 4811
4 1 4812
6 3 4813 4814 4815
4 3 4816 4817 4818
18 2 4819 4820
1 2 4821 4822
5 1 4823
19 1 4824
8 2 4825 4826
1 3 4827 4828 4829
18 2 4830 4831
2 2 4832 4833
4 2 4834 4835
13 1 4836
18 1 4837
2 2 4838 4839
20 1 4840
4 2 4841 4842
13 2 4843 4844
9 2 4845 4846
12 3 4847 4848 4849
9 3 4850 4851 4852
15 3 4853 4854 4855
13 1 4856
11 3 4857 4858 4859
8 3 4860 4861 4862
11 3 4863 4864 4865
2 2 4866 4867
12 2 4868 4869
4 3 4870 4871 4872
7 2 4873 4874
17 3 4875 4876 4877
14 3 4878 4879 4880
3 3 4881 4882 4883
9 2 4884 4885
10 3 4886 4887 4888
3 1 4889
16 2 4890 4891
11 1 4892
10 1 4893
3 1 4894
12 1 4895
9 3 4896 4897 4898
13 2 4899 4900
15 1 4901
4 2 4902 4903
7 2 4904 4905
18 2 4906 4907
6 3 4908 4909 4910
12 1 4911
2 1 4912
10 2 4913 4914
2 1 4915
18 1 4916
17 1 4917
12 1 4918
20 1 4919
18 3 4920 4921 4922
19 3 4923 4924 4925
11 1 4926
7 3 4927 4928 4929
20 3 4930 4931 4932
1 2 4933 4934
17 2 4935 4936
17 2 4937 4938
14 2 4939 4940
15 3 4941 4942 4943
12 3 4944 4945 4946
9 1 4947
20 2 4948 4949
9 2 4950 4951
9 2 4952 4953
5 3 4954 4955 4956
5 1 4957
1 2 4958 4959
17 3 4960 4961 4962
18 1 4963
9 1 4964
15 2 4965 4966
8 2 4967 4968
12 1 4969
18 3 4970 4971 4972
3 1 4973
13 3 4974 4975 4976
9 1 4977
14 3 4978 4979 4980
9 1 4981
18 2 4982 4983
5 1 4984
15 1 4985
18 3 4986 4987 4988
12 3 4989 4990 4991
12 3 4992 4993 4994
9 2 4995 4996
2 1 4997
6 3 4998 4999 5000
13 1 5001
4 2 5002 5003
2 1 5004
19 2 5005 5006
5 2 5007 5008
15 3 5009 5010 5011
2 1 5012
15 3 5013 5014 5015
13 3 5016 5017 5018
7 3 5019 5020 5021
7 1 5022
18 1 5023
5 3 5024 5025 5026
11 1 5027
2 3 5028 5029 5030
11 1 5031
12 1 5032
6 2 5033 5034
14 3 5035 5036 5037
20 3 5038 5039 5040
4 2 5041 5042
9 3 5043 5044 5045
16 2 5046 5047
10 2 5048 5049
20 1 5050
10 1 5051
10 2 5052 5053
4 3 5054 5055 5056
9 1 5057
17 2 5058 5059
9 3 5060 5061 5062
1 1 5063
3 3 5064 5065 5066
10 1 5067
13 1 5068
6 3 5069 5070 5071
12 1 5072
11 3 5073 5074 5075
2 1 5076
14 3 5077 5078 5079
9 1 5080
12 1 5081
6 2 5082 5083
7 1 5084
19 2 5085 5086
12 3 5087 5088 5089
3 1 5090
15 1 5091
10 2 5092 5093
15 2 5094 5095
17 2 5096 5097
2 1 5098
14 2 5099 5100
4 1 5101
3 3 5102 5103 5104
2 2 5105 5106
17 2 5107 5108
14 2 5109 5110
1 3 5111 5112 5113
17 1 5114
19 2 5115 5116
4 2 5117 5118
4 2 5119 5120
5 2 5121 5122
5 3 5123 5124 5125
10 2 5126 5127
8 3 5128 5129 5130
19 3 5131 5132 5133
2 2 5134 5135
16 1 5136
4 3 5137 5138 5139
11 2 5140 5141
1 1 5142
1 2 5143 5144
13 2 5145 5146
17 2 5147 5148
20 1 5149
6 3 5150 5151 5152
15 3 5153 5154 5155
19 3 5156 5157 5158
11 2 5159 5160
18 2 5161 5162
14 2 5163 5164
6 2 5165 5166
11 2 5167 5168
20 3 5169 5170 5171
9 1 5172
2 1 5173
10 2 5174 5175
7 3 5176 5177 5178
14 2 5179 5180
9 3 5181 5182 5183
19 2 5184 5185
8 3 5186 5187 5188
6 2 5189 5190
1 3 5191 5192 5193
16 1 5194
16 1 5195
11 1 5196
20 3 5197 5198 5199
18 3 5200 5201 5202
10 3 5203 5204 5205
6 2 5206 5207
11 1 5208
4 1 5209
4 2 5210 5211
17 1 5212
8 3 5213 5214 5215
6 1 5216
8 1 5217
13 3 5218 5219 5220
2 3 5221 5222 5223
1 1 5224
13 3 5225 5226 5227
5 2 5228 5229
15 1 5230
1 2 5231 5232
7 2 5233 5234
19 3 5235 5236 5237
2 3 5238 5239 5240
3 3 5241 5242 5243
5 3 5244 5245 5246
10 1 5247
8 2 5248 5249
11 3 5250 5251 5252
6 2 5253 5254
7 1 5255
12 3 5256 5257 5258
4 1 5259
16 3 5260 5261 5262
13 1 5263
9 2 5264 5265
9 3 5266 5267 5268
17 1 5269
10 1 5270
7 2 5271 5272
10 3 5273 5274 5275
2 3 5276 5277 5278
14 3 5279 5280 5281
1 2 5282 5283
4 1 5284
6 3 5285 5286 5287
1 2 5288 5289
10 1 5290
15 3 5291 5292 5293
12 2 5294 5295
14 1 5296
1 2 5297 5298
17 2 5299 5300
13 3 5301 5302 5303
5 1 5304
5 3 5305 5306 5307
2 1 5308
7 2 5309 5310
3 1 5311
9 1 5312
1 1 5313
15 2 5314 5315
13 1 5316
17 1 5317
18 3 5318 5319 5320
8 2 5321 5322
19 2 5323 5324
13 2 5325 5326
4 1 5327
14 2 5328 5329
18 2 5330 5331
6 2 5332 5333
1 1 5334
15 2 5335 5336
20 3 5337 5338 5339
8 3 5340 5341 5342
10 2 5343 5344
20 3 5345 5346 5347
8 1 5348
19 2 5349 5350
6 1 5351
1 2 5352 5353
12 3 5354 5355 5356
18 1 5357
19 1 5358
3 1 5359
15 2 5360 5361
19 2 5362 5363
16 1 5364
3 1 5365
10 2 5366 5367
9 1 5368
18 1 5369
8 1 5370
3 3 5371 5372 5373
1 3 5374 5375 5376
8 3 5377 5378 5379
16 3 5380 5381 5382
15 3 5383 5384 5385
13 1 5386
1 3 5387 5388 5389
19 2 5390 5391
8 3 5392 5393 5394
6 3 5395 5396 5397
19 2 5398 5399
1 1 5400
6 1 5401
15 2 5402 5403
3 2 5404 5405
2 3 5406 5407 5408
6 1 5409
20 3 5410 5411 5412
10 2 5413 5414
16 2 5415 5416
14 1 5417
4 2 5418 5419
7 1 5420
2 1 5421
20 3 5422 5423 5424
20 3 5425 5426 5427
20 1 5428
14 1 5429
10 2 5430 5431
18 2 5432 5433
6 1 5434
6 2 5435 5436
11 3 5437 5438 5439
8 2 5440 5441
4 2 5442 5443
10 1 5444
18 2 5445 5446
14 3 5447 5448 5449
16 1 5450
13 3 5451 5452 5453
18 1 5454
1 2 5455 5456
1 1 5457
5 2 5458 5459
18 1 5460
9 3 5461 5462 5463
8 2 5464 5465
10 1 5466
10 2 5467 5468
11 3 5469 5470 5471
8 2 5472 5473
19 3 5474 5475 5476
11 3 5477 5478 5479
6 2 5480 5481
2 3 5482 5483 5484
9 2 5485 5486
19 3 5487 5488 5489
19 3 5490 5491 5492
3 1 5493
19 2 5494 5495
20 3 5496 5497 5498
14 1 5499
3 2 5500 5501
5 1 5502
20 1 5503
13 2 5504 5505
12 1 5506
2 2 5507 5508
11 2 5509 5510
9 1 5511
12 1 5512
4 3 5513 5514 5515
5 3 5516 5517 5518
3 2 5519 5520
4 3 5521 5522 5523
5 3 5524 5525 5526
16 2 5527 5528
11 3 5529 5530 5531
16 2 5532 5533
3 3 5534 5535 5536
11 2 5537 5538
13 2 5539 5540
11 2 5541 5542
9 1 5543
7 1 5544
6 1 5545
6 1 5546
2 3 5547 5548 5549
14 2 5550 5551
7 2 5552 5553
14 1 5554
20 2 5555 5556
5 2 5557 5558
10 3 5559 5560 5561
4 2 5562 5563
4 1 5564
10 3 5565 5566 5567
16 3 5568 5569 5570
9 3 5571 5572 5573
9 2 5574 5575
13 1 5576
7 3 5577 5578 5579
20 2 5580 5581
12 3 5582 5583 5584
20 1 5585
17 1 5586
19 1 5587
17 2 5588 5589
16 2 5590 5591
16 1 5592
9 3 5593 5594 5595
2 2 5596 5597
17 2 5598 5599
6 2 5600 5601
9 3 5602 5603 5604
11 1 5605
13 3 5606 5607 5608
3 2 5609 5610
16 2 5611 5612
16 3 5613 5614 5615
5 1 5616
19 1 5617
14 3 5618 5619 5620
18 1 5621
17 3 5622 5623 5624
18 3 5625 5626 5627
5 2 5628 5629
19 2 5630 5631
1 3 5632 5633 5634
9 2 5635 5636
9 2 5637 5638
3 2 5639 5640
18 2 5641 5642
13 3 5643 5644 5645
2 3 5646 5647 5648
20 3 5649 5650 5651
3 2 5652 5653
14 3 5654 5655 5656
15 3 5657 5658 5659
11 2 5660 5661
20 3 5662 5663 5664
19 2 5665 5666
6 1 5667
19 2 5668 5669
4 3 5670 5671 5672
12 2 5673 5674
18 3 5675 5676 5677
4 1 5678
16 1 5679
1 2 5680 5681
1 1 5682
10 1 5683
15 3 5684 5685 5686
10 2 5687 5688
12 2 5689 5690
13 3 5691 5692 5693
20 3 5694 5695 5696
6 2 5697 5698
20 1 5699
5 2 5700 5701
9 1 5702
7 3 5703 5704 5705
14 1 5706
7 2 5707 5708
8 2 5709 5710
6 2 5711 5712
4 2 5713 5714
18 1 5715
10 2 5716 5717
9 3 5718 5719 5720
6 1 5721
15 1 5722
14 3 5723 5724 5725
14 2 5726 5727
20 3 5728 5729 5730
9 2 5731 5732
15 2 5733 5734
15 2 5735 5736
3 3 5737 5738 5739
11 1 5740
14 3 5741 5742 5743
14 1 5744
1 3 5745 5746 5747
20 1 5748
16 2 5749 5750
3 2 5751 5752
15 2 5753 5754
5 3 5755 5756 5757
9 3 5758 5759 5760
18 2 5761 5762
4 3 5763 5764 5765
2 1 5766
7 1 5767
14 3 5768 5769 5770
4 2 5771 5772
15 3 5773 5774 5775
17 2 5776 5777
5 1 5778
11 1 5779
17 1 5780
9 2 5781 5782
17 3 5783 5784 5785
19 2 5786 5787
17 2 5788 5789
18 2 5790 5791
10 2 5792 5793
19 3 5794 5795 5796
12 2 5797 5798
4 3 5799 5800 5801
15 1 5802
15 1 5803
19 3 5804 5805 5806
7 3 5807 5808 5809
16 1 5810
8 3 5811 5812 5813
20 2 5814 5815
20 1 5816
16 1 5817
10 2 5818 5819
1 1 5820
1 3 5821 5822 5823
1 2 5824 5825
18 2 5826 5827
3 3 5828 5829 5830
13 3 5831 5832 5833
2 2 5834 5835
18 1 5836
20 2 5837 5838
12 1 5839
5 1 5840
16 2 5841 5842
9 3 5843 5844 5845
13 2 5846 5847
6 1 5848
13 2 5849 5850
2 3 5851 5852 5853
10 1 5854
11 1 5855
20 2 5856 5857
9 1 5858
2 1 5859
6 3 5860 5861 5862
2 1 5863
7 2 5864 5865
3 2 5866 5867
6 3 5868 5869 5870
12 3 5871 5872 5873
9 1 5874
6 2 5875 5876
3 1 5877
17 2 5878 5879
9 2 5880 5881
19 3 5882 5883 5884
20 3 5885 5886 5887
10 3 5888 5889 5890
3 3 5891 5892 5893
4 1 5894
15 3 5895 5896 5897
15 1 5898
8 1 5899
17 2 5900 5901
5 3 5902 5903 5904
18 3 5905 5906 5907
10 3 5908 5909 5910
18 3 5911 5912 5913
8 3 5914 5915 5916
17 1 5917
4 3 5918 5919 5920
16 1 5921
1 1 5922
17 3 5923 5924 5925
20 2 5926 5927
19 3 5928 5929 5930
12 3 5931 5932 5933
16 1 5934
4 3 5935 5936 5937
20 2 5938 5939
1 3 5940 5941 5942
6 3 5943 5944 5945
1 3 5946 5947 5948
18 1 5949
3 1 5950
2 2 5951 5952
6 3 5953 5954 5955
15 3 5956 5957 5958
5 1 5959
17 3 5960 5961 5962
5 3 5963 5964 5965
9 3 5966 5967 5968
3 1 5969
5 3 5970 5971 5972
18 2 5973 5974
11 3 5975 5976 5977
19 1 5978
9 2 5979 5980
17 2 5981 5982
12 1 5983
5 2 5984 5985
1 3 5986 5987 5988
4 1 5989
13 2 5990 5991
18 2 5992 5993
4 1 5994
2 1 5995
20 2 5996 5997
6 3 5998 5999 6000
19 3 6001 6002 6003
16 2 6004 6005
3 1 6006
14 1 6007
6 1 6008
2 2 6009 6010
10 3 6011 6012 6013
7 2 6014 6015
5 2 6016 6017
18 2 6018 6019
5 3 6020 6021 6022
2 1 6023
5 2 6024 6025
13 3 6026 6027 6028
20 3 6029 6030 6031
15 2 6032 6033
1 1 6034
17 2 6035 6036
16 3 6037 6038 6039
20 3 6040 6041 6042
8 1 6043
5 3 6044 6045 6046
16 2 6047 6048
19 3 6049 6050 6051
14 3 6052 6053 6054
8 2 6055 6056
15 3 6057 6058 6059
13 3 6060 6061 6062
10 3 6063 6064 6065
17 3 6066 6067 6068
12 1 6069
9 3 6070 6071 6072
1 1 6073
13 2 6074 6075
14 1 6076
10 1 6077
8 2 6078 6079
15 2 6080 6081
1 2 6082 6083
2 3 6084 6085 6086
16 1 6087
6 3 6088 6089 6090
13 1 6091
5 1 6092
4 3 6093 6094 6095
19 2 6096 6097
8 2 6098 6099
6 2 6100 6101
20 1 6102
20 2 6103 6104
16 1 6105
14 2 6106 6107
7 1 6108
12 2 6109 6110
9 1 6111
16 2 6112 6113
12 3 6114 6115 6116
7 3 6117 6118 6119
17 1 6120
5 2 6121 6122
20 2 6123 6124
15 1 6125
16 1 6126
5 3 6127 6128 6129
19 2 6130 6131
12 2 6132 6133
7 3 6134 6135 6136
12 2 6137 6138
3 2 6139 6140
17 2 6141 6142
15 1 6143
13 1 6144
13 1 6145
16 3 6146 6147 6148
1 2 6149 6150
20 3 6151 6152 6153
2 3 6154 6155 6156
16 3 6157 6158 6159
12 2 6160 6161
10 2 6162 6163
13 2 6164 6165
20 2 6166 6167
16 2 6168 6169
3 1 6170
12 2 6171 6172
14 2 6173 6174
15 3 6175 6176 6177
13 1 6178
16 1 6179
16 2 6180 6181
3 1 6182
11 3 6183 6184 6185
18 3 6186 6187 6188
4 3 6189 6190 6191
12 2 6192 6193
17 1 6194
7 1 6195
18 1 6196
20 1 6197
15 3 6198 6199 6200
3 3 6201 6202 6203
11 3 6204 6205 6206
19 3 6207 6208 6209
3 1 6210
13 1 6211
11 1 6212
4 2 6213 6214
3 2 6215 6216
11 2 6217 6218
12 3 6219 6220 6221
12 2 6222 6223
12 2 6224 6225
13 1 6226
18 1 6227
3 1 6228
10 3 6229 6230 6231
19 1 6232
3 2 6233 6234
20 2 6235 6236
3 3 6237 6238 6239
20 1 6240
17 3 6241 6242 6243
1 3 6244 6245 6246
20 1 6247
8 2 6248 6249
5 3 6250 6251 6252
12 1 6253
18 2 6254 6255
8 3 6256 6257 6258
11 1 6259
1 3 6260 6261 6262
2 3 6263 6264 6265
1 3 6266 6267 6268
16 2 6269 6270
16 1 6271
14 1 6272
1 2 6273 6274
5 2 6275 6276
14 2 6277 6278
11 3 6279 6280 6281
4 1 6282
8 3 6283 6284 6285
19 1 6286
4 3 6287 6288 6289
12 2 6290 6291
3 2 6292 6293
2 3 6294 6295 6296
9 2 6297 6298
2 2 6299 6300
4 2 6301 6302
16 2 6303 6304
6 2 6305 6306
12 1 6307
20 1 6308
16 1 6309
1 1 6310
9 1 6311
8 2 6312 6313
20 1 6314
16 2 6315 6316
19 3 6317 6318 6319
15 2 6320 6321
6 3 6322 6323 6324
3 2 6325 6326
14 2 6327 6328
2 1 6329
8 2 6330 6331
14 2 6332 6333
17 2 6334 6335
6 1 6336
3 1 6337
7 3 6338 6339 6340
5 1 6341
1 3 6342 6343 6344
13 2 6345 6346
14 1 6347
8 1 6348
7 1 6349
15 3 6350 6351 6352
13 2 6353 6354
8 2 6355 6356
12 1 6357
6 3 6358 6359 6360
9 2 6361 6362
7 2 6363 6364
13 2 6365 6366
20 1 6367
13 1 6368
3 1 6369
2 1 6370
1 3 6371 6372 6373
8 1 6374
14 2 6375 6376
9 3 6377 6378 6379
5 1 6380
17 1 6381
9 3 6382 6383 6384
5 3 6385 6386 6387
14 3 6388 6389 6390
13 3 6391 6392 6393
13 2 6394 6395
18 1 6396
6 1 6397
8 3 6398 6399 6400
5 2 6401 6402
14 2 6403 6404
1 2 6405 6406
16 1 6407
12 3 6408 6409 6410
10 1 6411
14 1 6412
15 3 6413 6414 6415
19 1 6416
17 3 6417 6418 6419
2 1 6420
6 2 6421 6422
12 1 6423
16 1 6424
4 2 6425 6426
15 3 6427 6428 6429
15 3 6430 6431 6432
17 1 6433
3 2 6434 6435
18 3 6436 6437 6438
7 3 6439 6440 6441
7 1 6442
1 1 6443
12 2 6444 6445
5 3 6446 6447 6448
3 2 6449 6450
17 3 6451 6452 6453
8 3 6454 6455 6456
5 1 6457
17 3 6458 6459 6460
6 3 6461 6462 6463
4 2 6464 6465
8 3 6466 6467 6468
17 2 6469 6470
17 3 6471 6472 6473
14 3 6474 6475 6476
1 3 6477 6478 6479
10 2 6480 6481
3 2 6482 6483
15 3 6484 6485 6486
7 1 6487
13 1 6488
4 2 6489 6490
11 2 6491 6492
11 2 6493 6494
13 1 6495
3 3 6496 6497 6498
10 3 6499 6500 6501
13 2 6502 6503
2 2 6504 6505
16 1 6506
2 2 6507 6508
6 2 6509 6510
3 2 6511 6512
11 2 6513 6514
15 2 6515 6516
10 3 6517 6518 6519
18 2 6520 6521
18 2 6522 6523
13 1 6524
4 1 6525
4 2 6526 6527
9 3 6528 6529 6530
16 1 6531
11 1 6532
19 3 6533 6534 6535
19 3 6536 6537 6538
8 2 6539 6540
15 3 6541 6542 6543
9 3 6544 6545 6546
1 2 6547 6548
11 3 6549 6550 6551
9 2 6552 6553
16 2 6554 6555
16 1 6556
15 3 6557 6558 6559
19 3 6560 6561 6562
11 3 6563 6564 6565
20 3 6566 6567 6568
12 1 6569
10 2 6570 6571
19 2 6572 6573
19 1 6574
8 3 6575 6576 6577
16 2 6578 6579
8 1 6580
20 1 6581
13 3 6582 6583 6584
6 1 6585
13 1 6586
20 1 6587
15 3 6588 6589 6590
5 3 6591 6592 6593
2 2 6594 6595
4 3 6596 6597 6598
13 2 6599 6600
19 3 6601 6602 6603
15 1 6604
12 2 6605 6606
9 2 6607 6608
3 2 6609 6610
2 3 6611 6612 6613
14 2 6614 6615
15 1 6616
17 1 6617
19 1 6618
13 1 6619
4 1 6620
4 2 6621 6622
13 1 6623
16 1 6624
13 3 6625 6626 6627
20 2 6628 6629
1 1 6630
17 2 6631 6632
8 3 6633 6634 6635
11 1 6636
13 2 6637 6638
10 3 6639 6640 6641
4 2 6642 6643
6 1 6644
13 2 6645 6646
9 3 6647 6648 6649
16 1 6650
19 3 6651 6652 6653
17 1 6654
15 2 6655 6656
20 3 6657 6658 6659
13 3 6660 6661 6662
2 3 6663 6664 6665
6 3 6666 6667 6668
19 3 6669 6670 6671
9 1 6672
20 3 6673 6674 6675
5 1 6676
7 3 6677 6678 6679
5 3 6680 6681 6682
5 2 6683 6684
18 3 6685 6686 6687
13 1 6688
7 3 6689 6690 6691
2 3 6692 6693 6694
17 2 6695 6696
5 2 6697 6698
6 2 6699 6700
8 1 6701
18 3 6702 6703 6704
6 2 6705 6706
5 1 6707
13 3 6708 6709 6710
11 3 6711 6712 6713
20 1 6714
17 1 6715
14 3 6716 6717 6718
2 2 6719 6720
8 1 6721
8 1 6722
2 3 6723 6724 6725
20 3 6726 6727 6728
13 1 6729
16 2 6730 6731
6 2 6732 6733
13 2 6734 6735
1 1 6736
17 2 6737 6738
7 3 6739 6740 6741
20 2 6742 6743
16 1 6744
11 2 6745 6746
19 1 6747
4 2 6748 6749
17 1 6750
10 3 6751 6752 6753
16 3 6754 6755 6756
12 2 6757 6758
11 3 6759 6760 6761
15 3 6762 6763 6764
6 3 6765 6766 6767
7 1 6768
17 1 6769
1 1 6770
10 1 6771
9 1 6772
2 3 6773 6774 6775
6 1 6776
3 3 6777 6778 6779
10 3 6780 6781 6782
10 1 6783
1 3 6784 6785 6786
9 2 6787 6788
6 3 6789 6790 6791
17 1 6792
7 3 6793 6794 6795
5 3 6796 6797 6798
15 1 6799
2 2 6800 6801
7 3 6802 6803 6804
19 3 6805 6806 6807
19 3 6808 6809 6810
3 3 6811 6812 6813
4 3 6814 6815 6816
3 1 6817
7 2 6818 6819
17 2 6820 6821
9 3 6822 6823 6824
3 2 6825 6826
14 3 6827 6828 6829
14 1 6830
16 3 6831 6832 6833
4 2 6834 6835
16 1 6836
13 2 6837 6838
3 1 6839
4 3 6840 6841 6842
9 1 6843
13 3 6844 6845 6846
15 1 6847
7 2 6848 6849
10 3 6850 6851 6852
18 3 6853 6854 6855
5 3 6856 6857 6858
16 1 6859
11 1 6860
10 3 6861 6862 6863
16 3 6864 6865 6866
3 3 6867 6868 6869
19 1 6870
11 2 6871 6872
9 2 6873 6874
16 2 6875 6876
7 2 6877 6878
6 2 6879 6880
15 2 6881 6882
9 2 6883 6884
10 2 6885 6886
5 3 6887 6888 6889
18 1 6890
8 2 6891 6892
11 3 6893 6894 6895
20 3 6896 6897 6898
8 1 6899
19 2 6900 6901
1 2 6902 6903
18 3 6904 6905 6906
8 3 6907 6908 6909
8 1 6910
16 2 6911 6912
15 1 6913
11 2 6914 6915
17 3 6916 6917 6918
15 3 6919 6920 6921
19 1 6922
15 2 6923 6924
6 2 6925 6926
15 2 6927 6928
10 3 6929 6930 6931
14 3 6932 6933 6934
2 2 6935 6936
18 2 6937 6938
18 3 6939 6940 6941
3 2 6942 6943
4 3 6944 6945 6946
19 1 6947
1 1 6948
19 1 6949
8 3 6950 6951 6952
1 3 6953 6954 6955
20 1 6956
5 3 6957 6958 6959
20 3 6960 6961 6962
18 2 6963 6964
5 1 6965
9 1 6966
15 2 6967 6968
3 1 6969
19 2 6970 6971
16 3 6972 6973 6974
13 2 6975 6976
5 1 6977
5 1 6978
10 2 6979 6980
3 2 6981 6982
5 2 6983 6984
16 2 6985 6986
12 3 6987 6988 6989
4 2 6990 6991
17 1 6992
19 2 6993 6994
14 3 6995 6996 6997
18 1 6998
7 1 6999
1 1 7000
4 3 7001 7002 7003
17 1 7004
4 1 7005
7 3 7006 7007 7008
6 1 7009
18 2 7010 7011
20 1 7012
6 3 7013 7014 7015
17 3 7016 7017 7018
8 1 7019
17 3 7020 7021 7022
6 3 7023 7024 7025
4 2 7026 7027
5 2 7028 7029
4 2 7030 7031
7 2 7032 7033
17 1 7034
1 3 7035 7036 7037
17 1 7038
16 2 7039 7040
17 1 7041
12 2 7042 7043
3 2 7044 7045
14 3 7046 7047 7048
20 2 7049 7050
12 1 7051
18 2 7052 7053
3 2 7054 7055
5 3 7056 7057 7058
1 2 7059 7060
16 2 7061 7062
2 3 7063 7064 7065
17 3 7066 7067 7068
3 2 7069 7070
7 2 7071 7072
3 2 7073 7074
17 1 7075
1 1 7076
6 2 7077 7078
6 3 7079 7080 7081
13 2 7082 7083
1 1 7084
9 1 7085
3 2 7086 7087
18 1 7088
3 2 7089 7090
15 3 7091 7092 7093
3 3 7094 7095 7096
5 1 7097
15 2 7098 7099
20 2 7100 7101
7 2 7102 7103
11 2 7104 7105
16 2 7106 7107
1 2 7108 7109
17 1 7110
13 3 7111 7112 7113
15 3 7114 7115 7116
18 1 7117
12 2 7118 7119
2 1 7120
15 3 7121 7122 7123
8 1 7124
7 2 7125 7126
20 3 7127 7128 7129
9 1 7130
18 2 7131 7132
6 3 7133 7134 7135
5 2 7136 7137
8 3 7138 7139 7140
16 1 7141
9 1 7142
2 1 7143
2 3 7144 7145 7146
17 2 7147 7148
6 3 7149 7150 7151
8 2 7152 7153
13 1 7154
20 1 7155
15 1 7156
5 2 7157 7158
14 2 7159 7160
17 1 7161
12 1 7162
8 3 7163 7164 7165
2 2 7166 7167
7 3 7168 7169 7170
15 3 7171 7172 7173
2 3 7174 7175 7176
3 1 7177
6 3 7178 7179 7180
12 2 7181 7182
19 3 7183 7184 7185
16 1 7186
4 3 7187 7188 7189
2 1 7190
11 3 7191 7192 7193
19 1 7194
1 1 7195
6 2 7196 7197
14 1 7198
13 2 7199 7200
15 1 7201
15 2 7202 7203
19 1 7204
3 2 7205 7206
11 2 7207 7208
8 3 7209 7210 7211
7 1 7212
17 3 7213 7214 7215
2 3 7216 7217 7218
2 1 7219
17 1 7220
15 3 7221 7222 7223
8 3 7224 7225 7226
20 1 7227
11 3 7228 7229 7230
13 3 7231 7232 7233
17 1 7234
17 2 7235 7236
12 3 7237 7238 7239
15 2 7240 7241
3 2 7242 7243
4 1 7244
11 3 7245 7246 7247
20 1 7248
4 3 7249 7250 7251
11 1 7252
10 3 7253 7254 7255
3 1 7256
19 2 7257 7258
2 3 7259 7260 7261
10 2 7262 7263
20 1 7264
18 1 7265
11 3 7266 7267 7268
8 2 7269 7270
6 2 7271 7272
4 3 7273 7274 7275
14 1 7276
7 2 7277 7278
12 2 7279 7280
13 3 7281 7282 7283
10 1 7284
14 3 7285 7286 7287
4 1 7288
18 3 7289 7290 7291
8 2 7292 7293
11 3 7294 7295 7296
6 3 7297 7298 7299
8 2 7300 7301
5 2 7302 7303
2 3 7304 7305 7306
7 3 7307 7308 7309
16 1 7310
8 1 7311
4 2 7312 7313
19 1 7314
16 1 7315
4 3 7316 7317 7318
10 3 7319 7320 7321
15 3 7322 7323 7324
9 3 7325 7326 7327
3 1 7328
17 2 7329 7330
19 1 7331
2 2 7332 7333
4 1 7334
6 2 7335 7336
11 1 7337
6 1 7338
13 3 7339 7340 7341
1 2 7342 7343
14 2 7344 7345
4 2 7346 7347
4 2 7348 7349
18 3 7350 7351 7352
10 1 7353
18 3 7354 7355 7356
12 1 7357
14 2 7358 7359
8 1 7360
20 3 7361 7362 7363
2 2 7364 7365
12 3 7366 7367 7368
16 2 7369 7370
19 3 7371 7372 7373
12 3 7374 7375 7376
20 1 7377
11 1 7378
18 2 7379 7380
5 3 7381 7382 7383
4 2 7384 7385
16 2 7386 7387
16 2 7388 7389
19 2 7390 7391
19 2 7392 7393
18 2 7394 7395
7 1 7396
19 1 7397
4 1 7398
12 1 7399
10 1 7400
18 3 7401 7402 7403
10 2 7404 7405
7 2 7406 7407
7 3 7408 7409 7410
1 1 7411
12 3 7412 7413 7414
17 3 7415 7416 7417
11 2 7418 7419
7 3 7420 7421 7422
4 2 7423 7424
15 1 7425
20 1 7426
1 3 7427 7428 7429
13 2 7430 7431
1 2 7432 7433
20 2 7434 7435
15 1 7436
3 1 7437
4 1 7438
4 2 7439 7440
20 3 7441 7442 7443
3 3 7444 7445 7446
14 1 7447
17 2 7448 7449
3 2 7450 7451
16 2 7452 7453
3 3 7454 7455 7456
19 3 7457 7458 7459
20 3 7460 7461 7462
1 3 7463 7464 7465
11 3 7466 7467 7468
8 3 7469 7470 7471
12 3 7472 7473 7474
12 3 7475 7476 7477
15 1 7478
16 1 7479
6 2 7480 7481
10 3 7482 7483 7484
20 1 7485
9 3 7486 7487 7488
11 1 7489
16 2 7490 7491
15 2 7492 7493
11 1 7494
4 2 7495 7496
10 2 7497 7498
13 3 7499 7500 7501
4 3 7502 7503 7504
7 1 7505
2 2 7506 7507
7 2 7508 7509
13 3 7510 7511 7512
12 1 7513
14 2 7514 7515
3 1 7516
6 3 7517 7518 7519
7 1 7520
5 1 7521
8 2 7522 7523
6 3 7524 7525 7526
11 1 7527
14 2 7528 7529
9 1 7530
3 3 7531 7532 7533
14 2 7534 7535
15 3 7536 7537 7538
4 2 7539 7540
14 1 7541
3 3 7542 7543 7544
3 1 7545
5 3 7546 7547 7548
19 2 7549 7550
12 1 7551
1 3 7552 7553 7554
17 2 7555 7556
1 2 7557 7558
13 2 7559 7560
1 2 7561 7562
7 3 7563 7564 7565
2 2 7566 7567
5 2 7568 7569
3 2 7570 7571
19 2 7572 7573
7 2 7574 7575
12 1 7576
8 2 7577 7578
19 2 7579 7580
11 1 7581
16 2 7582 7583
6 1 7584
15 1 7585
2 3 7586 7587 7588
3 3 7589 7590 7591
18 3 7592 7593 7594
7 3 7595 7596 7597
16 1 7598
7 1 7599
2 3 7600 7601 7602
13 1 7603
18 1 7604
5 1 7605
19 3 7606 7607 7608
12 3 7609 7610 7611
1 1 7612
1 2 7613 7614
12 3 7615 7616 7617
7 3 7618 7619 7620
8 2 7621 7622
1 2 7623 7624
5 3 7625 7626 7627
5 3 7628 7629 7630
19 2 7631 7632
14 2 7633 7634
20 2 7635 7636
12 3 7637 7638 7639
2 1 7640
1 1 7641
11 1 7642
7 2 7643 7644
13 1 7645
13 2 7646 7647
19 1 7648
10 2 7649 7650
18 3 7651 7652 7653
2 2 7654 7655
18 3 7656 7657 7658
13 1 7659
3 1 7660
6 3 7661 7662 7663
12 3 7664 7665 7666
3 3 7667 7668 7669
20 3 7670 7671 7672
13 1 7673
20 1 7674
19 2 7675 7676
4 1 7677
17 1 7678
10 3 7679 7680 7681
2 1 7682
1 2 7683 7684
7 3 7685 7686 7687
9 3 7688 7689 7690
14 2 7691 7692
18 3 7693 7694 7695
10 1 7696
15 2 7697 7698
16 1 7699
2 2 7700 7701
12 1 7702
8 1 7703
12 2 7704 7705
13 1 7706
8 2 7707 7708
2 3 7709 7710 7711
4 3 7712 7713 7714
6 3 7715 7716 7717
9 1 7718
10 3 7719 7720 7721
16 2 7722 7723
8 2 7724 7725
2 3 7726 7727 7728
19 1 7729
8 1 7730
3 2 7731 7732
4 2 7733 7734
10 1 7735
17 3 7736 7737 7738
15 1 7739
13 1 7740
14 1 7741
8 3 7742 7743 7744
11 3 7745 7746 7747
19 1 7748
5 3 7749 7750 7751
11 2 7752 7753
20 1 7754
9 2 7755 7756
18 1 7757
16 1 7758
20 1 7759
9 1 7760
14 2 7761 7762
13 1 7763
18 1 7764
11 2 7765 7766
11 2 7767 7768
11 1 7769
18 3 7770 7771 7772
12 1 7773
18 1 7774
18 3 7775 7776 7777
19 1 7778
7 3 7779 7780 7781
9 2 7782 7783
12 1 7784
9 1 7785
6 2 7786 7787
15 1 7788
12 2 7789 7790
15 2 7791 7792
14 1 7793
1 2 7794 7795
13 2 7796 7797
19 3 7798 7799 7800
19 2 7801 7802
3 2 7803 7804
8 3 7805 7806 7807
13 2 7808 7809
17 3 7810 7811 7812
13 2 7813 7814
8 3 7815 7816 7817
17 3 7818 7819 7820
4 2 7821 7822
14 2 7823 7824
9 2 7825 7826
15 2 7827 7828
2 1 7829
9 2 7830 7831
7 3 7832 7833 7834
4 1 7835
2 3 7836 7837 7838
16 3 7839 7840 7841
16 3 7842 7843 7844
18 1 7845
3 2 7846 7847
18 2 7848 7849
9 3 7850 7851 7852
14 2 7853 7854
17 3 7855 7856 7857
20 1 7858
4 2 7859 7860
10 1 7861
6 3 7862 7863 7864
7 1 7865
16 3 7866 7867 7868
5 1 7869
9 1 7870
4 1 7871
17 3 7872 7873 7874
14 3 7875 7876 7877
17 2 7878 7879
3 1 7880
6 2 7881 7882
8 3 7883 7884 7885
11 1 7886
9 1 7887
16 1 7888
12 3 7889 7890 7891
6 2 7892 7893
13 2 7894 7895
16 3 7896 7897 7898
13 2 7899 7900
2 2 7901 7902
10 3 7903 7904 7905
1 2 7906 7907
14 3 7908 7909 7910
3 3 7911 7912 7913
3 1 7914
8 2 7915 7916
13 1 7917
16 2 7918 7919
15 1 7920
9 2 7921 7922
20 2 7923 7924
14 3 7925 7926 7927
17 2 7928 7929
15 2 7930 7931
18 1 7932
2 1 7933
5 2 7934 7935
20 3 7936 7937 7938
12 2 7939 7940
17 2 7941 7942
14 2 7943 7944
1 1 7945
15 2 7946 7947
14 1 7948
19 3 7949 7950 7951
12 1 7952
13 1 7953
10 3 7954 7955 7956
18 3 7957 7958 7959
7 1 7960
3 2 7961 7962
19 1 7963
14 3 7964 7965 7966
3 3 7967 7968 7969
14 1 7970
13 2 7971 7972
3 3 7973 7974 7975
16 3 7976 7977 7978
10 3 7979 7980 7981
5 1 7982
15 1 7983
18 3 7984 7985 7986
17 1 7987
18 3 7988 7989 7990
6 2 7991 7992
16 3 7993 7994 7995
4 1 7996
3 1 7997
9 1 7998
5 2 7999 8000
18 2 8001 8002
18 2 8003 8004
14 3 8005 8006 8007
15 3 8008 8009 8010
19 1 8011
7 3 8012 8013 8014
6 3 8015 8016 8017
20 1 8018
16 3 8019 8020 8021
19 3 8022 8023 8024
11 2 8025 8026
8 1 8027
9 2 8028 8029
18 1 8030
5 1 8031
13 2 8032 8033
4 3 8034 8035 8036
1 2 8037 8038
14 3 8039 8040 8041
7 2 8042 8043
1 1 8044
4 2 8045 8046
2 3 8047 8048 8049
19 1 8050
13 3 8051 8052 8053
17 3 8054 8055 8056
2 1 8057
10 2 8058 8059
3 2 8060 8061
10 3 8062 8063 8064
16 3 8065 8066 8067
7 1 8068
2 2 8069 8070
9 3 8071 8072 8073
7 1 8074
10 2 8075 8076
5 3 8077 8078 8079
14 1 8080
16 2 8081 8082
10 1 8083
8 1 8084
2 3 8085 8086 8087
18 2 8088 8089
7 1 8090
8 1 8091
2 3 8092 8093 8094
6 3 8095 8096 8097
13 2 8098 8099
19 2 8100 8101
17 2 8102 8103
18 1 8104
7 3 8105 8106 8107
1 3 8108 8109 8110
2 1 8111
11 2 8112 8113
7 3 8114 8115 8116
9 2 8117 8118
14 3 8119 8120 8121
5 1 8122
15 1 8123
14 3 8124 8125 8126
16 3 8127 8128 8129
9 2 8130 8131
1 3 8132 8133 8134
10 3 8135 8136 8137
6 1 8138
4 3 8139 8140 8141
3 1 8142
17 3 8143 8144 8145
16 1 8146
10 2 8147 8148
17 2 8149 8150
11 2 8151 8152
10 1 8153
7 3 8154 8155 8156
12 2 8157 8158
10 1 8159
12 1 8160
13 1 8161
3 1 8162
9 2 8163 8164
10 2 8165 8166
20 3 8167 8168 8169
10 2 8170 8171
6 3 8172 8173 8174
11 1 8175
5 3 8176 8177 8178
3 1 8179
12 3 8180 8181 8182
2 2 8183 8184
20 1 8185
15 3 8186 8187 8188
18 1 8189
7 1 8190
18 1 8191
11 2 8192 8193
10 2 8194 8195
6 1 8196
12 2 8197 8198
1 2 8199 8200
12 2 8201 8202
15 2 8203 8204
5 3 8205 8206 8207
7 3 8208 8209 8210
9 3 8211 8212 8213
9 2 8214 8215
13 3 8216 8217 8218
19 1 8219
11 3 8220 8221 8222
1 1 8223
13 2 8224 8225
4 3 8226 8227 8228
8 3 8229 8230 8231
3 3 8232 8233 8234
5 1 8235
3 2 8236 8237
16 3 8238 8239 8240
6 1 8241
12 2 8242 8243
9 2 8244 8245
11 1 8246
15 1 8247
8 3 8248 8249 8250
8 1 8251
1 2 8252 8253
14 3 8254 8255 8256
14 3 8257 8258 8259
15 2 8260 8261
13 2 8262 8263
19 2 8264 8265
17 3 8266 8267 8268
6 2 8269 8270
7 1 8271
6 2 8272 8273
20 1 8274
1 1 8275
2 2 8276 8277
1 2 8278 8279
10 2 8280 8281
12 2 8282 8283
19 1 8284
6 2 8285 8286
2 1 8287
13 2 8288 8289
15 3 8290 8291 8292
14 2 8293 8294
15 1 8295
11 3 8296 8297 8298
14 1 8299
5 2 8300 8301
18 3 8302 8303 8304
3 2 8305 8306
9 2 8307 8308
6 3 8309 8310 8311
6 3 8312 8313 8314
6 1 8315
14 3 8316 8317 8318
16 1 8319
11 2 8320 8321
16 2 8322 8323
18 2 8324 8325
16 2 8326 8327
12 2 8328 8329
11 3 8330 8331 8332
15 3 8333 8334 8335
12 3 8336 8337 8338
11 1 8339
5 1 8340
9 2 8341 8342
12 2 8343 8344
17 1 8345
11 2 8346 8347
14 3 8348 8349 8350
19 1 8351
9 1 8352
5 2 8353 8354
20 3 8355 8356 8357
1 3 8358 8359 8360
3 2 8361 8362
2 2 8363 8364
6 1 8365
4 2 8366 8367
12 3 8368 8369 8370
1 2 8371 8372
16 1 8373
10 3 8374 8375 8376
8 2 8377 8378
16 3 8379 8380 8381
8 2 8382 8383
3 3 8384 8385 8386
11 2 8387 8388
1 1 8389
13 2 8390 8391
4 3 8392 8393 8394
1 3 8395 8396 8397
14 1 8398
13 1 8399
15 2 8400 8401
8 3 8402 8403 8404
4 1 8405
3 2 8406 8407
13 2 8408 8409
18 3 8410 8411 8412
2 3 8413 8414 8415
18 2 8416 8417
1 3 8418 8419 8420
17 1 8421
6 3 8422 8423 8424
1 3 8425 8426 8427
2 3 8428 8429 8430
2 3 8431 8432 8433
7 2 8434 8435
8 3 8436 8437 8438
7 1 8439
4 3 8440 8441 8442
20 3 8443 8444 8445
17 2 8446 8447
12 1 8448
18 3 8449 8450 8451
6 3 8452 8453 8454
19 1 8455
7 3 8456 8457 8458
1 3 8459 8460 8461
12 2 8462 8463
17 2 8464 8465
8 3 8466 8467 8468
11 3 8469 8470 8471
18 3 8472 8473 8474
20 1 8475
3 2 8476 8477
3 3 8478 8479 8480
15 1 8481
19 1 8482
20 1 8483
15 2 8484 8485
17 3 8486 8487 8488
18 2 8489 8490
2 3 8491 8492 8493
3 3 8494 8495 8496
8 1 8497
14 1 8498
17 3 8499 8500 8501
2 2 8502 8503
16 3 8504 8505 8506
5 3 8507 8508 8509
5 2 8510 8511
8 1 8512
9 3 8513 8514 8515
2 3 8516 8517 8518
1 2 8519 8520
19 3 8521 8522 8523
6 1 8524
9 2 8525 8526
11 2 8527 8528
3 1 8529
2 3 8530 8531 8532
10 1 8533
12 3 8534 8535 8536
17 1 8537
10 1 8538
6 3 8539 8540 8541
1 2 8542 8543
2 1 8544
16 2 8545 8546
16 1 8547
9 2 8548 8549
15 3 8550 8551 8552
10 1 8553
2 3 8554 8555 8556
14 3 8557 8558 8559
6 3 8560 8561 8562
7 1 8563
1 3 8564 8565 8566
3 3 8567 8568 8569
5 2 8570 8571
10 3 8572 8573 8574
17 1 8575
11 2 8576 8577
6 1 8578
9 3 8579 8580 8581
7 3 8582 8583 8584
20 3 8585 8586 8587
7 2 8588 8589
18 1 8590
18 2 8591 8592
18 1 8593
12 1 8594
12 1 8595
1 3 8596 8597 8598
14 2 8599 8600
8 2 8601 8602
18 1 8603
15 3 8604 8605 8606
16 1 8607
9 1 8608
17 3 8609 8610 8611
4 2 8612 8613
1 3 8614 8615 8616
8 3 8617 8618 8619
12 3 8620 8621 8622
2 3 8623 8624 8625
4 2 8626 8627
5 3 8628 8629 8630
9 2 8631 8632
9 2 8633 8634
5 2 8635 8636
18 1 8637
10 3 8638 8639 8640
19 2 8641 8642
10 3 8643 8644 8645
9 1 8646
7 2 8647 8648
13 3 8649 8650 8651
10 3 8652 8653 8654
5 2 8655 8656
4 3 8657 8658 8659
17 3 8660 8661 8662
17 2 8663 8664
5 3 8665 8666 8667
19 1 8668
6 1 8669
13 1 8670
9 1 8671
14 2 8672 8673
17 2 8674 8675
7 2 8676 8677
8 3 8678 8679 8680
8 3 8681 8682 8683
18 2 8684 8685
15 3 8686 8687 8688
8 2 8689 8690
2 3 8691 8692 8693
2 2 8694 8695
16 3 8696 8697 8698
11 1 8699
5 3 8700 8701 8702
8 3 8703 8704 8705
14 1 8706
7 3 8707 8708 8709
13 1 8710
17 1 8711
14 3 8712 8713 8714
10 1 8715
9 2 8716 8717
16 1 8718
5 3 8719 8720 8721
18 2 8722 8723
7 1 8724
16 2 8725 8726
6 2 8727 8728
12 2 8729 8730
5 1 8731
16 3 8732 8733 8734
7 1 8735
19 3 8736 8737 8738
4 2 8739 8740
2 2 8741 8742
14 3 8743 8744 8745
7 2 8746 8747
12 2 8748 8749
7 2 8750 8751
1 2 8752 8753
11 1 8754
7 3 8755 8756 8757
18 1 8758
5 1 8759
4 2 8760 8761
11 2 8762 8763
11 3 8764 8765 8766
1 2 8767 8768
4 1 8769
17 1 8770
11 3 8771 8772 8773
15 1 8774
15 2 8775 8776
15 3 8777 8778 8779
20 2 8780 8781
15 2 8782 8783
4 3 8784 8785 8786
6 2 8787 8788
9 1 8789
16 1 8790
2 1 8791
10 3 8792 8793 8794
4 3 8795 8796 8797
20 1 8798
4 3 8799 8800 8801
18 3 8802 8803 8804
10 1 8805
6 2 8806 8807
6 3 8808 8809 8810
20 2 8811 8812
2 2 8813 8814
15 2 8815 8816
5 2 8817 8818
17 1 8819
16 1 8820
6 2 8821 8822
20 2 8823 8824
17 1 8825
14 1 8826
1 1 8827
14 1 8828
11 3 8829 8830 8831
19 1 8832
9 1 8833
1 2 8834 8835
8 1 8836
8 2 8837 8838
7 2 8839 8840
4 2 8841 8842
9 3 8843 8844 8845
18 2 8846 8847
13 3 8848 8849 8850
8 3 8851 8852 8853
13 1 8854
17 1 8855
6 2 8856 8857
20 2 8858 8859
9 3 8860 8861 8862
18 3 8863 8864 8865
14 2 8866 8867
8 2 8868 8869
20 3 8870 8871 8872
15 1 8873
11 2 8874 8875
10 3 8876 8877 8878
6 3 8879 8880 8881
3 2 8882 8883
20 3 8884 8885 8886
8 2 8887 8888
5 1 8889
10 3 8890 8891 8892
14 2 8893 8894
20 1 8895
7 3 8896 8897 8898
18 2 8899 8900
16 2 8901 8902
16 3 8903 8904 8905
12 1 8906
11 2 8907 8908
9 1 8909
19 3 8910 8911 8912
20 3 8913 8914 8915
4 2 8916 8917
2 1 8918
6 2 8919 8920
15 3 8921 8922 8923
1 2 8924 8925
6 3 8926 8927 8928
19 3 8929 8930 8931
17 2 8932 8933
5 1 8934
8 2 8935 8936
14 2 8937 8938
7 2 8939 8940
16 2 8941 8942
3 3 8943 8944 8945
18 2 8946 8947
18 3 8948 8949 8950
9 3 8951 8952 8953
19 1 8954
16 1 8955
17 3 8956 8957 8958
12 1 8959
3 2 8960 8961
7 2 8962 8963
11 3 8964 8965 8966
3 1 8967
13 3 8968 8969 8970
5 3 8971 8972 8973
12 1 8974
8 3 8975 8976 8977
13 2 8978 8979
6 1 8980
10 3 8981 8982 8983
20 1 8984
7 2 8985 8986
13 3 8987 8988 8989
2 1 8990
16 3 8991 8992 8993
14 2 8994 8995
3 1 8996
7 1 8997
18 2 8998 8999
19 3 9000 9001 9002
9 3 9003 9004 9005
10 1 9006
18 1 9007
8 3 9008 9009 9010
11 1 9011
5 2 9012 9013
1 3 9014 9015 9016
9 2 9017 9018
4 3 9019 9020 9021
20 2 9022 9023
4 1 9024
20 3 9025 9026 9027
11 3 9028 9029 9030
1 1 9031
11 1 9032
20 2 9033 9034
9 3 9035 9036 9037
3 3 9038 9039 9040
18 2 9041 9042
17 1 9043
1 1 9044
10 2 9045 9046
18 2 9047 9048
8 2 9049 9050
4 2 9051 9052
14 2 9053 9054
11 3 9055 9056 9057
6 3 9058 9059 9060
6 2 9061 9062
18 1 9063
6 2 9064 9065
12 2 9066 9067
13 2 9068 9069
13 1 9070
2 3 9071 9072 9073
19 2 9074 9075
8 2 9076 9077
10 2 9078 9079
20 1 9080
6 2 9081 9082
2 1 9083
2 1 9084
12 3 9085 9086 9087
18 1 9088
13 2 9089 9090
10 1 9091
18 1 9092
10 3 9093 9094 9095
19 3 9096 9097 9098
13 3 9099 9100 9101
12 1 9102
13 2 9103 9104
14 2 9105 9106
9 1 9107
1 1 9108
20 3 9109 9110 9111
12 1 9112
11 3 9113 9114 9115
2 1 9116
1 1 9117
2 2 9118 9119
15 3 9120 9121 9122
16 3 9123 9124 9125
11 3 9126 9127 9128
10 1 9129
14 3 9130 9131 9132
9 1 9133
3 1 9134
16 1 9135
9 3 9136 9137 9138
7 3 9139 9140 9141
8 3 9142 9143 9144
17 2 9145 9146
5 1 9147
1 3 9148 9149 9150
6 3 9151 9152 9153
2 2 9154 9155
3 2 9156 9157
13 1 9158
12 1 9159
9 3 9160 9161 9162
8 2 9163 9164
14 1 9165
17 2 9166 9167
8 1 9168
3 3 9169 9170 9171
7 1 9172
10 2 9173 9174
3 2 9175 9176
12 2 9177 9178
6 2 9179 9180
4 2 9181 9182
17 2 9183 9184
12 3 9185 9186 9187
1 3 9188 9189 9190
7 2 9191 9192
9 1 9193
11 2 9194 9195
11 2 9196 9197
2 1 9198
12 2 9199 9200
11 3 9201 9202 9203
11 3 9204 9205 9206
2 1 9207
12 3 9208 9209 9210
1 1 9211
16 2 9212 9213
9 1 9214
18 3 9215 9216 9217
16 2 9218 9219
9 1 9220
14 3 9221 9222 9223
2 2 9224 9225
16 3 9226 9227 9228
11 2 9229 9230
12 3 9231 9232 9233
10 2 9234 9235
13 2 9236 9237
1 1 9238
4 2 9239 9240
13 3 9241 9242 9243
17 2 9244 9245
8 3 9246 9247 9248
9 1 9249
11 2 9250 9251
7 2 9252 9253
6 1 9254
1 3 9255 9256 9257
18 2 9258 9259
16 3 9260 9261 9262
1 1 9263
10 1 9264
7 1 9265
6 1 9266
20 3 9267 9268 9269
5 1 9270
8 3 9271 9272 9273
15 1 9274
14 1 9275
16 2 9276 9277
20 3 9278 9279 9280
8 2 9281 9282
2 2 9283 9284
7 3 9285 9286 9287
8 1 9288
3 3 9289 9290 9291
17 2 9292 9293
14 2 9294 9295
20 2 9296 9297
17 2 9298 9299
3 2 9300 9301
4 2 9302 9303
10 1 9304
16 2 9305 9306
13 2 9307 9308
12 1 9309
5 1 9310
18 2 9311 9312
11 1 9313
8 1 9314
10 3 9315 9316 9317
6 1 9318
15 1 9319
15 3 9320 9321 9322
11 3 9323 9324 9325
3 2 9326 9327
18 3 9328 9329 9330
14 2 9331 9332
4 1 9333
15 3 9334 9335 9336
1 2 9337 9338
5 1 9339
5 3 9340 9341 9342
3 1 9343
16 1 9344
16 1 9345
13 3 9346 9347 9348
14 3 9349 9350 9351
3 1 9352
4 3 9353 9354 9355
10 3 9356 9357 9358
7 1 9359
9 2 9360 9361
17 2 9362 9363
5 2 9364 9365
9 3 9366 9367 9368
5 3 9369 9370 9371
1 2 9372 9373
15 3 9374 9375 9376
5 3 9377 9378 9379
11 3 9380 9381 9382
19 2 9383 9384
11 1 9385
3 3 9386 9387 9388
16 1 9389
14 3 9390 9391 9392
16 1 9393
16 2 9394 9395
17 3 9396 9397 9398
16 3 9399 9400 9401
10 3 9402 9403 9404
4 3 9405 9406 9407
2 2 9408 9409
4 2 9410 9411
10 1 9412
1 1 9413
10 1 9414
11 2 9415 9416
19 2 9417 9418
19 2 9419 9420
5 1 9421
2 1 9422
5 3 9423 9424 9425
8 3 9426 9427 9428
16 1 9429
1 2 9430 9431
9 3 9432 9433 9434
15 3 9435 9436 9437
10 2 9438 9439
8 2 9440 9441
13 1 9442
20 1 9443
15 3 9444 9445 9446
8 2 9447 9448
13 3 9449 9450 9451
20 1 9452
3 3 9453 9454 9455
19 1 9456
6 3 9457 9458 9459
16 1 9460
14 2 9461 9462
17 2 9463 9464
1 2 9465 9466
16 3 9467 9468 9469
13 1 9470
8 2 9471 9472
4 2 9473 9474
9 2 9475 9476
14 3 9477 9478 9479
4 2 9480 9481
13 1 9482
11 1 9483
13 2 9484 9485
9 1 9486
20 1 9487
9 1 9488
11 2 9489 9490
4 2 9491 9492
1 3 9493 9494 9495
10 3 9496 9497 9498
9 2 9499 9500
9 2 9501 9502
6 3 9503 9504 9505
3 3 9506 9507 9508
19 1 9509
14 2 9510 9511
16 2 9512 9513
16 2 9514 9515
17 2 9516 9517
17 3 9518 9519 9520
6 3 9521 9522 9523
2 1 9524
12 1 9525
12 2 9526 9527
15 1 9528
20 1 9529
2 2 9530 9531
14 1 9532
6 2 9533 9534
15 2 9535 9536
20 2 9537 9538
4 2 9539 9540
10 3 9541 9542 9543
2 2 9544 9545
5 2 9546 9547
10 1 9548
4 1 9549
16 3 9550 9551 9552
11 3 9553 9554 9555
2 1 9556
18 3 9557 9558 9559
9 1 9560
15 3 9561 9562 9563
10 1 9564
6 2 9565 9566
19 1 9567
19 2 9568 9569
6 3 9570 9571 9572
5 2 9573 9574
4 2 9575 9576
15 1 9577
1 1 9578
5 1 9579
12 1 9580
4 2 9581 9582
14 1 9583
4 1 9584
6 2 9585 9586
4 3 9587 9588 9589
4 1 9590
13 3 9591 9592 9593
4 1 9594
8 2 9595 9596
6 3 9597 9598 9599
13 2 9600 9601
12 3 9602 9603 9604
10 3 9605 9606 9607
13 1 9608
13 2 9609 9610
2 3 9611 9612 9613
18 3 9614 9615 9616
16 2 9617 9618
4 1 9619
18 2 9620 9621
4 2 9622 9623
12 3 9624 9625 9626
17 3 9627 9628 9629
10 2 9630 9631
13 1 9632
3 2 9633 9634
14 3 9635 9636 9637
5 2 9638 9639
17 1 9640
13 3 9641 9642 9643
20 2 9644 9645
6 3 9646 9647 9648
19 1 9649
15 1 9650
3 2 9651 9652
12 3 9653 9654 9655
18 2 9656 9657
20 3 9658 9659 9660
15 3 9661 9662 9663
5 3 9664 9665 9666
11 3 9667 9668 9669
7 3 9670 9671 9672
6 1 9673
20 3 9674 9675 9676
12 2 9677 9678
13 3 9679 9680 9681
18 2 9682 9683
17 3 9684 9685 9686
3 1 9687
5 1 9688
12 2 9689 9690
19 1 9691
8 3 9692 9693 9694
18 2 9695 9696
18 2 9697 9698
12 1 9699
18 2 9700 9701
3 2 9702 9703
7 2 9704 9705
16 3 9706 9707 9708
5 3 9709 9710 9711
5 3 9712 9713 9714
4 1 9715
15 3 9716 9717 9718
16 2 9719 9720
20 3 9721 9722 9723
17 1 9724
17 3 9725 9726 9727
3 3 9728 9729 9730
4 1 9731
19 3 9732 9733 9734
16 1 9735
1 3 9736 9737 9738
5 3 9739 9740 9741
19 3 9742 9743 9744
19 2 9745 9746
12 2 9747 9748
1 2 9749 9750
4 1 9751
2 3 9752 9753 9754
5 1 9755
7 2 9756 9757
17 3 9758 9759 9760
20 2 9761 9762
17 2 9763 9764
18 1 9765
9 2 9766 9767
1 3 9768 9769 9770
5 1 9771
7 3 9772 9773 9774
10 2 9775 9776
10 1 9777
5 3 9778 9779 9780
12 3 9781 9782 9783
10 3 9784 9785 9786
19 3 9787 9788 9789
15 2 9790 9791
12 2 9792 9793
11 1 9794
17 1 9795
7 2 9796 9797
1 3 9798 9799 9800
7 3 9801 9802 9803
4 3 9804 9805 9806
3 1 9807
6 1 9808
7 1 9809
4 2 9810 9811
13 1 9812
4 1 9813
18 3 9814 9815 9816
17 1 9817
17 2 9818 9819
6 2 9820 9821
14 3 9822 9823 9824
12 1 9825
16 3 9826 9827 9828
14 1 9829
1 2 9830 9831
3 2 9832 9833
12 1 9834
3 1 9835
12 2 9836 9837
19 2 9838 9839
17 1 9840
1 1 9841
14 3 9842 9843 9844
6 3 9845 9846 9847
8 1 9848
15 3 9849 9850 9851
1 1 9852
5 2 9853 9854
9 3 9855 9856 9857
3 3 9858 9859 9860
11 1 9861
9 1 9862
5 1 9863
15 3 9864 9865 9866
18 3 9867 9868 9869
12 2 9870 9871
3 2 9872 9873
17 2 9874 9875
14 2 9876 9877
11 3 9878 9879 9880
10 1 9881
16 2 9882 9883
8 1 9884
2 1 9885
10 1 9886
16 1 9887
3 2 9888 9889
10 3 9890 9891 9892
12 3 9893 9894 9895
11 3 9896 9897 9898
4 3 9899 9900 9901
17 2 9902 9903
4 1 9904
6 1 9905
5 3 9906 9907 9908
19 1 9909
17 1 9910
9 3 9911 9912 9913
5 1 9914
2 3 9915 9916 9917
5 2 9918 9919
8 1 9920
18 1 9921
15 1 9922
16 1 9923
5 3 9924 9925 9926
17 3 9927 9928 9929
17 2 9930 9931
20 1 9932
9 1 9933
15 2 9934 9935
19 1 9936
6 3 9937 9938 9939
1 1 9940
13 1 9941
7 1 9942
19 3 9943 9944 9945
14 3 9946 9947 9948
5 2 9949 9950
4 2 9951 9952
19 1 9953
15 3 9954 9955 9956
1 2 9957 9958
10 1 9959
5 1 9960
2 3 9961 9962 9963
11 3 9964 9965 9966
12 3 9967 9968 9969
19 3 9970 9971 9972
18 3 9973 9974 9975
2 2 9976 9977
19 3 9978 9979 9980
2 1 9981
1 2 9982 9983
3 2 9984 9985
15 2 9986 9987
13 1 9988
15 2 9989 9990
2 3 9991 9992 9993
8 3 9994 9995 9996
3 2 9997 9998
4 1 9999
19 0
6 0
6 0
2 0
2 0
2 0
15 0
1 0
4 0
2 0
2 0
1 0
11 0
13 0
17 0
14 0
5 0
16 0
7 0
19 0
3 0
10 0
5 0
14 0
11 0
11 0
19 0
4 0
5 0
5 0
7 0
7 0
18 0
16 0
1 0
3 0
19 0
17 0
15 0
4 0
19 0
9 0
11 0
12 0
3 0
14 0
12 0
16 0
19 0
9 0
13 0
17 0
10 0
14 0
4 0
2 0
14 0
10 0
17 0
14 0
14 0
1 0
4 0
13 0
20 0
10 0
19 0
2 0
3 0
1 0
18 0
10 0
9 0
1 0
17 0
20 0
6 0
14 0
8 0
4 0
17 0
13 0
6 0
8 0
4 0
15 0
12 0
2 0
1 0
7 0
20 0
6 0
15 0
10 0
18 0
2 0
4 0
17 0
18 0
8 0
13 0
3 0
16 0
1 0
13 0
6 0
13 0
20 0
1 0
13 0
3 0
2 0
6 0
12 0
6 0
17 0
7 0
13 0
14 0
15 0
7 0
10 0
18 0
18 0
3 0
5 0
16 0
18 0
5 0
3 0
3 0
10 0
12 0
18 0
7 0
4 0
11 0
1 0
16 0
18 0
16 0
6 0
20 0
2 0
11 0
8 0
3 0
17 0
7 0
3 0
11 0
15 0
19 0
20 0
3 0
19 0
3 0
4 0
2 0
9 0
6 0
15 0
6 0
10 0
20 0
4 0
6 0
1 0
18 0
10 0
6 0
7 0
7 0
6 0
2 0
10 0
4 0
11 0
1 0
1 0
6 0
12 0
6 0
7 0
1 0
8 0
19 0
5 0
20 0
1 0
8 0
13 0
3 0
12 0
19 0
20 0
1 0
18 0
2 0
20 0
18 0
2 0
3 0
1 0
16 0
19 0
5 0
10 0
3 0
2 0
2 0
20 0
15 0
16 0
5 0
3 0
8 0
18 0
13 0
10 0
6 0
6 0
13 0
13 0
8 0
4 0
17 0
13 0
5 0
8 0
19 0
2 0
17 0
12 0
12 0
17 0
1 0
13 0
17 0
7 0
3 0
15 0
12 0
3 0
15 0
18 0
3 0
2 0
16 0
7 0
9 0
1 0
14 0
3 0
17 0
3 0
7 0
14 0
12 0
15 0
18 0
9 0
1 0
3 0
14 0
9 0
8 0
3 0
11 0
11 0
12 0
9 0
13 0
3 0
2 0
12 0
8 0
5 0
17 0
15 0
12 0
9 0
15 0
16 0
14 0
19 0
6 0
15 0
4 0
8 0
14 0
7 0
16 0
11 0
16 0
5 0
4 0
5 0
10 0
18 0
3 0
7 0
3 0
6 0
6 0
19 0
7 0
13 0
8 0
2 0
19 0
19 0
3 0
17 0
15 0
6 0
17 0
11 0
7 0
5 0
6 0
18 0
2 0
10 0
3 0
4 0
20 0
1 0
16 0
14 0
7 0
13 0
2 0
12 0
13 0
12 0
8 0
18 0
10 0
18 0
19 0
20 0
9 0
19 0
18 0
6 0
11 0
2 0
6 0
11 0
5 0
5 0
3 0
13 0
15 0
15 0
6 0
2 0
6 0
15 0
12 0
12 0
3 0
2 0
17 0
13 0
19 0
17 0
10 0
6 0
8 0
11 0
1 0
14 0
3 0
18 0
12 0
8 0
13 0
20 0
12 0
1 0
20 0
5 0
17 0
5 0
10 0
10 0
7 0
10 0
5 0
16 0
1 0
20 0
19 0
3 0
3 0
1 0
20 0
14 0
4 0
7 0
9 0
12 0
18 0
16 0
17 0
18 0
17 0
11 0
9 0
12 0
16 0
10 0
1 0
2 0
1 0
14 0
4 0
6 0
12 0
2 0
20 0
15 0
8 0
20 0
15 0
9 0
13 0
4 0
14 0
11 0
19 0
7 0
6 0
10 0
20 0
1 0
16 0
2 0
11 0
18 0
6 0
9 0
5 0
14 0
5 0
6 0
1 0
18 0
17 0
14 0
16 0
18 0
13 0
13 0
12 0
7 0
17 0
7 0
1 0
4 0
15 0
15 0
6 0
14 0
10 0
10 0
17 0
1 0
20 0
7 0
2 0
6 0
6 0
16 0
11 0
19 0
15 0
13 0
3 0
1 0
6 0
11 0
18 0
17 0
10 0
6 0
8 0
4 0
17 0
9 0
1 0
5 0
13 0
14 0
18 0
19 0
15 0
7 0
8 0
3 0
7 0
16 0
11 0
7 0
9 0
20 0
12 0
15 0
15 0
18 0
16 0
14 0
14 0
20 0
7 0
19 0
12 0
11 0
15 0
19 0
9 0
16 0
4 0
9 0
13 0
12 0
14 0
17 0
19 0
3 0
2 0
15 0
6 0
8 0
17 0
14 0
3 0
5 0
16 0
14 0
1 0
20 0
12 0
10 0
3 0
5 0
14 0
5 0
2 0
14 0
1 0
8 0
19 0
11 0
11 0
14 0
10 0
20 0
7 0
1 0
19 0
6 0
13 0
14 0
9 0
15 0
2 0
8 0
13 0
5 0
20 0
3 0
5 0
7 0
12 0
10 0
4 0
8 0
17 0
12 0
1 0
10 0
2 0
10 0
19 0
16 0
15 0
17 0
20 0
9 0
14 0
7 0
9 0
11 0
20 0
3 0
6 0
17 0
9 0
15 0
13 0
5 0
15 0
6 0
2 0
19 0
13 0
8 0
14 0
8 0
7 0
9 0
14 0
7 0
12 0
15 0
20 0
7 0
20 0
14 0
3 0
1 0
5 0
5 0
17 0
17 0
10 0
1 0
7 0
1 0
13 0
7 0
6 0
19 0
19 0
3 0
6 0
8 0
14 0
8 0
10 0
13 0
19 0
14 0
17 0
9 0
18 0
10 0
4 0
3 0
5 0
15 0
14 0
13 0
4 0
14 0
15 0
18 0
8 0
8 0
14 0
8 0
7 0
19 0
11 0
11 0
10 0
9 0
10 0
20 0
11 0
12 0
8 0
5 0
5 0
7 0
16 0
7 0
12 0
2 0
4 0
8 0
9 0
16 0
11 0
4 0
6 0
5 0
10 0
4 0
13 0
11 0
8 0
1 0
3 0
16 0
1 0
18 0
14 0
6 0
10 0
9 0
1 0
20 0
5 0
11 0
7 0
13 0
17 0
8 0
17 0
4 0
5 0
13 0
18 0
16 0
2 0
3 0
7 0
12 0
10 0
4 0
16 0
10 0
9 0
12 0
12 0
16 0
9 0
16 0
2 0
14 0
10 0
5 0
14 0
5 0
12 0
18 0
6 0
13 0
17 0
12 0
11 0
17 0
17 0
2 0
13 0
10 0
2 0
7 0
13 0
18 0
4 0
14 0
13 0
5 0
10 0
13 0
16 0
14 0
13 0
17 0
10 0
18 0
20 0
11 0
8 0
12 0
3 0
20 0
7 0
2 0
18 0
10 0
13 0
3 0
12 0
7 0
14 0
14 0
14 0
1 0
12 0
14 0
13 0
17 0
2 0
7 0
3 0
12 0
2 0
13 0
9 0
5 0
16 0
8 0
15 0
10 0
10 0
7 0
2 0
2 0
10 0
9 0
10 0
6 0
4 0
1 0
4 0
7 0
6 0
17 0
2 0
12 0
20 0
12 0
7 0
1 0
6 0
17 0
8 0
18 0
20 0
2 0
6 0
18 0
19 0
17 0
4 0
1 0
13 0
17 0
4 0
15 0
2 0
18 0
19 0
1 0
13 0
20 0
3 0
3 0
5 0
7 0
16 0
20 0
8 0
16 0
5 0
5 0
2 0
13 0
7 0
15 0
16 0
20 0
10 0
10 0
12 0
14 0
11 0
9 0
10 0
3 0
1 0
15 0
4 0
5 0
9 0
1 0
9 0
20 0
7 0
6 0
17 0
11 0
17 0
19 0
10 0
12 0
11 0
15 0
1 0
14 0
7 0
10 0
8 0
3 0
16 0
8 0
20 0
2 0
18 0
8 0
8 0
1 0
7 0
20 0
12 0
9 0
6 0
13 0
11 0
11 0
6 0
20 0
17 0
17 0
11 0
5 0
2 0
13 0
13 0
10 0
9 0
3 0
5 0
17 0
3 0
4 0
20 0
11 0
14 0
5 0
3 0
1 0
18 0
1 0
16 0
3 0
4 0
18 0
5 0
15 0
11 0
1 0
2 0
9 0
5 0
13 0
5 0
14 0
9 0
2 0
16 0
1 0
12 0
8 0
20 0
6 0
2 0
20 0
16 0
4 0
17 0
2 0
7 0
6 0
15 0
15 0
16 0
12 0
15 0
15 0
1 0
9 0
3 0
5 0
6 0
20 0
11 0
8 0
14 0
1 0
12 0
10 0
5 0
13 0
1 0
13 0
5 0
4 0
7 0
5 0
17 0
7 0
18 0
13 0
1 0
19 0
1 0
5 0
13 0
18 0
13 0
20 0
3 0
4 0
14 0
19 0
19 0
15 0
20 0
2 0
11 0
11 0
4 0
3 0
3 0
5 0
16 0
13 0
16 0
18 0
4 0
5 0
5 0
8 0
6 0
9 0
10 0
15 0
17 0
13 0
3 0
13 0
11 0
5 0
9 0
10 0
9 0
11 0
13 0
10 0
13 0
8 0
5 0
17 0
6 0
15 0
15 0
10 0
8 0
10 0
13 0
2 0
16 0
1 0
1 0
7 0
9 0
10 0
14 0
13 0
16 0
18 0
6 0
14 0
13 0
9 0
17 0
1 0
7 0
8 0
11 0
7 0
20 0
7 0
5 0
4 0
6 0
15 0
14 0
16 0
17 0
18 0
13 0
10 0
2 0
16 0
4 0
18 0
9 0
8 0
3 0
2 0
2 0
2 0
18 0
5 0
7 0
19 0
20 0
19 0
20 0
20 0
1 0
15 0
4 0
9 0
14 0
10 0
7 0
10 0
1 0
6 0
14 0
19 0
18 0
17 0
8 0
6 0
6 0
9 0
11 0
20 0
18 0
8 0
16 0
13 0
18 0
15 0
8 0
19 0
1 0
12 0
20 0
17 0
12 0
2 0
17 0
20 0
10 0
7 0
14 0
19 0
10 0
15 0
13 0
8 0
17 0
10 0
15 0
8 0
12 0
8 0
19 0
16 0
16 0
16 0
1 0
11 0
7 0
17 0
20 0
3 0
6 0
17 0
1 0
4 0
16 0
7 0
9 0
15 0
19 0
5 0
12 0
3 0
2 0
13 0
11 0
18 0
3 0
11 0
12 0
14 0
14 0
19 0
18 0
13 0
7 0
14 0
1 0
14 0
9 0
4 0
20 0
12 0
1 0
12 0
7 0
17 0
12 0
10 0
5 0
16 0
10 0
20 0
11 0
12 0
19 0
12 0
11 0
5 0
2 0
14 0
5 0
6 0
18 0
11 0
3 0
19 0
13 0
7 0
13 0
14 0
20 0
6 0
20 0
16 0
6 0
6 0
17 0
9 0
6 0
2 0
16 0
10 0
15 0
14 0
17 0
1 0
10 0
8 0
6 0
19 0
13 0
19 0
16 0
18 0
20 0
15 0
2 0
20 0
10 0
2 0
7 0
4 0
16 0
5 0
17 0
7 0
8 0
1 0
15 0
18 0
3 0
10 0
19 0
2 0
15 0
14 0
11 0
9 0
8 0
12 0
17 0
19 0
15 0
2 0
14 0
4 0
18 0
3 0
15 0
13 0
11 0
9 0
2 0
14 0
17 0
18 0
3 0
3 0
9 0
11 0
6 0
19 0
14 0
4 0
17 0
11 0
16 0
17 0
20 0
9 0
16 0
6 0
7 0
8 0
1 0
16 0
17 0
3 0
2 0
16 0
16 0
6 0
17 0
2 0
7 0
18 0
7 0
12 0
8 0
15 0
3 0
9 0
15 0
18 0
9 0
13 0
14 0
14 0
1 0
17 0
3 0
13 0
9 0
9 0
18 0
20 0
15 0
20 0
5 0
19 0
6 0
11 0
17 0
2 0
3 0
2 0
19 0
7 0
14 0
10 0
14 0
16 0
4 0
9 0
17 0
3 0
19 0
19 0
19 0
5 0
12 0
17 0
17 0
9 0
12 0
10 0
16 0
18 0
16 0
9 0
20 0
14 0
13 0
5 0
7 0
20 0
1 0
6 0
12 0
4 0
12 0
13 0
7 0
8 0
5 0
2 0
2 0
5 0
4 0
14 0
17 0
13 0
3 0
11 0
2 0
10 0
13 0
17 0
1 0
3 0
20 0
10 0
6 0
4 0
19 0
12 0
9 0
15 0
7 0
7 0
7 0
5 0
3 0
9 0
20 0
16 0
14 0
2 0
14 0
4 0
16 0
20 0
11 0
9 0
14 0
15 0
1 0
3 0
5 0
10 0
3 0
19 0
6 0
4 0
6 0
15 0
16 0
18 0
14 0
18 0
5 0
2 0
9 0
5 0
12 0
12 0
3 0
6 0
4 0
20 0
14 0
13 0
12 0
1 0
8 0
10 0
2 0
12 0
4 0
20 0
10 0
5 0
11 0
2 0
11 0
14 0
18 0
16 0
12 0
4 0
16 0
4 0
14 0
19 0
13 0
1 0
16 0
10 0
12 0
17 0
6 0
15 0
17 0
14 0
17 0
20 0
12 0
20 0
11 0
5 0
2 0
8 0
11 0
9 0
13 0
3 0
19 0
13 0
15 0
2 0
13 0
16 0
4 0
1 0
20 0
9 0
12 0
1 0
11 0
17 0
17 0
17 0
9 0
20 0
1 0
15 0
20 0
14 0
8 0
17 0
12 0
1 0
5 0
10 0
15 0
20 0
12 0
1 0
13 0
18 0
11 0
13 0
2 0
6 0
3 0
15 0
2 0
13 0
14 0
11 0
11 0
10 0
4 0
2 0
4 0
15 0
13 0
2 0
2 0
11 0
6 0
4 0
12 0
14 0
13 0
2 0
13 0
20 0
10 0
16 0
20 0
5 0
15 0
7 0
10 0
3 0
1 0
1 0
6 0
5 0
5 0
13 0
18 0
13 0
3 0
20 0
18 0
18 0
19 0
1 0
8 0
1 0
9 0
20 0
3 0
20 0
6 0
8 0
13 0
9 0
1 0
20 0
18 0
15 0
2 0
19 0
15 0
17 0
20 0
15 0
10 0
3 0
18 0
5 0
9 0
2 0
20 0
19 0
1 0
7 0
20 0
15 0
16 0
11 0
12 0
5 0
6 0
1 0
13 0
3 0
12 0
13 0
3 0
6 0
18 0
12 0
13 0
1 0
16 0
5 0
1 0
18 0
6 0
15 0
6 0
16 0
20 0
16 0
9 0
9 0
19 0
7 0
9 0
1 0
3 0
18 0
9 0
15 0
1 0
12 0
16 0
11 0
7 0
13 0
17 0
6 0
16 0
14 0
1 0
8 0
5 0
14 0
14 0
6 0
7 0
4 0
7 0
3 0
17 0
2 0
4 0
1 0
11 0
13 0
7 0
2 0
6 0
20 0
11 0
20 0
3 0
19 0
9 0
11 0
20 0
3 0
5 0
16 0
19 0
13 0
10 0
14 0
13 0
1 0
16 0
16 0
9 0
14 0
15 0
2 0
19 0
4 0
2 0
7 0
3 0
13 0
18 0
15 0
13 0
9 0
2 0
9 0
19 0
14 0
10 0
12 0
10 0
12 0
13 0
3 0
8 0
7 0
8 0
13 0
8 0
12 0
9 0
3 0
14 0
6 0
7 0
18 0
5 0
8 0
18 0
5 0
17 0
17 0
20 0
1 0
11 0
15 0
11 0
14 0
12 0
9 0
13 0
20 0
16 0
4 0
3 0
5 0
2 0
17 0
5 0
9 0
20 0
2 0
19 0
13 0
18 0
17 0
16 0
7 0
16 0
16 0
15 0
1 0
19 0
2 0
3 0
18 0
11 0
12 0
7 0
20 0
11 0
7 0
15 0
1 0
10 0
5 0
1 0
20 0
13 0
20 0
7 0
1 0
5 0
16 0
20 0
9 0
20 0
19 0
13 0
1 0
6 0
18 0
8 0
5 0
2 0
4 0
12 0
7 0
2 0
20 0
13 0
14 0
11 0
4 0
19 0
20 0
2 0
3 0
14 0
8 0
3 0
12 0
2 0
20 0
8 0
12 0
12 0
6 0
8 0
6 0
18 0
9 0
14 0
9 0
3 0
15 0
1 0
1 0
10 0
2 0
1 0
19 0
8 0
4 0
5 0
10 0
17 0
5 0
3 0
7 0
4 0
3 0
16 0
10 0
5 0
14 0
18 0
9 0
16 0
10 0
5 0
17 0
5 0
18 0
7 0
14 0
13 0
2 0
17 0
4 0
11 0
7 0
5 0
9 0
10 0
1 0
17 0
17 0
19 0
5 0
1 0
5 0
20 0
12 0
5 0
12 0
18 0
19 0
12 0
18 0
2 0
4 0
6 0
6 0
4 0
11 0
6 0
9 0
5 0
5 0
13 0
3 0
18 0
17 0
8 0
2 0
5 0
2 0
10 0
6 0
1 0
7 0
8 0
16 0
15 0
11 0
12 0
4 0
17 0
17 0
13 0
10 0
16 0
20 0
2 0
3 0
15 0
18 0
9 0
7 0
4 0
2 0
20 0
13 0
3 0
20 0
11 0
19 0
18 0
11 0
11 0
19 0
11 0
10 0
9 0
19 0
8 0
11 0
20 0
17 0
16 0
4 0
7 0
3 0
3 0
20 0
5 0
4 0
17 0
4 0
17 0
14 0
13 0
14 0
14 0
12 0
12 0
14 0
18 0
20 0
10 0
9 0
20 0
11 0
14 0
8 0
14 0
3 0
4 0
19 0
17 0
15 0
5 0
12 0
10 0
16 0
2 0
3 0
11 0
1 0
5 0
8 0
8 0
3 0
5 0
18 0
7 0
10 0
11 0
6 0
19 0
1 0
1 0
9 0
20 0
14 0
7 0
19 0
2 0
7 0
4 0
6 0
13 0
3 0
10 0
11 0
17 0
14 0
5 0
15 0
15 0
10 0
5 0
9 0
19 0
3 0
6 0
9 0
2 0
12 0
17 0
2 0
8 0
1 0
16 0
16 0
17 0
16 0
1 0
4 0
6 0
19 0
17 0
12 0
6 0
5 0
19 0
16 0
10 0
20 0
8 0
16 0
9 0
13 0
13 0
6 0
10 0
14 0
16 0
3 0
8 0
19 0
3 0
2 0
6 0
2 0
8 0
15 0
3 0
16 0
20 0
19 0
4 0
11 0
10 0
8 0
3 0
8 0
2 0
11 0
2 0
13 0
6 0
11 0
3 0
9 0
9 0
3 0
4 0
6 0
13 0
20 0
15 0
10 0
17 0
14 0
18 0
20 0
6 0
20 0
8 0
17 0
17 0
13 0
2 0
20 0
8 0
17 0
8 0
15 0
9 0
2 0
20 0
9 0
12 0
8 0
1 0
2 0
17 0
2 0
12 0
19 0
14 0
13 0
9 0
15 0
11 0
6 0
3 0
11 0
18 0
9 0
10 0
18 0
7 0
17 0
18 0
16 0
5 0
7 0
20 0
15 0
5 0
4 0
9 0
7 0
3 0
19 0
4 0
15 0
9 0
12 0
14 0
5 0
15 0
2 0
15 0
5 0
15 0
18 0
16 0
11 0
10 0
2 0
18 0
11 0
15 0
17 0
7 0
19 0
5 0
5 0
8 0
8 0
19 0
8 0
7 0
10 0
9 0
20 0
16 0
8 0
7 0
19 0
1 0
18 0
7 0
17 0
2 0
10 0
14 0
9 0
1 0
13 0
12 0
17 0
16 0
6 0
18 0
14 0
4 0
13 0
1 0
17 0
18 0
1 0
16 0
20 0
7 0
7 0
17 0
20 0
16 0
3 0
5 0
6 0
18 0
16 0
1 0
17 0
8 0
4 0
15 0
9 0
17 0
13 0
20 0
7 0
6 0
14 0
5 0
13 0
8 0
8 0
17 0
6 0
18 0
11 0
7 0
14 0
15 0
14 0
11 0
20 0
7 0
2 0
19 0
3 0
8 0
17 0
15 0
15 0
1 0
16 0
17 0
9 0
15 0
7 0
5 0
20 0
10 0
5 0
12 0
16 0
10 0
8 0
2 0
16 0
10 0
5 0
9 0
12 0
8 0
5 0
5 0
18 0
4 0
14 0
12 0
5 0
3 0
9 0
6 0
11 0
7 0
17 0
16 0
15 0
4 0
1 0
1 0
10 0
1 0
16 0
7 0
13 0
2 0
3 0
2 0
13 0
8 0
20 0
7 0
20 0
5 0
16 0
7 0
12 0
6 0
17 0
5 0
2 0
13 0
19 0
11 0
19 0
10 0
9 0
3 0
16 0
10 0
17 0
3 0
11 0
18 0
12 0
17 0
3 0
1 0
3 0
17 0
14 0
14 0
4 0
15 0
9 0
6 0
5 0
20 0
1 0
6 0
3 0
1 0
2 0
19 0
12 0
7 0
1 0
18 0
3 0
16 0
13 0
10 0
15 0
1 0
3 0
7 0
1 0
15 0
19 0
15 0
11 0
15 0
19 0
6 0
10 0
14 0
3 0
8 0
17 0
17 0
5 0
18 0
20 0
12 0
16 0
17 0
15 0
19 0
19 0
19 0
18 0
17 0
18 0
17 0
7 0
16 0
5 0
14 0
14 0
5 0
15 0
18 0
2 0
12 0
4 0
9 0
19 0
4 0
15 0
15 0
9 0
2 0
10 0
9 0
7 0
19 0
14 0
15 0
12 0
2 0
8 0
5 0
10 0
8 0
1 0
16 0
20 0
2 0
6 0
3 0
19 0
12 0
7 0
16 0
12 0
10 0
12 0
13 0
4 0
11 0
13 0
5 0
12 0
7 0
18 0
6 0
17 0
4 0
6 0
15 0
12 0
17 0
3 0
13 0
8 0
10 0
15 0
18 0
6 0
17 0
9 0
10 0
11 0
7 0
19 0
6 0
9 0
19 0
15 0
8 0
19 0
16 0
5 0
12 0
4 0
10 0
20 0
14 0
10 0
19 0
4 0
18 0
5 0
14 0
17 0
18 0
13 0
8 0
6 0
15 0
7 0
20 0
1 0
7 0
20 0
6 0
19 0
13 0
9 0
1 0
8 0
14 0
14 0
19 0
19 0
13 0
11 0
14 0
6 0
5 0
19 0
6 0
6 0
17 0
18 0
14 0
20 0
9 0
9 0
2 0
19 0
4 0
18 0
6 0
15 0
10 0
12 0
1 0
18 0
6 0
11 0
16 0
1 0
9 0
1 0
10 0
17 0
16 0
7 0
8 0
7 0
10 0
16 0
10 0
6 0
4 0
13 0
6 0
20 0
18 0
17 0
5 0
18 0
3 0
19 0
13 0
11 0
4 0
17 0
17 0
15 0
2 0
13 0
5 0
14 0
19 0
16 0
3 0
7 0
12 0
20 0
8 0
19 0
1 0
14 0
20 0
14 0
18 0
20 0
8 0
6 0
7 0
19 0
14 0
13 0
14 0
1 0
2 0
3 0
2 0
4 0
17 0
16 0
10 0
19 0
13 0
9 0
5 0
1 0
8 0
13 0
14 0
18 0
12 0
2 0
5 0
16 0
10 0
18 0
12 0
9 0
4 0
4 0
10 0
20 0
16 0
20 0
19 0
17 0
7 0
12 0
3 0
4 0
8 0
14 0
12 0
15 0
17 0
7 0
2 0
2 0
17 0
10 0
14 0
19 0
16 0
2 0
19 0
2 0
11 0
17 0
6 0
2 0
12 0
12 0
18 0
19 0
1 0
16 0
6 0
20 0
4 0
12 0
13 0
2 0
12 0
16 0
10 0
5 0
2 0
16 0
1 0
2 0
15 0
4 0
6 0
13 0
12 0
6 0
14 0
12 0
6 0
4 0
14 0
12 0
16 0
6 0
2 0
17 0
20 0
14 0
17 0
11 0
7 0
16 0
6 0
9 0
9 0
8 0
13 0
6 0
4 0
17 0
4 0
8 0
11 0
2 0
11 0
3 0
1 0
4 0
18 0
14 0
3 0
10 0
17 0
2 0
14 0
1 0
3 0
9 0
9 0
7 0
10 0
5 0
11 0
10 0
3 0
18 0
20 0
19 0
1 0
18 0
10 0
6 0
4 0
3 0
6 0
3 0
15 0
12 0
10 0
15 0
15 0
18 0
3 0
20 0
7 0
7 0
10 0
10 0
13 0
11 0
5 0
5 0
15 0
13 0
18 0
13 0
5 0
20 0
3 0
16 0
11 0
4 0
7 0
20 0
7 0
18 0
12 0
12 0
14 0
4 0
7 0
12 0
8 0
17 0
3 0
12 0
5 0
2 0
7 0
3 0
19 0
10 0
20 0
20 0
20 0
11 0
16 0
5 0
8 0
14 0
12 0
7 0
4 0
8 0
9 0
12 0
17 0
6 0
7 0
11 0
13 0
7 0
7 0
3 0
17 0
14 0
20 0
14 0
18 0
6 0
1 0
8 0
15 0
16 0
13 0
13 0
16 0
16 0
20 0
16 0
19 0
16 0
4 0
16 0
17 0
13 0
7 0
10 0
14 0
8 0
5 0
12 0
16 0
2 0
12 0
13 0
11 0
4 0
16 0
16 0
6 0
12 0
5 0
14 0
3 0
11 0
12 0
17 0
14 0
13 0
14 0
13 0
2 0
18 0
11 0
1 0
6 0
13 0
1 0
10 0
11 0
14 0
7 0
9 0
16 0
16 0
6 0
10 0
2 0
1 0
14 0
14 0
6 0
9 0
4 0
6 0
20 0
12 0
16 0
14 0
5 0
7 0
12 0
14 0
18 0
17 0
15 0
6 0
9 0
4 0
3 0
5 0
1 0
5 0
10 0
6 0
15 0
17 0
7 0
20 0
4 0
1 0
1 0
5 0
16 0
14 0
9 0
11 0
1 0
6 0
2 0
1 0
3 0
10 0
5 0
10 0
15 0
8 0
12 0
20 0
6 0
17 0
11 0
5 0
14 0
8 0
3 0
10 0
3 0
9 0
8 0
18 0
4 0
5 0
18 0
11 0
17 0
1 0
16 0
2 0
13 0
17 0
16 0
2 0
8 0
6 0
20 0
3 0
12 0
17 0
11 0
17 0
16 0
9 0
10 0
11 0
6 0
9 0
6 0
1 0
4 0
11 0
16 0
16 0
10 0
9 0
4 0
14 0
9 0
3 0
14 0
1 0
14 0
2 0
5 0
7 0
19 0
5 0
20 0
17 0
7 0
8 0
19 0
17 0
4 0
3 0
7 0
10 0
8 0
5 0
5 0
15 0
13 0
15 0
15 0
17 0
17 0
3 0
4 0
9 0
5 0
19 0
16 0
14 0
5 0
16 0
18 0
19 0
10 0
12 0
2 0
8 0
18 0
19 0
7 0
10 0
15 0
15 0
3 0
4 0
15 0
16 0
17 0
12 0
13 0
10 0
3 0
13 0
16 0
7 0
8 0
18 0
16 0
20 0
1 0
6 0
8 0
5 0
11 0
17 0
7 0
16 0
12 0
14 0
6 0
2 0
7 0
13 0
10 0
5 0
5 0
10 0
4 0
16 0
18 0
10 0
16 0
20 0
9 0
6 0
5 0
7 0
1 0
19 0
14 0
16 0
4 0
3 0
17 0
1 0
6 0
7 0
8 0
2 0
14 0
13 0
4 0
16 0
7 0
20 0
13 0
15 0
17 0
13 0
1 0
8 0
19 0
6 0
6 0
10 0
9 0
12 0
9 0
11 0
2 0
3 0
1 0
12 0
12 0
11 0
1 0
16 0
18 0
6 0
10 0
8 0
13 0
5 0
17 0
6 0
18 0
1 0
16 0
7 0
12 0
2 0
18 0
3 0
7 0
17 0
9 0
16 0
2 0
15 0
16 0
8 0
5 0
10 0
6 0
4 0
5 0
15 0
19 0
1 0
15 0
3 0
17 0
4 0
12 0
17 0
9 0
15 0
20 0
19 0
3 0
10 0
15 0
18 0
2 0
10 0
19 0
10 0
9 0
16 0
15 0
7 0
6 0
6 0
13 0
4 0
19 0
13 0
5 0
14 0
20 0
11 0
17 0
20 0
2 0
14 0
7 0
10 0
8 0
19 0
5 0
20 0
2 0
11 0
17 0
20 0
3 0
20 0
12 0
18 0
10 0
13 0
13 0
17 0
20 0
7 0
3 0
17 0
13 0
7 0
11 0
14 0
13 0
6 0
11 0
20 0
7 0
11 0
2 0
15 0
16 0
15 0
20 0
9 0
6 0
8 0
6 0
19 0
13 0
11 0
15 0
3 0
5 0
14 0
15 0
8 0
9 0
4 0
1 0
3 0
16 0
14 0
12 0
8 0
3 0
14 0
10 0
9 0
8 0
17 0
1 0
19 0
12 0
13 0
9 0
11 0
20 0
3 0
5 0
5 0
17 0
20 0
12 0
18 0
7 0
17 0
11 0
13 0
2 0
20 0
14 0
19 0
8 0
6 0
20 0
20 0
11 0
15 0
12 0
6 0
20 0
13 0
12 0
2 0
6 0
1 0
7 0
9 0
18 0
17 0
13 0
4 0
9 0
8 0
10 0
8 0
16 0
18 0
10 0
15 0
8 0
16 0
1 0
20 0
19 0
10 0
15 0
2 0
2 0
8 0
3 0
1 0
5 0
17 0
15 0
1 0
1 0
19 0
7 0
3 0
2 0
6 0
20 0
9 0
11 0
15 0
9 0
8 0
15 0
17 0
1 0
20 0
3 0
20 0
3 0
8 0
1 0
12 0
5 0
2 0
7 0
6 0
17 0
13 0
8 0
14 0
2 0
18 0
1 0
20 0
7 0
3 0
1 0
12 0
20 0
20 0
3 0
20 0
13 0
2 0
9 0
10 0
20 0
8 0
18 0
16 0
14 0
2 0
7 0
13 0
14 0
18 0
5 0
16 0
4 0
3 0
5 0
3 0
6 0
20 0
9 0
2 0
11 0
11 0
14 0
7 0
11 0
16 0
2 0
15 0
6 0
2 0
17 0
14 0
6 0
17 0
12 0
16 0
6 0
7 0
4 0
11 0
1 0
12 0
7 0
4 0
11 0
9 0
19 0
20 0
15 0
6 0
15 0
16 0
6 0
15 0
6 0
15 0
8 0
10 0
18 0
11 0
18 0
19 0
7 0
15 0
1 0
17 0
19 0
11 0
18 0
8 0
2 0
8 0
20 0
10 0
17 0
20 0
20 0
12 0
14 0
17 0
17 0
6 0
16 0
15 0
1 0
3 0
19 0
3 0
15 0
14 0
14 0
16 0
17 0
19 0
9 0
15 0
11 0
12 0
6 0
1 0
11 0
17 0
18 0
18 0
20 0
8 0
20 0
7 0
1 0
4 0
6 0
15 0
5 0
10 0
13 0
14 0
1 0
13 0
14 0
14 0
11 0
4 0
1 0
6 0
2 0
11 0
4 0
13 0
1 0
13 0
2 0
1 0
6 0
10 0
5 0
19 0
7 0
13 0
15 0
9 0
4 0
20 0
15 0
11 0
3 0
19 0
13 0
11 0
10 0
12 0
9 0
3 0
15 0
3 0
18 0
15 0
6 0
10 0
10 0
3 0
9 0
13 0
16 0
15 0
6 0
6 0
12 0
5 0
2 0
11 0
1 0
19 0
8 0
6 0
18 0
19 0
4 0
19 0
8 0
3 0
19 0
3 0
6 0
9 0
15 0
4 0
3 0
9 0
13 0
13 0
3 0
20 0
13 0
11 0
6 0
5 0
1 0
16 0
13 0
13 0
9 0
17 0
13 0
1 0
1 0
16 0
7 0
10 0
14 0
2 0
3 0
16 0
4 0
1 0
5 0
16 0
3 0
6 0
5 0
10 0
10 0
9 0
16 0
16 0
11 0
20 0
17 0
1 0
8 0
4 0
14 0
20 0
12 0
14 0
4 0
8 0
5 0
11 0
18 0
19 0
5 0
18 0
10 0
9 0
6 0
17 0
18 0
12 0
17 0
11 0
7 0
12 0
2 0
15 0
8 0
19 0
19 0
6 0
1 0
4 0
7 0
10 0
10 0
4 0
19 0
17 0
14 0
3 0
4 0
2 0
19 0
3 0
9 0
17 0
8 0
15 0
2 0
17 0
9 0
20 0
9 0
12 0
5 0
10 0
20 0
11 0
7 0
10 0
6 0
7 0
12 0
6 0
3 0
1 0
20 0
2 0
11 0
15 0
18 0
16 0
7 0
10 0
19 0
11 0
4 0
7 0
10 0
4 0
15 0
20 0
12 0
9 0
15 0
13 0
14 0
17 0
10 0
18 0
7 0
10 0
6 0
20 0
14 0
18 0
14 0
9 0
12 0
7 0
17 0
6 0
13 0
7 0
14 0
2 0
6 0
6 0
5 0
1 0
16 0
14 0
15 0
18 0
7 0
15 0
12 0
15 0
11 0
2 0
10 0
10 0
19 0
7 0
9 0
16 0
17 0
10 0
6 0
10 0
13 0
7 0
4 0
18 0
20 0
7 0
7 0
3 0
8 0
11 0
3 0
8 0
15 0
16 0
4 0
5 0
13 0
10 0
1 0
2 0
12 0
8 0
11 0
5 0
4 0
10 0
20 0
2 0
8 0
3 0
19 0
7 0
1 0
15 0
20 0
6 0
8 0
11 0
9 0
17 0
20 0
10 0
19 0
7 0
2 0
18 0
2 0
15 0
16 0
20 0
10 0
17 0
1 0
20 0
2 0
4 0
19 0
4 0
20 0
8 0
5 0
16 0
1 0
14 0
12 0
2 0
12 0
1 0
16 0
10 0
7 0
6 0
18 0
15 0
15 0
16 0
12 0
13 0
14 0
10 0
15 0
18 0
12 0
12 0
14 0
4 0
11 0
11 0
18 0
4 0
12 0
10 0
15 0
14 0
19 0
2 0
3 0
6 0
13 0
3 0
20 0
14 0
5 0
5 0
10 0
1 0
15 0
10 0
17 0
8 0
2 0
19 0
19 0
15 0
11 0
3 0
10 0
9 0
2 0
12 0
10 0
1 0
16 0
10 0
3 0
5 0
4 0
20 0
12 0
12 0
4 0
20 0
2 0
6 0
15 0
17 0
15 0
17 0
14 0
17 0
11 0
13 0
14 0
20 0
2 0
2 0
1 0
5 0
13 0
8 0
15 0
7 0
1 0
14 0
11 0
4 0
1 0
20 0
19 0
5 0
13 0
15 0
9 0
9 0
4 0
10 0
15 0
18 0
17 0
4 0
16 0
1 0
15 0
15 0
20 0
16 0
6 0
17 0
15 0
14 0
20 0
19 0
17 0
17 0
12 0
16 0
6 0
20 0
1 0
9 0
8 0
5 0
1 0
8 0
1 0
14 0
10 0
9 0
11 0
8 0
15 0
14 0
15 0
19 0
9 0
9 0
18 0
3 0
13 0
20 0
20 0
14 0
18 0
11 0
10 0
8 0
4 0
13 0
7 0
12 0
8 0
17 0
14 0
14 0
13 0
5 0
20 0
15 0
18 0
5 0
1 0
6 0
11 0
4 0
16 0
14 0
20 0
1 0
12 0
13 0
8 0
19 0
15 0
5 0
16 0
15 0
1 0
12 0
5 0
17 0
3 0
7 0
13 0
13 0
10 0
15 0
19 0
15 0
13 0
8 0
3 0
17 0
15 0
10 0
6 0
15 0
4 0
16 0
14 0
6 0
6 0
13 0
2 0
8 0
13 0
19 0
15 0
7 0
17 0
17 0
14 0
6 0
1 0
3 0
8 0
20 0
8 0
14 0
5 0
15 0
15 0
1 0
14 0
14 0
15 0
2 0
11 0
20 0
13 0
13 0
2 0
3 0
14 0
3 0
6 0
6 0
5 0
12 0
1 0
20 0
19 0
18 0
9 0
2 0
8 0
6 0
14 0
4 0
9 0
11 0
1 0
10 0
12 0
4 0
5 0
5 0
20 0
17 0
3 0
14 0
5 0
20 0
20 0
3 0
15 0
2 0
5 0
4 0
5 0
14 0
8 0
12 0
18 0
1 0
8 0
18 0
15 0
9 0
14 0
13 0
14 0
7 0
13 0
5 0
7 0
15 0
3 0
10 0
17 0
11 0
17 0
6 0
19 0
5 0
7 0
4 0
16 0
6 0
5 0
18 0
10 0
5 0
3 0
11 0
16 0
16 0
14 0
20 0
5 0
13 0
8 0
4 0
16 0
10 0
20 0
20 0
16 0
5 0
12 0
1 0
8 0
6 0
10 0
13 0
4 0
15 0
16 0
17 0
14 0
1 0
18 0
4 0
3 0
15 0
7 0
14 0
16 0
20 0
7 0
20 0
7 0
1 0
16 0
19 0
13 0
15 0
5 0
6 0
7 0
9 0
12 0
7 0
1 0
16 0
19 0
17 0
16 0
13 0
6 0
13 0
17 0
20 0
13 0
1 0
9 0
4 0
12 0
17 0
15 0
6 0
6 0
8 0
4 0
6 0
3 0
13 0
3 0
17 0
5 0
18 0
7 0
13 0
4 0
7 0
3 0
11 0
12 0
1 0
8 0
15 0
16 0
19 0
3 0
3 0
11 0
7 0
9 0
15 0
17 0
17 0
10 0
10 0
13 0
4 0
5 0
8 0
2 0
19 0
4 0
5 0
8 0
1 0
14 0
6 0
15 0
5 0
19 0
1 0
17 0
18 0
19 0
14 0
8 0
8 0
1 0
17 0
17 0
10 0
3 0
12 0
14 0
5 0
18 0
5 0
12 0
1 0
7 0
9 0
5 0
9 0
14 0
18 0
13 0
3 0
9 0
5 0
11 0
1 0
20 0
3 0
7 0
3 0
8 0
12 0
20 0
17 0
9 0
1 0
10 0
8 0
14 0
13 0
15 0
5 0
14 0
16 0
12 0
13 0
19 0
19 0
3 0
16 0
10 0
15 0
3 0
17 0
3 0
20 0
5 0
13 0
16 0
19 0
5 0
20 0
7 0
9 0
10 0
9 0
9 0
14 0
11 0
15 0
18 0
10 0
12 0
20 0
9 0
6 0
1 0
8 0
6 0
13 0
19 0
15 0
4 0
11 0
8 0
5 0
10 0
5 0
6 0
13 0
19 0
2 0
8 0
18 0
2 0
12 0
3 0
18 0
7 0
13 0
6 0
11 0
1 0
16 0
18 0
4 0
13 0
10 0
13 0
5 0
5 0
6 0
2 0
10 0
6 0
10 0
6 0
11 0
5 0
5 0
2 0
3 0
8 0
10 0
17 0
11 0
12 0
6 0
6 0
12 0
10 0
10 0
20 0
17 0
5 0
14 0
20 0
5 0
6 0
17 0
17 0
3 0
19 0
9 0
20 0
18 0
13 0
16 0
6 0
13 0
1 0
1 0
10 0
6 0
16 0
17 0
13 0
15 0
7 0
2 0
4 0
1 0
2 0
18 0
18 0
17 0
1 0
11 0
3 0
2 0
19 0
1 0
5 0
19 0
9 0
19 0
6 0
11 0
14 0
10 0
7 0
3 0
9 0
15 0
20 0
20 0
10 0
2 0
11 0
19 0
9 0
20 0
6 0
16 0
10 0
20 0
16 0
12 0
14 0
15 0
16 0
3 0
15 0
8 0
11 0
16 0
20 0
15 0
5 0
13 0
10 0
18 0
10 0
8 0
20 0
15 0
13 0
15 0
11 0
19 0
1 0
18 0
6 0
12 0
5 0
3 0
18 0
1 0
4 0
11 0
7 0
6 0
17 0
18 0
18 0
1 0
10 0
2 0
1 0
4 0
2 0
19 0
20 0
9 0
2 0
7 0
8 0
14 0
15 0
19 0
19 0
13 0
5 0
11 0
19 0
4 0
13 0
4 0
19 0
18 0
10 0
1 0
3 0
19 0
19 0
19 0
18 0
2 0
3 0
12 0
17 0
16 0
13 0
3 0
19 0
3 0
10 0
2 0
11 0
12 0
16 0
14 0
20 0
3 0
17 0
9 0
8 0
12 0
5 0
4 0
1 0
20 0
3 0
11 0
19 0
8 0
5 0
1 0
18 0
4 0
4 0
13 0
5 0
3 0
12 0
18 0
7 0
7 0
1 0
3 0
18 0
8 0
8 0
13 0
3 0
15 0
3 0
20 0
8 0
6 0
11 0
8 0
5 0
13 0
12 0
14 0
13 0
12 0
2 0
1 0
20 0
15 0
10 0
6 0
14 0
5 0
12 0
4 0
17 0
10 0
10 0
19 0
4 0
10 0
11 0
15 0
5 0
4 0
18 0
17 0
4 0
14 0
18 0
4 0
11 0
16 0
1 0
12 0
11 0
14 0
18 0
1 0
16 0
6 0
9 0
20 0
19 0
10 0
11 0
14 0
13 0
4 0
9 0
5 0
17 0
11 0
2 0
5 0
12 0
19 0
15 0
7 0
10 0
20 0
7 0
2 0
7 0
15 0
9 0
3 0
2 0
18 0
2 0
19 0
19 0
16 0
9 0
2 0
16 0
16 0
1 0
18 0
14 0
1 0
20 0
5 0
1 0
15 0
13 0
4 0
6 0
3 0
12 0
17 0
1 0
10 0
5 0
3 0
17 0
3 0
15 0
3 0
5 0
9 0
5 0
9 0
16 0
15 0
12 0
10 0
11 0
4 0
3 0
3 0
3 0
17 0
19 0
11 0
1 0
9 0
14 0
4 0
17 0
2 0
19 0
7 0
12 0
5 0
13 0
2 0
15 0
3 0
3 0
17 0
4 0
14 0
3 0
7 0
14 0
6 0
5 0
14 0
10 0
4 0
12 0
15 0
2 0
3 0
9 0
8 0
18 0
11 0
7 0
13 0
17 0
19 0
5 0
16 0
11 0
10 0
2 0
3 0
9 0
15 0
16 0
8 0
19 0
11 0
8 0
1 0
3 0
20 0
11 0
10 0
9 0
20 0
14 0
15 0
20 0
13 0
7 0
7 0
9 0
1 0
2 0
3 0
9 0
12 0
9 0
13 0
2 0
2 0
12 0
15 0
1 0
9 0
2 0
16 0
3 0
6 0
9 0
7 0
19 0
4 0
17 0
19 0
5 0
2 0
4 0
5 0
9 0
8 0
13 0
13 0
6 0
6 0
7 0
2 0
8 0
9 0
9 0
11 0
3 0
19 0
15 0
15 0
19 0
5 0
18 0
14 0
13 0
5 0
14 0
1 0
20 0
9 0
14 0
10 0
16 0
1 0
3 0
18 0
5 0
16 0
12 0
2 0
1 0
18 0
20 0
2 0
10 0
16 0
4 0
3 0
16 0
6 0
8 0
2 0
7 0
15 0
9 0
15 0
15 0
15 0
15 0
11 0
4 0
6 0
11 0
19 0
20 0
16 0
17 0
13 0
20 0
4 0
7 0
10 0
19 0
19 0
2 0
9 0
8 0
11 0
11 0
20 0
2 0
19 0
5 0
18 0
17 0
15 0
5 0
6 0
12 0
13 0
13 0
3 0
6 0
10 0
2 0
17 0
4 0
6 0
3 0
6 0
2 0
7 0
20 0
1 0
20 0
9 0
17 0
2 0
15 0
15 0
14 0
18 0
9 0
14 0
14 0
17 0
6 0
17 0
15 0
6 0
8 0
2 0
6 0
5 0
9 0
7 0
11 0
11 0
1 0
4 0
9 0
8 0
4 0
20 0
4 0
13 0
11 0
13 0
1 0
10 0
11 0
11 0
19 0
14 0
15 0
14 0
17 0
10 0
11 0
7 0
20 0
8 0
17 0
18 0
2 0
18 0
4 0
6 0
16 0
19 0
14 0
10 0
2 0
4 0
3 0
11 0
16 0
16 0
16 0
15 0
3 0
6 0
8 0
1 0
11 0
11 0
2 0
16 0
13 0
16 0
5 0
12 0
13 0
9 0
5 0
6 0
14 0
2 0
7 0
3 0
18 0
6 0
19 0
9 0
5 0
4 0
20 0
6 0
20 0
17 0
8 0
10 0
7 0
11 0
12 0
20 0
1 0
4 0
17 0
20 0
10 0
16 0
14 0
10 0
1 0
8 0
15 0
9 0
19 0
7 0
10 0
10 0
2 0
3 0
3 0
12 0
13 0
10 0
19 0
15 0
18 0
8 0
2 0
16 0
15 0
8 0
4 0
4 0
3 0
10 0
17 0
16 0
18 0
9 0
15 0
9 0
5 0
17 0
16 0
5 0
16 0
3 0
7 0
3 0
14 0
5 0
19 0
15 0
11 0
5 0
1 0
4 0
18 0
8 0
18 0
5 0
16 0
10 0
7 0
1 0
18 0
18 0
11 0
16 0
10 0
13 0
14 0
15 0
4 0
3 0
4 0
18 0
13 0
2 0
5 0
10 0
19 0
14 0
11 0
18 0
12 0
5 0
13 0
13 0
5 0
18 0
10 0
3 0
12 0
13 0
11 0
12 0
17 0
15 0
2 0
9 0
19 0
12 0
15 0
8 0
14 0
15 0