1000
1 3 1 2 3
12 3 4 5 6
5 2 7 8
5 2 9 10
15 2 11 12
16 2 13 14
18 2 15 16
16 1 17
16 3 18 19 20
17 3 21 22 23
14 2 24 25
19 2 26 27
19 2 28 29
1 1 30
19 1 31
8 2 32 33
4 1 34
18 3 35 36 37
15 3 38 39 40
1 3 41 42 43
6 1 44
13 1 45
11 3 46 47 48
19 3 49 50 51
7 1 52
19 1 53
7 2 54 55
17 3 56 57 58
19 3 59 60 61
20 1 62
19 2 63 64
13 1 65
1 3 66 67 68
20 1 69
3 1 70
14 3 71 72 73
5 2 74 75
19 2 76 77
10 3 78 79 80
19 2 81 82
6 2 83 84
14 1 85
12 1 86
2 3 87 88 89
14 1 90
15 2 91 92
16 2 93 94
12 2 95 96
11 2 97 98
9 2 99 100
5 2 101 102
15 1 103
3 2 104 105
20 1 106
11 3 107 108 109
3 3 110 111 112
4 3 113 114 115
17 3 116 117 118
6 2 119 120
3 1 121
2 3 122 123 124
4 3 125 126 127
10 1 128
9 3 129 130 131
17 3 132 133 134
16 3 135 136 137
14 2 138 139
4 3 140 141 142
9 1 143
3 3 144 145 146
10 3 147 148 149
19 1 150
10 1 151
9 2 152 153
8 2 154 155
5 1 156
18 3 157 158 159
3 3 160 161 162
5 1 163
5 1 164
1 2 165 166
9 3 167 168 169
8 3 170 171 172
4 1 173
13 2 174 175
3 3 176 177 178
11 2 179 180
18 1 181
20 1 182
5 3 183 184 185
9 2 186 187
8 2 188 189
16 1 190
11 2 191 192
7 1 193
7 1 194
19 1 195
13 1 196
9 3 197 198 199
10 2 200 201
14 1 202
20 1 203
20 2 204 205
6 2 206 207
14 1 208
1 2 209 210
16 1 211
13 2 212 213
5 1 214
17 2 215 216
5 3 217 218 219
8 1 220
8 1 221
11 3 222 223 224
13 2 225 226
12 1 227
14 1 228
16 2 229 230
7 2 231 232
14 2 233 234
4 3 235 236 237
2 1 238
18 1 239
1 3 240 241 242
2 1 243
7 3 244 245 246
19 3 247 248 249
13 3 250 251 252
8 3 253 254 255
18 3 256 257 258
14 2 259 260
11 3 261 262 263
14 3 264 265 266
12 3 267 268 269
1 1 270
10 3 271 272 273
12 1 274
20 1 275
17 3 276 277 278
18 3 279 280 281
19 3 282 283 284
3 3 285 286 287
1 3 288 289 290
17 1 291
13 2 292 293
1 3 294 295 296
5 2 297 298
14 2 299 300
6 3 301 302 303
12 3 304 305 306
10 3 307 308 309
2 1 310
11 1 311
15 1 312
4 2 313 314
20 2 315 316
1 1 317
16 1 318
8 1 319
2 3 320 321 322
13 3 323 324 325
6 2 326 327
18 2 328 329
19 3 330 331 332
17 3 333 334 335
11 2 336 337
3 1 338
12 3 339 340 341
5 3 342 343 344
3 2 345 346
9 1 347
20 2 348 349
11 3 350 351 352
19 1 353
19 2 354 355
16 2 356 357
18 2 358 359
16 3 360 361 362
20 2 363 364
6 2 365 366
6 2 367 368
10 3 369 370 371
15 2 372 373
11 3 374 375 376
6 3 377 378 379
1 1 380
17 3 381 382 383
4 1 384
18 3 385 386 387
19 1 388
15 1 389
15 3 390 391 392
14 2 393 394
2 3 395 396 397
1 1 398
2 3 399 400 401
7 3 402 403 404
18 3 405 406 407
7 1 408
4 2 409 410
9 2 411 412
3 3 413 414 415
7 1 416
20 1 417
5 3 418 419 420
19 2 421 422
2 2 423 424
7 1 425
20 1 426
12 2 427 428
7 2 429 430
1 1 431
13 1 432
16 2 433 434
1 2 435 436
5 1 437
14 2 438 439
5 2 440 441
16 1 442
7 3 443 444 445
7 2 446 447
16 1 448
11 1 449
9 2 450 451
9 1 452
15 3 453 454 455
12 1 456
19 3 457 458 459
15 3 460 461 462
18 2 463 464
12 1 465
19 3 466 467 468
13 3 469 470 471
8 1 472
16 3 473 474 475
19 3 476 477 478
20 1 479
20 1 480
16 3 481 482 483
18 1 484
6 3 485 486 487
14 1 488
16 2 489 490
15 1 491
16 2 492 493
9 1 494
10 2 495 496
1 3 497 498 499
20 1 500
2 1 501
2 1 502
15 3 503 504 505
2 2 506 507
10 1 508
18 1 509
1 3 510 511 512
10 2 513 514
4 3 515 516 517
11 3 518 519 520
11 1 521
7 3 522 523 524
7 3 525 526 527
5 3 528 529 530
8 3 531 532 533
20 2 534 535
9 2 536 537
14 3 538 539 540
6 3 541 542 543
18 2 544 545
3 1 546
4 1 547
5 3 548 549 550
3 1 551
17 3 552 553 554
19 3 555 556 557
16 2 558 559
18 2 560 561
19 3 562 563 564
11 3 565 566 567
14 1 568
1 2 569 570
8 2 571 572
2 3 573 574 575
12 1 576
7 1 577
10 3 578 579 580
10 2 581 582
18 3 583 584 585
18 1 586
8 2 587 588
16 1 589
12 3 590 591 592
2 3 593 594 595
5 3 596 597 598
17 3 599 600 601
16 1 602
18 2 603 604
20 2 605 606
14 1 607
6 2 608 609
7 3 610 611 612
2 2 613 614
7 2 615 616
6 2 617 618
16 2 619 620
3 1 621
13 2 622 623
16 3 624 625 626
2 3 627 628 629
12 2 630 631
14 3 632 633 634
14 3 635 636 637
1 3 638 639 640
14 2 641 642
4 1 643
19 3 644 645 646
5 3 647 648 649
3 2 650 651
7 2 652 653
16 3 654 655 656
16 2 657 658
10 2 659 660
3 2 661 662
11 2 663 664
1 1 665
9 3 666 667 668
2 1 669
11 2 670 671
12 1 672
13 2 673 674
19 1 675
17 2 676 677
1 2 678 679
12 3 680 681 682
5 3 683 684 685
8 1 686
3 2 687 688
9 3 689 690 691
19 1 692
3 1 693
10 2 694 695
10 3 696 697 698
5 3 699 700 701
15 3 702 703 704
10 2 705 706
14 1 707
7 3 708 709 710
13 3 711 712 713
11 3 714 715 716
20 3 717 718 719
17 1 720
8 2 721 722
6 3 723 724 725
9 3 726 727 728
4 3 729 730 731
11 1 732
11 3 733 734 735
16 1 736
19 1 737
15 2 738 739
10 2 740 741
10 1 742
9 2 743 744
16 3 745 746 747
1 2 748 749
20 1 750
17 3 751 752 753
7 1 754
6 3 755 756 757
11 2 758 759
12 1 760
9 3 761 762 763
14 2 764 765
10 1 766
12 1 767
3 3 768 769 770
8 1 771
1 3 772 773 774
3 1 775
19 3 776 777 778
19 2 779 780
18 1 781
13 1 782
6 2 783 784
8 2 785 786
19 3 787 788 789
13 2 790 791
18 3 792 793 794
17 3 795 796 797
9 2 798 799
20 3 800 801 802
3 1 803
8 1 804
12 3 805 806 807
2 1 808
6 2 809 810
20 1 811
10 2 812 813
17 1 814
7 2 815 816
9 3 817 818 819
9 1 820
13 3 821 822 823
19 1 824
2 2 825 826
5 3 827 828 829
11 3 830 831 832
7 3 833 834 835
2 2 836 837
8 2 838 839
16 2 840 841
9 2 842 843
14 1 844
6 1 845
16 3 846 847 848
8 2 849 850
13 2 851 852
13 2 853 854
4 1 855
12 1 856
19 3 857 858 859
13 2 860 861
2 2 862 863
16 2 864 865
4 3 866 867 868
20 1 869
13 2 870 871
18 1 872
4 3 873 874 875
7 3 876 877 878
6 3 879 880 881
3 2 882 883
10 3 884 885 886
10 1 887
7 2 888 889
1 2 890 891
11 1 892
19 1 893
5 1 894
6 3 895 896 897
7 1 898
11 2 899 900
11 2 901 902
1 1 903
13 1 904
5 2 905 906
5 3 907 908 909
11 3 910 911 912
8 1 913
2 1 914
4 1 915
12 2 916 917
18 2 918 919
13 2 920 921
13 1 922
19 2 923 924
15 3 925 926 927
7 2 928 929
6 1 930
16 1 931
6 2 932 933
4 3 934 935 936
5 2 937 938
3 1 939
16 1 940
2 3 941 942 943
18 1 944
16 1 945
10 2 946 947
2 2 948 949
3 3 950 951 952
10 3 953 954 955
19 1 956
18 2 957 958
4 1 959
20 2 960 961
8 1 962
13 2 963 964
15 2 965 966
1 3 967 968 969
4 2 970 971
18 2 972 973
18 2 974 975
9 2 976 977
14 3 978 979 980
17 2 981 982
15 1 983
10 2 984 985
20 1 986
15 1 987
5 3 988 989 990
7 2 991 992
6 3 993 994 995
14 2 996 997
7 2 998 999
7 0
18 0
9 0
4 0
15 0
19 0
7 0
3 0
4 0
17 0
13 0
7 0
8 0
13 0
4 0
9 0
19 0
9 0
14 0
18 0
12 0
5 0
7 0
13 0
16 0
6 0
4 0
15 0
6 0
4 0
20 0
2 0
4 0
20 0
15 0
11 0
6 0
2 0
16 0
13 0
1 0
8 0
16 0
2 0
8 0
7 0
15 0
15 0
8 0
20 0
6 0
1 0
1 0
2 0
17 0
3 0
17 0
4 0
1 0
19 0
14 0
1 0
12 0
11 0
10 0
5 0
13 0
3 0
13 0
19 0
1 0
17 0
11 0
3 0
8 0
4 0
15 0
12 0
17 0
4 0
14 0
12 0
11 0
13 0
16 0
5 0
9 0
6 0
10 0
12 0
6 0
5 0
4 0
19 0
6 0
13 0
9 0
19 0
14 0
17 0
4 0
4 0
11 0
16 0
10 0
17 0
19 0
6 0
17 0
3 0
20 0
6 0
5 0
5 0
8 0
3 0
11 0
19 0
14 0
14 0
9 0
6 0
8 0
16 0
1 0
20 0
15 0
3 0
12 0
17 0
16 0
4 0
3 0
7 0
8 0
20 0
14 0
10 0
6 0
5 0
5 0
2 0
16 0
5 0
2 0
11 0
6 0
4 0
17 0
18 0
12 0
2 0
5 0
15 0
16 0
7 0
13 0
9 0
1 0
15 0
9 0
11 0
18 0
5 0
7 0
7 0
1 0
15 0
1 0
16 0
14 0
13 0
11 0
18 0
2 0
2 0
15 0
13 0
10 0
10 0
14 0
3 0
20 0
7 0
9 0
1 0
11 0
17 0
6 0
11 0
15 0
10 0
7 0
6 0
17 0
20 0
7 0
4 0
4 0
2 0
7 0
6 0
18 0
3 0
2 0
17 0
18 0
4 0
2 0
6 0
10 0
16 0
18 0
11 0
15 0
14 0
12 0
3 0
17 0
4 0
17 0
19 0
13 0
15 0
17 0
13 0
17 0
12 0
9 0
2 0
13 0
13 0
11 0
15 0
17 0
10 0
18 0
12 0
3 0
2 0
20 0
10 0
2 0
10 0
8 0
12 0
7 0
17 0
7 0
7 0
11 0
5 0
17 0
1 0
17 0
12 0
3 0
2 0
17 0
14 0
10 0
6 0
2 0
14 0
17 0
12 0
20 0
20 0
7 0
2 0
10 0
1 0
2 0
11 0
8 0
6 0
18 0
9 0
1 0
15 0
1 0
5 0
8 0
16 0
19 0
6 0
13 0
12 0
14 0
15 0
11 0
18 0
8 0
7 0
9 0
2 0
18 0
15 0
14 0
13 0
18 0
20 0
2 0
8 0
15 0
20 0
6 0
16 0
11 0
10 0
15 0
12 0
12 0
8 0
1 0
13 0
15 0
15 0
7 0
20 0
5 0
16 0
12 0
18 0
20 0
11 0
18 0
5 0
10 0
11 0
18 0
15 0
17 0
9 0
6 0
1 0
18 0
18 0
8 0
16 0
15 0
6 0
1 0
2 0
13 0
19 0
14 0
7 0
11 0
12 0
18 0
4 0
3 0
8 0
18 0
5 0
13 0
9 0
2 0
19 0
3 0
2 0
15 0
12 0
8 0
12 0
6 0
4 0
7 0
20 0
10 0
12 0
19 0
15 0
4 0
12 0
7 0
12 0
15 0
8 0
17 0
4 0
12 0
12 0
8 0
4 0
14 0
15 0
9 0
19 0
5 0
3 0
5 0
3 0
19 0
11 0
8 0
20 0
14 0
13 0
18 0
12 0
7 0
6 0
18 0
8 0
4 0
9 0
15 0
20 0
9 0
15 0
2 0
20 0
8 0
19 0
20 0
14 0
11 0
6 0
15 0
17 0
4 0
5 0
14 0
2 0
10 0
7 0
1 0
12 0
8 0
11 0
8 0
18 0
14 0
1 0
18 0
4 0
17 0
3 0
9 0
17 0
19 0
1 0
18 0
8 0
10 0
19 0
19 0
14 0
16 0
7 0
20 0
4 0
17 0
7 0
1 0
5 0
3 0
18 0
15 0
4 0
12 0
18 0
15 0
17 0
11 0
5 0
5 0
20 0
20 0
1 0
8 0
9 0
12 0
10 0
20 0
17 0
11 0
4 0
15 0
4 0
20 0
3 0
18 0
11 0
2 0
11 0
10 0
1 0
8 0
6 0
10 0
9 0
10 0
12 0
15 0
17 0
19 0
13 0
13 0
18 0
10 0
18 0
6 0