1000
875 1 1
683 1 2
481 8 3 4 5 6 7 8 9 10
2 3 11 12 13
354 5 14 15 16 17 18
297 4 19 20 21 22
836 2 23 24
585 5 25 26 27 28 29
939 6 30 31 32 33 34 35
542 9 36 37 38 39 40 41 42 43 44
631 2 45 46
937 7 47 48 49 50 51 52 53
62 6 54 55 56 57 58 59
527 8 60 61 62 63 64 65 66 67
229 1 68
5 7 69 70 71 72 73 74 75
560 8 76 77 78 79 80 81 82 83
276 8 84 85 86 87 88 89 90 91
616 5 92 93 94 95 96
915 5 97 98 99 100 101
15 9 102 103 104 105 106 107 108 109 110
126 3 111 112 113
115 8 114 115 116 117 118 119 120 121
844 6 122 123 124 125 126 127
151 8 128 129 130 131 132 133 134 135
107 7 136 137 138 139 140 141 142
187 3 143 144 145
858 5 146 147 148 149 150
363 6 151 152 153 154 155 156
177 7 157 158 159 160 161 162 163
938 3 164 165 166
372 2 167 168
104 9 169 170 171 172 173 174 175 176 177
686 4 178 179 180 181
361 1 182
98 5 183 184 185 186 187
37 7 188 189 190 191 192 193 194
912 6 195 196 197 198 199 200
620 4 201 202 203 204
342 1 205
731 7 206 207 208 209 210 211 212
720 5 213 214 215 216 217
688 3 218 219 220
61 2 221 222
828 9 223 224 225 226 227 228 229 230 231
396 9 232 233 234 235 236 237 238 239 240
731 5 241 242 243 244 245
328 8 246 247 248 249 250 251 252 253
608 5 254 255 256 257 258
383 2 259 260
463 5 261 262 263 264 265
543 2 266 267
831 6 268 269 270 271 272 273
888 4 274 275 276 277
563 7 278 279 280 281 282 283 284
595 5 285 286 287 288 289
418 1 290
299 5 291 292 293 294 295
849 3 296 297 298
301 7 299 300 301 302 303 304 305
601 9 306 307 308 309 310 311 312 313 314
290 9 315 316 317 318 319 320 321 322 323
211 9 324 325 326 327 328 329 330 331 332
647 4 333 334 335 336
170 6 337 338 339 340 341 342
274 6 343 344 345 346 347 348
903 7 349 350 351 352 353 354 355
964 6 356 357 358 359 360 361
589 5 362 363 364 365 366
741 5 367 368 369 370 371
93 8 372 373 374 375 376 377 378 379
408 2 380 381
135 2 382 383
603 8 384 385 386 387 388 389 390 391
878 4 392 393 394 395
429 6 396 397 398 399 400 401
425 2 402 403
475 9 404 405 406 407 408 409 410 411 412
700 4 413 414 415 416
797 1 417
12 9 418 419 420 421 422 423 424 425 426
522 3 427 428 429
333 9 430 431 432 433 434 435 436 437 438
584 7 439 440 441 442 443 444 445
712 9 446 447 448 449 450 451 452 453 454
820 2 455 456
893 7 457 458 459 460 461 462 463
459 3 464 465 466
902 9 467 468 469 470 471 472 473 474 475
300 1 476
243 7 477 478 479 480 481 482 483
535 5 484 485 486 487 488
939 3 489 490 491
593 4 492 493 494 495
679 6 496 497 498 499 500 501
752 3 502 503 504
837 8 505 506 507 508 509 510 511 512
83 9 513 514 515 516 517 518 519 520 521
628 1 522
850 6 523 524 525 526 527 528
1 5 529 530 531 532 533
204 7 534 535 536 537 538 539 540
791 9 541 542 543 544 545 546 547 548 549
768 3 550 551 552
75 8 553 554 555 556 557 558 559 560
287 2 561 562
174 8 563 564 565 566 567 568 569 570
799 9 571 572 573 574 575 576 577 578 579
305 4 580 581 582 583
401 2 584 585
412 9 586 587 588 589 590 591 592 593 594
994 5 595 596 597 598 599
217 4 600 601 602 603
578 3 604 605 606
364 5 607 608 609 610 611
645 9 612 613 614 615 616 617 618 619 620
564 2 621 622
835 7 623 624 625 626 627 628 629
3 6 630 631 632 633 634 635
29 1 636
866 7 637 638 639 640 641 642 643
452 2 644 645
920 2 646 647
81 3 648 649 650
743 3 651 652 653
742 3 654 655 656
734 5 657 658 659 660 661
834 6 662 663 664 665 666 667
94 7 668 669 670 671 672 673 674
694 1 675
334 5 676 677 678 679 680
595 7 681 682 683 684 685 686 687
903 7 688 689 690 691 692 693 694
156 9 695 696 697 698 699 700 701 702 703
769 1 704
895 5 705 706 707 708 709
557 2 710 711
809 4 712 713 714 715
573 8 716 717 718 719 720 721 722 723
762 9 724 725 726 727 728 729 730 731 732
643 9 733 734 735 736 737 738 739 740 741
924 7 742 743 744 745 746 747 748
100 6 749 750 751 752 753 754
532 2 755 756
118 8 757 758 759 760 761 762 763 764
206 2 765 766
39 7 767 768 769 770 771 772 773
746 1 774
957 2 775 776
568 5 777 778 779 780 781
928 6 782 783 784 785 786 787
379 8 788 789 790 791 792 793 794 795
71 4 796 797 798 799
182 5 800 801 802 803 804
718 2 805 806
646 2 807 808
855 6 809 810 811 812 813 814
754 5 815 816 817 818 819
219 1 820
536 8 821 822 823 824 825 826 827 828
505 3 829 830 831
109 3 832 833 834
191 3 835 836 837
856 7 838 839 840 841 842 843 844
229 6 845 846 847 848 849 850
595 8 851 852 853 854 855 856 857 858
376 4 859 860 861 862
768 2 863 864
722 4 865 866 867 868
154 2 869 870
956 7 871 872 873 874 875 876 877
342 8 878 879 880 881 882 883 884 885
802 2 886 887
719 7 888 889 890 891 892 893 894
890 3 895 896 897
761 2 898 899
36 2 900 901
675 5 902 903 904 905 906
763 4 907 908 909 910
645 3 911 912 913
288 8 914 915 916 917 918 919 920 921
817 8 922 923 924 925 926 927 928 929
963 9 930 931 932 933 934 935 936 937 938
961 5 939 940 941 942 943
836 9 944 945 946 947 948 949 950 951 952
556 5 953 954 955 956 957
451 2 958 959
28 8 960 961 962 963 964 965 966 967
166 7 968 969 970 971 972 973 974
994 6 975 976 977 978 979 980
161 4 981 982 983 984
328 6 985 986 987 988 989 990
387 5 991 992 993 994 995
345 4 996 997 998 999
44 0
704 0
799 0
760 0
997 0
841 0
11 0
527 0
512 0
686 0
177 0
466 0
444 0
493 0
364 0
162 0
86 0
58 0
678 0
808 0
738 0
785 0
979 0
365 0
479 0
54 0
431 0
942 0
71 0
834 0
367 0
679 0
599 0
926 0
682 0
639 0
116 0
811 0
721 0
566 0
612 0
919 0
441 0
613 0
296 0
307 0
430 0
35 0
670 0
952 0
15 0
198 0
901 0
626 0
406 0
898 0
34 0
389 0
83 0
280 0
73 0
978 0
54 0
339 0
113 0
163 0
438 0
923 0
181 0
274 0
223 0
501 0
747 0
473 0
911 0
353 0
368 0
842 0
60 0
872 0
984 0
936 0
8 0
923 0
616 0
638 0
515 0
125 0
898 0
326 0
752 0
307 0
810 0
699 0
564 0
574 0
860 0
191 0
217 0
532 0
313 0
978 0
47 0
223 0
516 0
73 0
707 0
146 0
865 0
736 0
580 0
788 0
741 0
517 0
865 0
117 0
534 0
846 0
444 0
887 0
158 0
368 0
17 0
454 0
184 0
921 0
523 0
192 0
253 0
892 0
672 0
662 0
732 0
541 0
65 0
777 0
322 0
123 0
750 0
686 0
219 0
307 0
59 0
198 0
12 0
415 0
546 0
390 0
96 0
685 0
760 0
949 0
914 0
353 0
226 0
841 0
393 0
857 0
756 0
836 0
462 0
458 0
466 0
523 0
488 0
62 0
99 0
896 0
954 0
643 0
396 0
694 0
187 0
505 0
613 0
646 0
896 0
619 0
263 0
880 0
162 0
868 0
858 0
283 0
770 0
251 0
126 0
444 0
937 0
426 0
431 0
153 0
548 0
625 0
786 0
313 0
803 0
15 0
463 0
309 0
926 0
37 0
424 0
469 0
297 0
773 0
743 0
724 0
575 0
365 0
131 0
286 0
976 0
332 0
105 0
496 0
342 0
447 0
275 0
694 0
494 0
269 0
681 0
65 0
743 0
94 0
886 0
152 0
481 0
615 0
355 0
327 0
851 0
186 0
392 0
349 0
236 0
421 0
655 0
305 0
982 0
772 0
140 0
420 0
571 0
257 0
892 0
62 0
282 0
482 0
57 0
919 0
379 0
65 0
309 0
596 0
885 0
322 0
857 0
142 0
445 0
14 0
23 0
939 0
267 0
409 0
514 0
236 0
530 0
888 0
430 0
410 0
65 0
603 0
340 0
730 0
438 0
858 0
276 0
364 0
942 0
810 0
135 0
613 0
877 0
400 0
270 0
880 0
325 0
694 0
697 0
530 0
373 0
937 0
194 0
261 0
431 0
243 0
717 0
986 0
747 0
783 0
606 0
653 0
541 0
864 0
546 0
330 0
11 0
954 0
588 0
703 0
725 0
225 0
629 0
251 0
138 0
55 0
446 0
677 0
645 0
858 0
999 0
96 0
324 0
175 0
712 0
991 0
823 0
213 0
411 0
965 0
704 0
903 0
621 0
425 0
324 0
667 0
377 0
405 0
676 0
300 0
458 0
725 0
291 0
839 0
588 0
374 0
166 0
623 0
239 0
761 0
212 0
897 0
444 0
977 0
330 0
488 0
39 0
645 0
359 0
173 0
99 0
380 0
10 0
931 0
175 0
358 0
731 0
544 0
83 0
247 0
175 0
508 0
116 0
161 0
449 0
450 0
648 0
570 0
229 0
821 0
531 0
249 0
294 0
201 0
539 0
217 0
336 0
939 0
479 0
417 0
375 0
38 0
862 0
677 0
372 0
327 0
215 0
358 0
3 0
721 0
905 0
398 0
743 0
135 0
541 0
422 0
793 0
810 0
424 0
214 0
478 0
607 0
557 0
260 0
129 0
237 0
905 0
131 0
530 0
592 0
892 0
72 0
328 0
543 0
53 0
42 0
436 0
7 0
217 0
854 0
963 0
318 0
433 0
132 0
358 0
323 0
520 0
78 0
620 0
424 0
387 0
73 0
348 0
565 0
305 0
304 0
943 0
444 0
151 0
422 0
306 0
607 0
10 0
277 0
291 0
645 0
555 0
358 0
551 0
168 0
506 0
226 0
919 0
442 0
899 0
848 0
413 0
138 0
892 0
261 0
546 0
915 0
524 0
937 0
199 0
493 0
200 0
998 0
28 0
252 0
312 0
837 0
522 0
649 0
913 0
756 0
371 0
689 0
86 0
850 0
944 0
957 0
816 0
642 0
290 0
762 0
549 0
340 0
108 0
986 0
500 0
340 0
5 0
408 0
353 0
389 0
363 0
197 0
246 0
751 0
564 0
167 0
182 0
922 0
755 0
209 0
900 0
70 0
155 0
279 0
12 0
309 0
551 0
509 0
632 0
214 0
563 0
503 0
242 0
788 0
74 0
658 0
546 0
982 0
545 0
284 0
34 0
355 0
841 0
883 0
538 0
621 0
201 0
490 0
565 0
244 0
519 0
697 0
511 0
379 0
267 0
201 0
878 0
368 0
334 0
879 0
524 0
135 0
724 0
265 0
795 0
112 0
979 0
74 0
886 0
325 0
600 0
499 0
480 0
421 0
619 0
336 0
59 0
843 0
742 0
345 0
417 0
246 0
688 0
524 0
531 0
619 0
900 0
691 0
220 0
523 0
407 0
221 0
393 0
910 0
61 0
108 0
54 0
480 0
748 0
81 0
412 0
485 0
757 0
416 0
89 0
879 0
970 0
735 0
50 0
571 0
352 0
268 0
170 0
344 0
58 0
429 0
204 0
430 0
209 0
141 0
970 0
41 0
508 0
173 0
137 0
571 0
139 0
475 0
111 0
706 0
853 0
388 0
515 0
567 0
759 0
79 0
114 0
13 0
356 0
864 0
465 0
100 0
783 0
341 0
498 0
899 0
59 0
180 0
766 0
965 0
721 0
241 0
448 0
354 0
94 0
130 0
628 0
295 0
474 0
942 0
771 0
603 0
294 0
30 0
852 0
87 0
106 0
537 0
984 0
90 0
738 0
119 0
254 0
637 0
41 0
537 0
661 0
269 0
431 0
677 0
472 0
536 0
881 0
197 0
102 0
45 0
124 0
675 0
995 0
866 0
146 0
336 0
59 0
329 0
109 0
929 0
172 0
700 0
117 0
33 0
176 0
699 0
536 0
143 0
380 0
371 0
251 0
522 0
242 0
966 0
562 0
733 0
618 0
943 0
425 0
87 0
887 0
846 0
551 0
464 0
561 0
479 0
129 0
657 0
925 0
855 0
200 0
481 0
258 0
183 0
645 0
94 0
672 0
30 0
372 0
92 0
868 0
152 0
692 0
378 0
950 0
579 0
454 0
322 0
715 0
164 0
495 0
327 0
191 0
56 0
236 0
681 0
589 0
940 0
95 0
501 0
8 0
167 0
446 0
630 0
504 0
71 0
27 0
821 0
420 0
215 0
41 0
773 0
463 0
955 0
751 0
522 0
8 0
728 0
644 0
123 0
746 0
981 0
527 0
535 0
353 0
550 0
407 0
69 0
739 0
826 0
13 0
626 0
529 0
486 0
426 0
268 0
353 0
414 0
638 0
939 0
385 0
222 0
560 0
213 0
970 0
155 0
339 0
740 0
633 0
142 0
465 0
260 0