1000
811 4 1 2 3 4
293 4 5 6 7 8
45 5 9 10 11 12 13
698 8 14 15 16 17 18 19 20 21
919 9 22 23 24 25 26 27 28 29 30
788 6 31 32 33 34 35 36
131 2 37 38
505 4 39 40 41 42
208 4 43 44 45 46
500 4 47 48 49 50
318 9 51 52 53 54 55 56 57 58 59
417 4 60 61 62 63
638 4 64 65 66 67
96 1 68
117 9 69 70 71 72 73 74 75 76 77
490 6 78 79 80 81 82 83
547 2 84 85
597 4 86 87 88 89
974 8 90 91 92 93 94 95 96 97
548 2 98 99
298 9 100 101 102 103 104 105 106 107 108
789 5 109 110 111 112 113
96 7 114 115 116 117 118 119 120
284 3 121 122 123
85 3 124 125 126
688 4 127 128 129 130
406 6 131 132 133 134 135 136
232 8 137 138 139 140 141 142 143 144
700 5 145 146 147 148 149
247 5 150 151 152 153 154
542 9 155 156 157 158 159 160 161 162 163
91 5 164 165 166 167 168
688 3 169 170 171
24 2 172 173
307 8 174 175 176 177 178 179 180 181
134 2 182 183
28 5 184 185 186 187 188
855 5 189 190 191 192 193
218 3 194 195 196
869 9 197 198 199 200 201 202 203 204 205
939 6 206 207 208 209 210 211
700 2 212 213
317 8 214 215 216 217 218 219 220 221
632 2 222 223
657 7 224 225 226 227 228 229 230
510 6 231 232 233 234 235 236
429 4 237 238 239 240
802 6 241 242 243 244 245 246
984 8 247 248 249 250 251 252 253 254
682 9 255 256 257 258 259 260 261 262 263
130 1 264
29 4 265 266 267 268
64 3 269 270 271
348 1 272
165 9 273 274 275 276 277 278 279 280 281
597 8 282 283 284 285 286 287 288 289
443 4 290 291 292 293
401 6 294 295 296 297 298 299
228 5 300 301 302 303 304
396 6 305 306 307 308 309 310
47 5 311 312 313 314 315
400 5 316 317 318 319 320
927 4 321 322 323 324
966 3 325 326 327
557 2 328 329
907 5 330 331 332 333 334
149 8 335 336 337 338 339 340 341 342
729 4 343 344 345 346
930 7 347 348 349 350 351 352 353
922 5 354 355 356 357 358
374 3 359 360 361
585 3 362 363 364
367 5 365 366 367 368 369
629 5 370 371 372 373 374
629 6 375 376 377 378 379 380
99 6 381 382 383 384 385 386
438 5 387 388 389 390 391
866 3 392 393 394
614 6 395 396 397 398 399 400
450 8 401 402 403 404 405 406 407 408
625 1 409
943 9 410 411 412 413 414 415 416 417 418
503 6 419 420 421 422 423 424
819 2 425 426
547 9 427 428 429 430 431 432 433 434 435
376 9 436 437 438 439 440 441 442 443 444
579 7 445 446 447 448 449 450 451
638 1 452
866 6 453 454 455 456 457 458
975 1 459
683 7 460 461 462 463 464 465 466
898 7 467 468 469 470 471 472 473
178 3 474 475 476
347 9 477 478 479 480 481 482 483 484 485
28 4 486 487 488 489
303 7 490 491 492 493 494 495 496
567 8 497 498 499 500 501 502 503 504
928 4 505 506 507 508
145 4 509 510 511 512
41 3 513 514 515
204 8 516 517 518 519 520 521 522 523
38 2 524 525
219 8 526 527 528 529 530 531 532 533
575 1 534
286 4 535 536 537 538
767 2 539 540
301 5 541 542 543 544 545
334 8 546 547 548 549 550 551 552 553
885 2 554 555
602 3 556 557 558
740 7 559 560 561 562 563 564 565
649 5 566 567 568 569 570
932 9 571 572 573 574 575 576 577 578 579
475 8 580 581 582 583 584 585 586 587
328 6 588 589 590 591 592 593
921 1 594
509 1 595
870 5 596 597 598 599 600
300 3 601 602 603
380 8 604 605 606 607 608 609 610 611
218 6 612 613 614 615 616 617
998 8 618 619 620 621 622 623 624 625
117 6 626 627 628 629 630 631
891 6 632 633 634 635 636 637
328 1 638
439 1 639
613 6 640 641 642 643 644 645
350 9 646 647 648 649 650 651 652 653 654
419 1 655
172 3 656 657 658
850 9 659 660 661 662 663 664 665 666 667
274 8 668 669 670 671 672 673 674 675
832 4 676 677 678 679
111 2 680 681
290 6 682 683 684 685 686 687
649 5 688 689 690 691 692
336 6 693 694 695 696 697 698
814 7 699 700 701 702 703 704 705
286 7 706 707 708 709 710 711 712
785 7 713 714 715 716 717 718 719
854 1 720
937 2 721 722
729 4 723 724 725 726
56 3 727 728 729
257 2 730 731
959 7 732 733 734 735 736 737 738
395 6 739 740 741 742 743 744
297 1 745
722 7 746 747 748 749 750 751 752
112 9 753 754 755 756 757 758 759 760 761
792 9 762 763 764 765 766 767 768 769 770
568 1 771
620 7 772 773 774 775 776 777 778
558 6 779 780 781 782 783 784
994 1 785
361 2 786 787
766 9 788 789 790 791 792 793 794 795 796
543 3 797 798 799
700 2 800 801
557 3 802 803 804
595 3 805 806 807
729 9 808 809 810 811 812 813 814 815 816
899 3 817 818 819
439 9 820 821 822 823 824 825 826 827 828
118 9 829 830 831 832 833 834 835 836 837
228 2 838 839
23 6 840 841 842 843 844 845
212 6 846 847 848 849 850 851
185 1 852
600 1 853
535 7 854 855 856 857 858 859 860
524 1 861
813 3 862 863 864
324 4 865 866 867 868
552 7 869 870 871 872 873 874 875
366 4 876 877 878 879
820 1 880
720 5 881 882 883 884 885
988 7 886 887 888 889 890 891 892
908 5 893 894 895 896 897
310 7 898 899 900 901 902 903 904
558 1 905
957 1 906
376 1 907
880 7 908 909 910 911 912 913 914
38 9 915 916 917 918 919 920 921 922 923
393 4 924 925 926 927
310 3 928 929 930
990 3 931 932 933
698 4 934 935 936 937
316 4 938 939 940 941
521 4 942 943 944 945
434 3 946 947 948
540 3 949 950 951
736 3 952 953 954
806 2 955 956
998 5 957 958 959 960 961
726 4 962 963 964 965
431 8 966 967 968 969 970 971 972 973
874 9 974 975 976 977 978 979 980 981 982
723 9 983 984 985 986 987 988 989 990 991
277 7 992 993 994 995 996 997 998
895 1 999
774 0
155 0
616 0
91 0
89 0
244 0
515 0
137 0
715 0
86 0
438 0
188 0
854 0
144 0
115 0
732 0
683 0
865 0
296 0
115 0
446 0
653 0
597 0
973 0
696 0
784 0
230 0
423 0
355 0
682 0
32 0
217 0
595 0
683 0
910 0
18 0
270 0
167 0
925 0
420 0
285 0
409 0
453 0
231 0
991 0
191 0
463 0
784 0
579 0
876 0
840 0
841 0
462 0
732 0
587 0
672 0
817 0
325 0
851 0
87 0
630 0
432 0
317 0
697 0
99 0
837 0
851 0
987 0
886 0
871 0
406 0
921 0
152 0
752 0
956 0
494 0
94 0
704 0
968 0
578 0
741 0
373 0
201 0
204 0
69 0
112 0
709 0
258 0
311 0
579 0
186 0
249 0
167 0
772 0
254 0
313 0
761 0
622 0
337 0
826 0
367 0
699 0
269 0
977 0
548 0
589 0
746 0
231 0
303 0
315 0
221 0
798 0
583 0
245 0
470 0
142 0
230 0
669 0
481 0
816 0
204 0
830 0
362 0
704 0
564 0
69 0
467 0
862 0
602 0
317 0
618 0
154 0
581 0
147 0
894 0
414 0
414 0
826 0
615 0
295 0
66 0
714 0
659 0
2 0
826 0
847 0
731 0
109 0
95 0
644 0
161 0
323 0
232 0
471 0
605 0
984 0
607 0
200 0
757 0
179 0
576 0
624 0
933 0
886 0
881 0
556 0
83 0
453 0
881 0
311 0
4 0
686 0
501 0
342 0
316 0
285 0
313 0
361 0
584 0
751 0
339 0
785 0
934 0
983 0
583 0
816 0
540 0
295 0
345 0
579 0
591 0
783 0
760 0
496 0
769 0
824 0
180 0
804 0
887 0
921 0
60 0
194 0
374 0
923 0
27 0
705 0
980 0
545 0
235 0
610 0
275 0
541 0
912 0
168 0
115 0
608 0
69 0
156 0
69 0
713 0
654 0
326 0
686 0
700 0
929 0
332 0
285 0
564 0
663 0
673 0
403 0
166 0
519 0
421 0
310 0
62 0
628 0
303 0
739 0
474 0
702 0
410 0
31 0
752 0
274 0
943 0
533 0
394 0
864 0
30 0
214 0
533 0
415 0
985 0
586 0
526 0
538 0
479 0
360 0
124 0
49 0
714 0
455 0
76 0
786 0
930 0
167 0
722 0
167 0
368 0
626 0
375 0
272 0
248 0
271 0
846 0
751 0
314 0
741 0
881 0
773 0
668 0
526 0
623 0
932 0
563 0
54 0
569 0
361 0
423 0
20 0
258 0
224 0
620 0
781 0
116 0
508 0
35 0
124 0
663 0
807 0
662 0
301 0
23 0
749 0
460 0
373 0
631 0
973 0
877 0
637 0
670 0
295 0
729 0
87 0
392 0
482 0
722 0
929 0
726 0
223 0
876 0
511 0
586 0
103 0
914 0
911 0
317 0
92 0
697 0
647 0
823 0
732 0
670 0
406 0
986 0
650 0
548 0
341 0
245 0
706 0
638 0
800 0
352 0
471 0
268 0
544 0
584 0
993 0
84 0
629 0
116 0
780 0
637 0
806 0
839 0
476 0
741 0
397 0
253 0
279 0
786 0
723 0
214 0
105 0
746 0
397 0
695 0
273 0
220 0
58 0
566 0
501 0
615 0
844 0
479 0
433 0
262 0
994 0
848 0
459 0
245 0
462 0
758 0
752 0
176 0
980 0
672 0
227 0
389 0
387 0
594 0
657 0
94 0
188 0
327 0
296 0
944 0
144 0
459 0
414 0
592 0
266 0
963 0
522 0
313 0
949 0
422 0
904 0
205 0
157 0
318 0
529 0
44 0
179 0
200 0
199 0
96 0
137 0
609 0
402 0
379 0
649 0
803 0
702 0
690 0
902 0
872 0
265 0
360 0
749 0
459 0
301 0
278 0
189 0
299 0
123 0
586 0
743 0
374 0
217 0
736 0
110 0
489 0
986 0
889 0
22 0
225 0
6 0
515 0
351 0
119 0
945 0
390 0
563 0
428 0
179 0
312 0
211 0
727 0
495 0
178 0
806 0
323 0
556 0
715 0
376 0
146 0
395 0
773 0
907 0
168 0
840 0
226 0
885 0
851 0
102 0
324 0
315 0
468 0
532 0
559 0
697 0
391 0
333 0
361 0
258 0
340 0
136 0
201 0
189 0
227 0
315 0
573 0
274 0
306 0
842 0
502 0
973 0
626 0
566 0
445 0
474 0
501 0
890 0
212 0
119 0
188 0
71 0
909 0
242 0
98 0
415 0
84 0
95 0
599 0
138 0
813 0
597 0
406 0
742 0
521 0
791 0
166 0
560 0
628 0
198 0
263 0
459 0
333 0
659 0
729 0
503 0
397 0
761 0
746 0
311 0
919 0
188 0
775 0
484 0
818 0
351 0
455 0
973 0
543 0
437 0
782 0
819 0
362 0
179 0
803 0
517 0
195 0
602 0
757 0
824 0
533 0
911 0
438 0
878 0
748 0
65 0
601 0
439 0
462 0
173 0
474 0
707 0
342 0
99 0
460 0
226 0
129 0
872 0
458 0
603 0
129 0
382 0
414 0
970 0
505 0
948 0
283 0
753 0
264 0
581 0
965 0
967 0
884 0
408 0
184 0
892 0
977 0
314 0
754 0
611 0
574 0
498 0
491 0
398 0
196 0
319 0
971 0
749 0
156 0
738 0
272 0
541 0
930 0
668 0
642 0
507 0
503 0
286 0
597 0
811 0
936 0
765 0
52 0
86 0
632 0
331 0
820 0
982 0
594 0
784 0
630 0
128 0
170 0
790 0
507 0
145 0
200 0
801 0
371 0
701 0
351 0
376 0
975 0
948 0
549 0
589 0
321 0
746 0
881 0
949 0
46 0
796 0
133 0
200 0
608 0
47 0
929 0
443 0
908 0
923 0
219 0
806 0
736 0
972 0
159 0
79 0
627 0
520 0
149 0
657 0
62 0
406 0
712 0
46 0
248 0
107 0
371 0
343 0
413 0
472 0
71 0
968 0
856 0
379 0
461 0
20 0
913 0
295 0
673 0
727 0
900 0
136 0
910 0
257 0
954 0
596 0
143 0
396 0
307 0
76 0
432 0
637 0
522 0
45 0
613 0
619 0
96 0
753 0
360 0
4 0
869 0
52 0
480 0
155 0
929 0
130 0
675 0
200 0
187 0
526 0
62 0
985 0
616 0
38 0
759 0
207 0
744 0
394 0
471 0
92 0
994 0
158 0
481 0
589 0
178 0
483 0
770 0
98 0
371 0
126 0
579 0
789 0
170 0
784 0
481 0
589 0
484 0
823 0
331 0
490 0
722 0
412 0
412 0
298 0
466 0
343 0
853 0
580 0
73 0
190 0
606 0
118 0
248 0
237 0
407 0
892 0
746 0
95 0
481 0
21 0
114 0
34 0
407 0
5 0
287 0
52 0
197 0
341 0
703 0
630 0
986 0
21 0
930 0
398 0
842 0
891 0
851 0
746 0
715 0
229 0
374 0
722 0
860 0
618 0
325 0
843 0
850 0
90 0
755 0
325 0