1000
18 3 1 2 3
8 2 4 5
9 3 6 7 8
17 1 9
3 2 10 11
7 2 12 13
2 2 14 15
19 2 16 17
6 1 18
9 1 19
7 1 20
3 1 21
10 2 22 23
20 2 24 25
4 3 26 27 28
11 3 29 30 31
14 2 32 33
19 3 34 35 36
2 3 37 38 39
5 2 40 41
7 2 42 43
11 1 44
3 2 45 46
18 3 47 48 49
5 3 50 51 52
3 3 53 54 55
1 1 56
17 3 57 58 59
11 1 60
8 3 61 62 63
16 2 64 65
10 3 66 67 68
17 1 69
10 1 70
19 2 71 72
2 1 73
2 2 74 75
7 2 76 77
4 2 78 79
4 3 80 81 82
6 2 83 84
14 1 85
7 1 86
10 1 87
16 3 88 89 90
20 3 91 92 93
15 1 94
13 3 95 96 97
13 1 98
4 2 99 100
12 2 101 102
10 2 103 104
3 2 105 106
8 1 107
15 3 108 109 110
8 1 111
9 3 112 113 114
8 1 115
9 1 116
15 2 117 118
8 3 119 120 121
15 3 122 123 124
6 2 125 126
7 1 127
14 1 128
14 3 129 130 131
18 1 132
18 3 133 134 135
6 1 136
10 1 137
3 3 138 139 140
5 1 141
7 1 142
15 3 143 144 145
8 3 146 147 148
14 2 149 150
6 2 151 152
12 2 153 154
6 3 155 156 157
12 3 158 159 160
19 2 161 162
16 2 163 164
2 2 165 166
5 2 167 168
10 3 169 170 171
9 3 172 173 174
13 1 175
14 2 176 177
3 1 178
6 2 179 180
15 2 181 182
13 3 183 184 185
16 3 186 187 188
14 2 189 190
3 1 191
2 1 192
12 1 193
13 2 194 195
19 1 196
20 2 197 198
9 3 199 200 201
18 1 202
5 1 203
15 2 204 205
4 2 206 207
18 2 208 209
2 3 210 211 212
7 1 213
17 3 214 215 216
9 2 217 218
4 1 219
20 3 220 221 222
1 2 223 224
1 3 225 226 227
13 1 228
7 1 229
2 3 230 231 232
13 3 233 234 235
16 1 236
9 3 237 238 239
17 3 240 241 242
16 1 243
19 2 244 245
4 2 246 247
9 1 248
13 1 249
6 1 250
12 1 251
8 3 252 253 254
5 3 255 256 257
11 2 258 259
5 1 260
7 2 261 262
5 2 263 264
18 2 265 266
16 3 267 268 269
20 1 270
5 1 271
9 3 272 273 274
11 2 275 276
4 1 277
12 2 278 279
5 3 280 281 282
18 2 283 284
3 2 285 286
12 1 287
18 3 288 289 290
3 1 291
1 3 292 293 294
7 3 295 296 297
12 3 298 299 300
11 3 301 302 303
7 1 304
3 2 305 306
3 3 307 308 309
11 3 310 311 312
17 3 313 314 315
17 2 316 317
8 2 318 319
12 3 320 321 322
18 2 323 324
7 3 325 326 327
13 1 328
5 1 329
5 2 330 331
10 3 332 333 334
10 3 335 336 337
2 1 338
16 1 339
10 2 340 341
8 2 342 343
3 1 344
20 2 345 346
20 1 347
6 1 348
3 1 349
9 3 350 351 352
19 1 353
18 3 354 355 356
18 1 357
15 2 358 359
5 2 360 361
11 2 362 363
6 2 364 365
17 3 366 367 368
6 1 369
19 3 370 371 372
19 2 373 374
3 1 375
15 2 376 377
5 3 378 379 380
5 1 381
16 2 382 383
16 3 384 385 386
16 1 387
9 1 388
18 1 389
1 2 390 391
17 2 392 393
12 1 394
4 3 395 396 397
6 2 398 399
15 1 400
20 2 401 402
9 1 403
11 2 404 405
8 3 406 407 408
13 3 409 410 411
4 2 412 413
3 2 414 415
18 1 416
10 2 417 418
19 1 419
13 2 420 421
1 3 422 423 424
17 3 425 426 427
14 1 428
8 2 429 430
7 1 431
8 3 432 433 434
5 3 435 436 437
8 1 438
18 3 439 440 441
11 2 442 443
14 1 444
3 2 445 446
5 3 447 448 449
1 1 450
7 3 451 452 453
8 2 454 455
9 3 456 457 458
2 3 459 460 461
16 1 462
13 3 463 464 465
5 1 466
6 1 467
3 2 468 469
7 3 470 471 472
9 1 473
20 1 474
8 2 475 476
5 2 477 478
5 2 479 480
18 2 481 482
2 3 483 484 485
2 3 486 487 488
1 1 489
10 2 490 491
1 2 492 493
7 2 494 495
16 3 496 497 498
2 1 499
9 2 500 501
13 2 502 503
1 1 504
18 3 505 506 507
20 3 508 509 510
9 3 511 512 513
9 2 514 515
4 2 516 517
14 1 518
8 1 519
5 2 520 521
14 3 522 523 524
9 3 525 526 527
2 3 528 529 530
11 2 531 532
10 2 533 534
7 3 535 536 537
6 1 538
13 3 539 540 541
3 1 542
7 3 543 544 545
15 2 546 547
5 1 548
9 1 549
14 1 550
17 2 551 552
8 3 553 554 555
19 1 556
3 1 557
10 1 558
4 2 559 560
9 3 561 562 563
14 2 564 565
2 1 566
7 2 567 568
16 3 569 570 571
9 2 572 573
10 1 574
5 2 575 576
19 3 577 578 579
19 2 580 581
13 2 582 583
5 1 584
7 2 585 586
14 3 587 588 589
10 3 590 591 592
20 2 593 594
7 3 595 596 597
15 3 598 599 600
18 1 601
2 1 602
6 3 603 604 605
1 3 606 607 608
5 3 609 610 611
19 1 612
18 2 613 614
11 1 615
13 3 616 617 618
7 3 619 620 621
9 3 622 623 624
14 1 625
20 2 626 627
11 2 628 629
2 3 630 631 632
16 2 633 634
17 3 635 636 637
8 3 638 639 640
15 2 641 642
7 2 643 644
13 1 645
13 2 646 647
9 2 648 649
9 2 650 651
10 1 652
8 2 653 654
4 2 655 656
3 2 657 658
20 3 659 660 661
5 2 662 663
9 2 664 665
16 2 666 667
6 2 668 669
13 1 670
13 3 671 672 673
2 1 674
3 3 675 676 677
12 1 678
6 1 679
2 3 680 681 682
12 3 683 684 685
11 3 686 687 688
13 1 689
1 1 690
16 2 691 692
4 1 693
3 1 694
2 2 695 696
19 3 697 698 699
14 3 700 701 702
20 3 703 704 705
6 2 706 707
5 2 708 709
6 3 710 711 712
20 1 713
16 2 714 715
4 1 716
18 3 717 718 719
4 3 720 721 722
3 3 723 724 725
15 1 726
15 1 727
18 3 728 729 730
2 3 731 732 733
11 2 734 735
16 2 736 737
12 3 738 739 740
15 3 741 742 743
9 3 744 745 746
1 2 747 748
1 1 749
7 2 750 751
1 3 752 753 754
12 1 755
8 3 756 757 758
18 3 759 760 761
11 2 762 763
4 2 764 765
2 2 766 767
13 1 768
15 2 769 770
10 1 771
8 2 772 773
8 3 774 775 776
3 3 777 778 779
8 3 780 781 782
4 1 783
5 2 784 785
6 2 786 787
16 3 788 789 790
20 1 791
20 3 792 793 794
12 2 795 796
9 2 797 798
10 3 799 800 801
3 1 802
9 3 803 804 805
9 2 806 807
5 1 808
11 2 809 810
11 2 811 812
8 1 813
6 1 814
5 1 815
3 2 816 817
10 2 818 819
20 2 820 821
20 2 822 823
19 1 824
16 2 825 826
13 2 827 828
18 2 829 830
13 3 831 832 833
4 1 834
12 2 835 836
7 2 837 838
3 3 839 840 841
18 3 842 843 844
16 3 845 846 847
14 2 848 849
18 2 850 851
1 3 852 853 854
11 1 855
14 3 856 857 858
10 1 859
12 1 860
2 1 861
11 1 862
11 1 863
12 2 864 865
16 2 866 867
6 2 868 869
18 2 870 871
19 3 872 873 874
11 1 875
6 3 876 877 878
8 2 879 880
10 3 881 882 883
5 1 884
1 3 885 886 887
16 1 888
12 1 889
2 2 890 891
19 3 892 893 894
8 1 895
13 3 896 897 898
15 1 899
7 1 900
11 2 901 902
16 1 903
11 1 904
6 2 905 906
8 3 907 908 909
4 3 910 911 912
20 2 913 914
5 1 915
18 3 916 917 918
5 3 919 920 921
4 2 922 923
15 3 924 925 926
5 1 927
15 2 928 929
10 2 930 931
9 2 932 933
11 3 934 935 936
8 3 937 938 939
2 1 940
15 1 941
1 1 942
18 3 943 944 945
12 2 946 947
11 1 948
9 3 949 950 951
15 3 952 953 954
8 3 955 956 957
1 3 958 959 960
14 1 961
17 1 962
3 1 963
6 2 964 965
5 3 966 967 968
3 3 969 970 971
16 3 972 973 974
9 3 975 976 977
13 3 978 979 980
13 1 981
10 3 982 983 984
8 2 985 986
10 3 987 988 989
2 3 990 991 992
14 3 993 994 995
13 2 996 997
15 1 998
7 1 999
10 0
10 0
17 0
5 0
16 0
1 0
9 0
3 0
15 0
12 0
5 0
1 0
17 0
9 0
7 0
5 0
19 0
14 0
13 0
7 0
5 0
19 0
18 0
12 0
19 0
11 0
2 0
5 0
3 0
13 0
14 0
5 0
20 0
13 0
19 0
5 0
1 0
8 0
6 0
4 0
19 0
19 0
20 0
8 0
8 0
11 0
13 0
15 0
13 0
15 0
8 0
6 0
19 0
12 0
4 0
3 0
10 0
16 0
1 0
17 0
15 0
10 0
4 0
10 0
4 0
19 0
12 0
20 0
15 0
18 0
5 0
17 0
12 0
14 0
8 0
10 0
18 0
16 0
7 0
16 0
19 0
18 0
3 0
16 0
14 0
4 0
5 0
2 0
9 0
9 0
8 0
4 0
1 0
13 0
18 0
5 0
2 0
2 0
14 0
6 0
12 0
13 0
1 0
17 0
16 0
18 0
6 0
11 0
3 0
17 0
18 0
12 0
8 0
15 0
1 0
12 0
1 0
14 0
7 0
6 0
12 0
20 0
3 0
15 0
2 0
2 0
19 0
5 0
16 0
9 0
16 0
2 0
5 0
14 0
2 0
3 0
4 0
13 0
20 0
2 0
4 0
4 0
10 0
15 0
19 0
13 0
15 0
20 0
5 0
18 0
18 0
1 0
4 0
5 0
12 0
8 0
7 0
17 0
7 0
7 0
14 0
7 0
1 0
3 0
1 0
15 0
20 0
15 0
8 0
5 0
14 0
17 0
3 0
2 0
10 0
1 0
16 0
6 0
5 0
6 0
4 0
8 0
2 0
14 0
16 0
15 0
17 0
11 0
19 0
10 0
14 0
16 0
5 0
13 0
3 0
12 0
19 0
4 0
8 0
8 0
13 0
7 0
4 0
11 0
10 0
2 0
11 0
4 0
12 0
17 0
18 0
3 0
3 0
10 0
15 0
7 0
5 0
14 0
12 0
15 0
3 0
10 0
2 0
9 0
18 0
7 0
8 0
7 0
14 0
6 0
16 0
1 0
18 0
6 0
5 0
7 0
18 0
11 0
16 0
13 0
14 0
10 0
20 0
9 0
12 0
1 0
9 0
1 0
11 0
8 0
19 0
3 0
15 0
13 0
12 0
14 0
16 0
1 0
1 0
20 0
6 0
9 0
12 0
18 0
8 0
12 0
19 0
2 0
10 0
9 0
4 0
2 0
6 0
16 0
17 0
5 0
6 0
3 0
17 0
3 0
11 0
5 0
10 0
12 0
12 0
12 0
15 0
18 0
3 0
9 0
10 0
17 0
8 0
16 0
2 0
4 0
16 0
10 0
9 0
10 0
11 0
13 0
18 0
4 0
20 0
17 0
10 0
7 0
12 0
7 0
8 0
11 0
17 0
12 0
10 0
1 0
12 0
14 0
4 0
9 0
6 0
3 0
14 0
11 0
5 0
7 0
15 0
1 0
2 0
11 0
6 0
17 0
5 0
19 0
17 0
16 0
19 0
8 0
14 0
4 0
1 0
7 0
5 0
6 0
12 0
14 0
3 0
20 0
6 0
10 0
5 0
9 0
16 0
13 0
19 0
6 0
7 0
2 0
16 0
1 0
20 0
9 0
6 0
5 0
12 0
5 0
12 0
17 0
9 0
1 0
19 0
14 0
7 0
6 0
14 0
2 0
20 0
2 0
17 0
9 0
4 0
4 0
6 0
11 0
9 0
1 0
10 0
3 0
4 0
16 0
7 0
3 0
13 0
5 0
10 0
12 0
19 0
14 0
10 0
2 0
14 0
2 0
7 0
19 0
7 0
14 0
19 0
5 0
4 0
2 0
6 0
8 0
10 0
15 0
2 0
17 0
17 0
17 0
10 0
18 0
1 0
13 0
17 0
19 0
14 0
20 0
8 0
18 0
5 0
13 0
4 0
20 0
15 0
5 0
8 0
3 0
12 0
4 0
4 0
14 0
15 0
3 0
1 0
10 0
15 0
20 0
1 0
19 0
2 0
13 0
6 0
8 0
10 0
18 0
17 0
2 0
10 0
17 0
5 0
15 0
4 0
14 0
12 0
1 0
20 0
7 0
1 0
3 0
10 0
3 0
9 0
6 0
3 0
3 0
14 0
13 0
1 0
11 0
9 0
12 0
1 0
17 0
19 0
3 0
17 0
12 0
14 0
12 0
6 0
1 0
19 0
12 0
6 0
19 0
2 0
17 0
20 0
2 0
8 0
12 0
18 0
17 0
14 0
5 0
7 0