1000
158 3 1 2 3
802 9 4 5 6 7 8 9 10 11 12
364 1 13
71 3 14 15 16
598 8 17 18 19 20 21 22 23 24
850 4 25 26 27 28
93 5 29 30 31 32 33
389 1 34
998 7 35 36 37 38 39 40 41
82 4 42 43 44 45
227 2 46 47
380 6 48 49 50 51 52 53
27 2 54 55
931 2 56 57
254 3 58 59 60
327 6 61 62 63 64 65 66
363 5 67 68 69 70 71
278 4 72 73 74 75
332 1 76
328 7 77 78 79 80 81 82 83
856 4 84 85 86 87
663 5 88 89 90 91 92
399 1 93
989 7 94 95 96 97 98 99 100
908 4 101 102 103 104
738 7 105 106 107 108 109 110 111
548 3 112 113 114
299 5 115 116 117 118 119
840 3 120 121 122
312 2 123 124
301 7 125 126 127 128 129 130 131
550 3 132 133 134
804 3 135 136 137
477 6 138 139 140 141 142 143
829 6 144 145 146 147 148 149
101 4 150 151 152 153
164 9 154 155 156 157 158 159 160 161 162
838 1 163
968 4 164 165 166 167
195 9 168 169 170 171 172 173 174 175 176
796 6 177 178 179 180 181 182
881 7 183 184 185 186 187 188 189
535 6 190 191 192 193 194 195
270 8 196 197 198 199 200 201 202 203
522 5 204 205 206 207 208
513 1 209
611 6 210 211 212 213 214 215
358 4 216 217 218 219
357 6 220 221 222 223 224 225
351 9 226 227 228 229 230 231 232 233 234
505 1 235
609 2 236 237
177 9 238 239 240 241 242 243 244 245 246
455 1 247
136 2 248 249
976 9 250 251 252 253 254 255 256 257 258
745 6 259 260 261 262 263 264
812 3 265 266 267
650 5 268 269 270 271 272
110 2 273 274
649 9 275 276 277 278 279 280 281 282 283
994 5 284 285 286 287 288
93 3 289 290 291
334 2 292 293
631 3 294 295 296
948 9 297 298 299 300 301 302 303 304 305
716 1 306
842 9 307 308 309 310 311 312 313 314 315
614 7 316 317 318 319 320 321 322
439 2 323 324
623 3 325 326 327
208 5 328 329 330 331 332
603 5 333 334 335 336 337
511 8 338 339 340 341 342 343 344 345
669 7 346 347 348 349 350 351 352
134 7 353 354 355 356 357 358 359
406 6 360 361 362 363 364 365
174 7 366 367 368 369 370 371 372
242 1 373
347 8 374 375 376 377 378 379 380 381
540 7 382 383 384 385 386 387 388
770 4 389 390 391 392
126 9 393 394 395 396 397 398 399 400 401
447 4 402 403 404 405
766 4 406 407 408 409
739 2 410 411
761 6 412 413 414 415 416 417
900 1 418
944 9 419 420 421 422 423 424 425 426 427
68 3 428 429 430
207 6 431 432 433 434 435 436
232 8 437 438 439 440 441 442 443 444
85 3 445 446 447
500 7 448 449 450 451 452 453 454
537 1 455
375 3 456 457 458
914 6 459 460 461 462 463 464
602 6 465 466 467 468 469 470
354 1 471
68 8 472 473 474 475 476 477 478 479
425 1 480
743 3 481 482 483
261 8 484 485 486 487 488 489 490 491
195 4 492 493 494 495
918 9 496 497 498 499 500 501 502 503 504
993 4 505 506 507 508
341 6 509 510 511 512 513 514
485 1 515
697 4 516 517 518 519
806 6 520 521 522 523 524 525
117 7 526 527 528 529 530 531 532
583 2 533 534
516 1 535
705 2 536 537
611 5 538 539 540 541 542
608 4 543 544 545 546
49 4 547 548 549 550
585 6 551 552 553 554 555 556
658 6 557 558 559 560 561 562
48 6 563 564 565 566 567 568
588 5 569 570 571 572 573
119 6 574 575 576 577 578 579
541 6 580 581 582 583 584 585
602 3 586 587 588
114 2 589 590
239 6 591 592 593 594 595 596
979 5 597 598 599 600 601
661 1 602
570 5 603 604 605 606 607
198 9 608 609 610 611 612 613 614 615 616
144 4 617 618 619 620
889 8 621 622 623 624 625 626 627 628
119 2 629 630
895 7 631 632 633 634 635 636 637
70 7 638 639 640 641 642 643 644
862 7 645 646 647 648 649 650 651
286 8 652 653 654 655 656 657 658 659
671 2 660 661
124 1 662
783 7 663 664 665 666 667 668 669
935 9 670 671 672 673 674 675 676 677 678
290 5 679 680 681 682 683
845 6 684 685 686 687 688 689
789 7 690 691 692 693 694 695 696
476 2 697 698
686 6 699 700 701 702 703 704
63 5 705 706 707 708 709
3 2 710 711
467 8 712 713 714 715 716 717 718 719
393 4 720 721 722 723
131 2 724 725
20 3 726 727 728
884 6 729 730 731 732 733 734
159 2 735 736
454 7 737 738 739 740 741 742 743
991 9 744 745 746 747 748 749 750 751 752
90 1 753
486 1 754
125 1 755
183 9 756 757 758 759 760 761 762 763 764
480 7 765 766 767 768 769 770 771
762 7 772 773 774 775 776 777 778
98 6 779 780 781 782 783 784
393 5 785 786 787 788 789
285 9 790 791 792 793 794 795 796 797 798
879 1 799
33 4 800 801 802 803
759 2 804 805
389 1 806
845 5 807 808 809 810 811
394 9 812 813 814 815 816 817 818 819 820
494 2 821 822
387 3 823 824 825
469 1 826
705 4 827 828 829 830
477 5 831 832 833 834 835
7 5 836 837 838 839 840
699 9 841 842 843 844 845 846 847 848 849
617 6 850 851 852 853 854 855
341 8 856 857 858 859 860 861 862 863
628 4 864 865 866 867
351 7 868 869 870 871 872 873 874
751 4 875 876 877 878
311 7 879 880 881 882 883 884 885
991 3 886 887 888
169 7 889 890 891 892 893 894 895
68 4 896 897 898 899
343 8 900 901 902 903 904 905 906 907
271 4 908 909 910 911
879 4 912 913 914 915
513 4 916 917 918 919
733 3 920 921 922
474 9 923 924 925 926 927 928 929 930 931
110 6 932 933 934 935 936 937
157 6 938 939 940 941 942 943
54 9 944 945 946 947 948 949 950 951 952
804 9 953 954 955 956 957 958 959 960 961
250 5 962 963 964 965 966
201 4 967 968 969 970
941 8 971 972 973 974 975 976 977 978
73 4 979 980 981 982
181 3 983 984 985
161 5 986 987 988 989 990
66 8 991 992 993 994 995 996 997 998
428 1 999
767 0
711 0
955 0
801 0
326 0
308 0
598 0
442 0
769 0
49 0
743 0
998 0
94 0
568 0
212 0
736 0
189 0
485 0
27 0
62 0
72 0
466 0
961 0
785 0
642 0
860 0
851 0
360 0
838 0
913 0
532 0
526 0
107 0
135 0
117 0
600 0
427 0
326 0
439 0
710 0
314 0
837 0
382 0
900 0
150 0
159 0
36 0
185 0
115 0
894 0
623 0
874 0
30 0
927 0
142 0
788 0
351 0
530 0
738 0
948 0
954 0
603 0
284 0
335 0
35 0
833 0
98 0
400 0
551 0
19 0
692 0
192 0
814 0
390 0
869 0
175 0
546 0
20 0
450 0
399 0
421 0
881 0
526 0
908 0
765 0
348 0
277 0
833 0
221 0
963 0
460 0
438 0
292 0
812 0
692 0
269 0
152 0
155 0
22 0
423 0
281 0
308 0
460 0
861 0
170 0
6 0
105 0
681 0
822 0
886 0
723 0
583 0
92 0
297 0
42 0
871 0
247 0
437 0
231 0
806 0
651 0
461 0
752 0
380 0
668 0
905 0
322 0
746 0
531 0
130 0
106 0
976 0
30 0
777 0
486 0
413 0
948 0
71 0
424 0
320 0
764 0
265 0
522 0
580 0
888 0
835 0
100 0
385 0
455 0
684 0
599 0
862 0
676 0
691 0
738 0
557 0
970 0
520 0
511 0
311 0
769 0
599 0
272 0
991 0
406 0
827 0
585 0
535 0
641 0
296 0
269 0
178 0
205 0
313 0
822 0
984 0
308 0
524 0
600 0
160 0
238 0
817 0
586 0
512 0
821 0
649 0
8 0
725 0
482 0
306 0
339 0
144 0
856 0
890 0
940 0
851 0
565 0
816 0
849 0
553 0
909 0
591 0
184 0
101 0
353 0
220 0
306 0
360 0
557 0
324 0
364 0
683 0
17 0
439 0
188 0
832 0
934 0
733 0
499 0
133 0
664 0
738 0
934 0
535 0
628 0
289 0
537 0
899 0
515 0
987 0
947 0
490 0
664 0
156 0
216 0
799 0
692 0
881 0
577 0
387 0
215 0
420 0
920 0
930 0
592 0
434 0
298 0
169 0
378 0
911 0
940 0
873 0
214 0
901 0
729 0
582 0
225 0
386 0
109 0
439 0
206 0
83 0
545 0
45 0
748 0
859 0
879 0
651 0
171 0
7 0
610 0
741 0
769 0
793 0
849 0
272 0
389 0
595 0
546 0
943 0
83 0
775 0
680 0
677 0
880 0
881 0
425 0
676 0
984 0
503 0
779 0
956 0
503 0
97 0
853 0
397 0
703 0
476 0
604 0
963 0
213 0
510 0
71 0
859 0
139 0
361 0
910 0
225 0
483 0
462 0
724 0
888 0
460 0
401 0
418 0
92 0
316 0
851 0
761 0
818 0
380 0
228 0
947 0
277 0
879 0
22 0
663 0
795 0
294 0
519 0
561 0
24 0
957 0
819 0
660 0
331 0
519 0
536 0
289 0
343 0
870 0
207 0
613 0
740 0
887 0
418 0
366 0
354 0
934 0
553 0
493 0
181 0
412 0
168 0
355 0
842 0
509 0
143 0
427 0
240 0
392 0
834 0
24 0
240 0
791 0
545 0
767 0
598 0
279 0
80 0
555 0
3 0
264 0
137 0
618 0
576 0
320 0
68 0
470 0
587 0
990 0
720 0
843 0
840 0
431 0
209 0
334 0
807 0
160 0
46 0
6 0
19 0
97 0
112 0
21 0
150 0
416 0
265 0
146 0
777 0
113 0
241 0
237 0
777 0
219 0
556 0
526 0
323 0
507 0
888 0
912 0
861 0
766 0
579 0
44 0
312 0
474 0
966 0
618 0
837 0
568 0
265 0
289 0
457 0
614 0
100 0
172 0
120 0
985 0
602 0
58 0
562 0
727 0
25 0
980 0
994 0
489 0
242 0
892 0
601 0
312 0
487 0
320 0
852 0
849 0
337 0
957 0
706 0
930 0
470 0
411 0
918 0
852 0
5 0
863 0
367 0
930 0
691 0
298 0
456 0
483 0
903 0
158 0
396 0
367 0
91 0
78 0
400 0
457 0
760 0
354 0
509 0
64 0
560 0
86 0
26 0
547 0
127 0
322 0
176 0
388 0
823 0
755 0
173 0
201 0
433 0
766 0
973 0
50 0
311 0
150 0
86 0
587 0
241 0
371 0
50 0
761 0
646 0
899 0
194 0
540 0
725 0
569 0
229 0
443 0
282 0
368 0
462 0
699 0
272 0
55 0
458 0
567 0
16 0
118 0
548 0
979 0
620 0
32 0
474 0
765 0
682 0
863 0
81 0
557 0
490 0
881 0
96 0
907 0
632 0
384 0
345 0
759 0
539 0
969 0
209 0
65 0
797 0
764 0
83 0
427 0
730 0
725 0
243 0
40 0
779 0
278 0
392 0
573 0
726 0
891 0
788 0
486 0
493 0
358 0
697 0
632 0
103 0
163 0
925 0
386 0
689 0
654 0
220 0
364 0
864 0
450 0
276 0
880 0
265 0
392 0
214 0
878 0
117 0
539 0
714 0
752 0
664 0
924 0
707 0
676 0
308 0
571 0
913 0
846 0
272 0
310 0
149 0
125 0
713 0
884 0
725 0
945 0
431 0
888 0
637 0
976 0
989 0
710 0
263 0
112 0
583 0
998 0
444 0
943 0
616 0
917 0
993 0
481 0
570 0
866 0
48 0
784 0
154 0
802 0
75 0
837 0
970 0
723 0
19 0
835 0
553 0
796 0
106 0
760 0
647 0
488 0
931 0
26 0
225 0
883 0
939 0
50 0
775 0
413 0
748 0
218 0
239 0
50 0
562 0
748 0
276 0
184 0
401 0
13 0
473 0
476 0
118 0
606 0
489 0
525 0
890 0
241 0
632 0
774 0
460 0
915 0
434 0
929 0
767 0
759 0
171 0
357 0
910 0
220 0
795 0
594 0
533 0
605 0
321 0
734 0
121 0
701 0
496 0
998 0
869 0
997 0
610 0
173 0
790 0
988 0
456 0
822 0
463 0
269 0
696 0
471 0
228 0
669 0
738 0
539 0
709 0
452 0
107 0
482 0
12 0
965 0
969 0
513 0
360 0
978 0
264 0
106 0
746 0
870 0
382 0
779 0
819 0
681 0
430 0
277 0
233 0
716 0
324 0
956 0
186 0
509 0
192 0
729 0
649 0
98 0
814 0
919 0
873 0
699 0
32 0
298 0
698 0
48 0
164 0
902 0
207 0
698 0
920 0
678 0
955 0
185 0
22 0
59 0
605 0
886 0
567 0
211 0
782 0
198 0
5 0
655 0
960 0
354 0
917 0
22 0
378 0
326 0
945 0
996 0
496 0
378 0
108 0
988 0
206 0
55 0
558 0
336 0
834 0
117 0
7 0
903 0
786 0
344 0
776 0
981 0
429 0
261 0
633 0
138 0
21 0
702 0
880 0
974 0
875 0
83 0
485 0
128 0
991 0
159 0
523 0
434 0
853 0
535 0
905 0
495 0
520 0
882 0
549 0
82 0