30 199 7
17 2 5
2 29 4
29 28 4
28 19 3
19 16 5
16 22 4
22 21 2
21 9 3
9 7 2
7 0 2
0 15 2
15 1 3
1 5 3
5 18 2
18 13 4
13 11 1
11 8 5
8 6 2
6 4 2
4 3 2
3 10 3
10 26 1
26 24 1
24 12 5
12 23 1
23 20 5
20 25 5
25 27 4
27 14 3
14 17 5
0 2 3
0 9 1
0 10 5
0 11 4
0 21 1
0 22 5
0 28 3
1 8 4
1 9 4
1 21 1
1 25 4
1 26 1
1 27 2
2 7 1
2 8 5
2 10 5
2 11 5
2 14 2
2 21 4
2 25 3
2 28 1
3 6 2
3 7 2
3 19 2
3 21 5
3 28 5
3 29 3
4 5 2
4 9 1
4 12 5
4 17 1
4 18 4
4 20 2
5 8 2
5 14 2
5 15 2
5 19 2
5 20 5
5 21 2
5 24 3
6 0 5
6 12 3
6 13 5
6 14 4
6 23 2
6 26 1
7 6 2
7 19 5
7 21 1
7 24 3
7 26 2
8 12 5
8 13 3
8 14 4
8 18 2
8 29 5
9 6 2
9 16 5
9 20 2
9 27 2
9 29 3
10 4 5
10 5 5
10 7 2
10 12 4
10 14 5
10 24 1
11 15 1
11 22 3
11 23 1
11 25 1
12 5 1
12 15 1
12 26 2
13 3 2
13 5 1
13 23 3
13 24 3
13 26 4
13 27 2
14 20 2
14 29 4
15 6 5
15 19 2
15 20 5
15 21 4
15 23 2
15 24 5
15 28 2
16 2 2
16 4 3
16 5 5
16 6 1
16 8 1
16 10 2
16 13 5
16 20 5
16 21 4
16 25 5
17 3 3
17 9 5
17 10 3
17 12 3
17 19 5
17 23 1
17 27 1
18 0 2
18 6 3
18 17 2
18 19 2
18 22 2
18 25 1
18 28 1
19 6 5
19 11 5
20 0 5
20 7 5
20 26 3
20 27 4
20 28 3
21 4 5
21 20 1
21 23 4
22 2 5
22 3 5
22 5 2
22 8 1
22 9 5
22 10 1
22 13 3
22 23 2
22 28 5
23 1 4
23 3 4
23 7 5
23 8 5
23 16 5
23 18 1
23 19 3
24 0 3
24 4 4
24 16 1
24 17 3
24 27 1
24 29 1
25 3 5
25 12 3
25 17 2
25 22 4
25 24 1
26 0 2
26 14 4
26 18 2
27 6 1
27 16 4
27 23 2
27 26 5
28 1 2
28 6 2
28 13 2
28 25 3
28 26 4
29 0 4
29 1 1
29 5 1
29 7 2
29 18 4
29 19 5
29 22 4
21
27
0
12
14
19
1
32
6 0
26 1
14 5
14 6
20 8
7 13
21 14
9 17
27 19
14 22
20 24
0 29
9 30
7 32
6 34
23 36
7 41
21 42
4 47
4 48
17 49
23 50
20 55
27 59
14 62
29 66
18 70
17 72
3 75
29 78
1 79
25 83
32
9 0
16 5
6 6
26 7
14 11
29 15
7 17
24 20
29 21
29 22
18 26
13 30
27 32
6 33
0 38
22 43
21 45
23 49
20 54
28 57
19 60
11 65
15 66
24 71
0 74
21 75
23 79
8 84
13 87
24 90
4 94
12 99
32
3 0
6 2
0 7
28 10
28 11
26 15
0 17
28 20
6 22
26 23
18 25
13 29
26 33
24 34
17 37
19 42
11 47
25 48
24 49
27 50
16 54
16 55
13 60
13 61
5 62
5 63
20 68
27 72
6 73
13 78
27 80
16 84
32
13 0
3 2
10 5
10 6
12 10
12 11
26 13
26 14
24 15
27 16
16 20
22 24
9 29
6 31
12 34
15 35
19 37
6 42
4 44
4 45
5 47
19 49
6 54
26 55
24 56
27 57
6 58
6 59
14 63
17 68
12 71
23 72
32
20 0
25 5
22 9
8 10
13 13
27 15
14 18
20 20
0 25
10 30
4 35
4 36
5 38
5 39
20 44
20 45
7 50
6 52
4 54
12 59
26 61
24 62
16 63
5 68
15 70
19 72
6 77
12 80
23 81
23 82
8 87
29 92
32
10 0
10 1
24 2
0 5
11 9
23 10
7 15
21 16
9 19
16 24
10 26
24 27
24 28
24 29
29 30
28 34
13 36
26 40
18 42
13 46
3 48
10 51
24 52
16 53
21 57
20 58
27 62
27 63
6 64
0 69
21 70
9 73
32
22 0
22 1
3 6
29 9
0 13
28 16
25 19
25 20
3 25
3 26
19 28
16 33
10 35
24 36
16 37
25 42
17 44
27 45
26 50
14 54
14 55
17 60
17 61
12 64
5 65
24 68
0 71
28 74
13 76
13 77
5 78
19 80
