30 148 7
9 20 1
20 28 5
28 22 4
22 24 2
24 26 3
26 10 3
10 23 5
23 12 2
12 14 5
14 8 2
8 5 2
5 4 5
4 11 2
11 16 4
16 13 3
13 0 4
0 18 5
18 2 2
2 25 2
25 3 2
3 1 5
1 7 1
7 19 2
19 29 4
29 17 4
17 15 4
15 21 5
21 27 4
27 6 3
6 9 1
0 1 1
0 2 5
0 17 5
0 20 1
0 23 1
0 24 1
1 4 2
1 6 5
1 19 5
2 4 1
2 12 1
2 17 5
3 4 3
3 13 5
3 28 4
4 9 5
4 14 3
4 28 4
5 1 1
5 3 5
5 9 5
5 13 3
5 16 5
5 19 1
5 27 5
6 5 2
6 16 4
6 17 3
6 19 1
6 20 2
7 26 1
8 0 2
8 7 2
8 17 3
8 20 3
8 22 2
8 25 5
8 29 3
9 11 4
9 28 4
10 18 2
10 28 3
11 6 2
11 7 4
11 13 4
11 19 3
11 28 2
12 1 2
12 4 2
12 10 3
12 15 5
12 27 5
13 4 4
13 7 4
13 12 1
13 19 1
14 1 5
14 2 1
14 18 2
14 25 5
15 6 3
15 7 2
15 8 1
15 29 1
16 0 1
16 8 5
16 9 4
16 15 3
16 18 4
16 19 4
16 20 5
16 27 3
17 3 2
17 26 4
18 4 2
18 6 3
18 15 2
18 26 1
19 3 1
19 18 3
19 20 3
19 26 4
19 27 5
20 13 1
20 22 3
20 27 3
21 0 4
21 4 5
21 6 5
21 14 5
21 16 5
21 24 5
21 25 1
22 7 2
22 11 1
22 16 2
22 21 3
23 15 4
24 6 5
24 7 2
24 10 4
24 16 5
25 4 5
25 6 3
25 9 2
25 12 5
25 24 5
26 22 3
27 0 3
27 4 4
27 8 4
28 2 4
28 16 3
28 24 1
29 3 3
29 5 3
29 11 2
29 24 4
20
21
24
18
3
14
12
32
5 0
27 5
0 8
18 13
2 15
4 16
14 19
18 21
15 23
8 24
29 27
3 30
13 35
19 36
27 41
6 44
6 45
6 46
17 49
3 51
3 52
3 53
1 58
7 59
26 60
10 63
28 66
22 70
22 71
11 72
6 74
5 76
32
27 0
0 3
23 4
12 6
15 11
6 14
16 18
27 21
0 24
2 29
17 34
15 38
7 40
26 41
22 44
16 46
8 51
29 54
11 56
11 57
7 61
19 63
27 68
4 72
28 76
22 80
7 82
26 83
26 84
10 87
18 89
6 92
32
9 0
20 1
22 4
16 6
13 9
4 13
14 16
14 17
18 19
2 21
17 26
17 27
17 28
17 29
3 31
1 36
4 38
11 40
16 44
9 48
20 49
20 50
13 51
13 52
7 56
19 58
3 59
28 63
2 67
25 69
9 71
9 72
32
1 0
4 2
28 6
2 10
17 15
15 19
6 22
20 24
22 27
16 29
18 33
2 35
2 36
2 37
17 42
26 46
22 49
7 51
19 53
19 54
27 59
6 62
9 63
20 64
22 67
7 69
26 70
22 73
11 74
11 75
13 79
13 80
32
15 0
15 1
6 4
17 7
3 9
1 14
7 15
26 16
26 17
26 18
10 21
23 26
15 30
21 35
21 36
27 40
6 43
19 44
20 47
27 50
6 53
6 54
16 58
27 61
0 64
23 65
23 66
15 70
21 75
21 76
27 80
8 84
32
2 0
25 2
12 7
12 8
10 11
10 12
10 13
28 16
28 17
28 18
24 19
26 22
10 25
23 30
23 31
12 33
10 36
28 39
22 43
11 44
7 48
26 49
22 52
7 54
19 56
29 60
5 63
4 68
4 69
14 72
18 74
15 76
32
17 0
15 4
21 9
4 14
9 19
28 23
2 27
4 28
9 33
9 34
28 38
22 42
7 44
19 46
3 47
28 51
22 55
21 58
0 62
17 67
26 71
26 72
26 73
10 76
23 81
15 85
6 88
20 90
13 91
19 92
3 93
4 96
