15 67 3
9 11 5
11 4 4
4 14 5
14 10 1
10 7 1
7 13 4
13 12 2
12 0 5
0 2 2
2 8 4
8 3 3
3 1 5
1 6 3
6 5 5
5 9 1
0 1 2
0 6 4
1 2 1
1 5 5
1 7 5
1 8 1
1 9 4
1 14 4
2 3 1
2 6 4
2 9 5
2 11 4
2 14 5
3 13 4
4 0 1
4 5 2
4 9 2
4 10 2
4 13 3
5 0 1
5 10 1
5 11 1
5 12 5
6 7 4
6 8 5
6 10 2
6 11 2
6 12 5
7 0 3
7 3 2
7 5 5
7 11 4
8 10 4
8 11 3
8 12 1
8 13 5
9 7 5
9 8 3
9 12 1
9 13 2
10 0 2
10 1 4
10 2 1
10 3 4
10 9 4
10 11 3
12 2 4
12 10 3
13 0 4
13 1 5
13 5 3
13 11 5
11
5
12
17
8 0
3 3
13 7
1 12
8 13
8 14
10 18
7 19
5 24
11 25
11 26
4 30
9 32
11 37
4 41
13 44
12 46
17
0 0
6 4
11 6
4 10
13 13
1 18
2 19
6 23
8 28
3 31
1 36
9 40
12 41
2 45
9 50
13 52
5 55
17
13 0
1 5
9 9
7 14
11 18
4 22
14 27
14 28
10 29
10 30
11 33
4 37
14 42
10 43
3 47
13 51
0 55
