15 75 3
6 3 2
3 5 5
5 10 5
10 9 5
9 13 1
13 8 3
8 2 3
2 14 2
14 0 5
0 11 5
11 4 1
4 1 2
1 7 2
7 12 2
12 6 3
0 3 1
0 5 4
0 6 2
0 8 2
0 9 4
0 12 3
0 13 4
1 0 2
1 5 2
1 6 4
1 10 5
1 14 4
2 0 3
2 3 2
2 6 4
2 11 5
2 12 3
3 1 5
3 14 3
4 12 1
4 14 4
5 8 5
5 11 3
5 14 4
6 8 2
6 14 2
7 9 4
7 10 1
7 13 3
8 1 2
8 7 1
8 9 3
8 12 1
9 1 1
9 4 2
10 0 5
10 2 5
10 6 5
10 8 1
10 11 3
10 14 5
11 1 3
11 3 5
11 6 3
11 7 1
11 13 3
12 1 2
12 3 3
12 5 5
12 9 4
12 10 1
12 11 4
12 13 3
13 3 4
13 4 3
13 6 4
13 14 5
14 8 5
14 9 5
14 12 1
11
3
5
17
8 0
7 1
9 5
1 6
1 7
14 11
8 16
2 19
14 21
12 22
1 24
6 28
14 30
14 31
14 32
14 33
12 34
17
0 0
5 4
11 7
6 10
14 12
14 13
14 14
8 19
12 20
13 23
14 28
12 29
5 34
10 39
6 44
14 46
9 51
17
7 0
9 4
4 6
12 7
5 12
8 17
7 18
9 22
4 24
4 25
4 26
12 27
13 30
13 31
6 35
14 37
0 42
