15 50 3
11 12 5
12 9 4
9 13 3
13 7 4
7 14 2
14 8 4
8 0 4
0 3 3
3 4 5
4 6 1
6 1 5
1 5 2
5 2 3
2 10 5
10 11 1
0 1 2
0 4 5
1 2 5
1 4 2
1 10 4
1 11 1
2 11 1
2 14 1
3 2 4
3 7 2
3 10 3
3 13 1
4 7 4
4 13 4
5 4 4
5 6 5
5 8 5
5 9 5
5 14 2
7 5 3
7 10 1
7 11 2
8 7 3
8 13 1
9 3 3
9 14 4
10 8 2
11 3 5
11 9 4
11 14 4
12 2 4
12 14 1
13 1 4
13 14 2
14 10 4
4
0
5
17
8 0
0 4
4 9
6 10
1 15
1 16
2 21
14 22
10 26
8 28
13 29
7 33
7 34
5 37
5 38
2 41
10 46
17
10 0
11 1
11 2
3 7
10 10
10 11
11 12
3 17
10 20
8 22
13 23
1 27
10 31
11 32
14 36
8 40
7 43
17
3 0
2 4
2 5
2 6
11 7
12 12
12 13
9 17
13 20
13 21
7 25
5 28
2 31
10 36
8 38
0 42
4 47
