15 45 3
8 1 3
1 3 5
3 12 2
12 0 3
0 2 3
2 5 2
5 14 4
14 6 1
6 13 2
13 7 1
7 4 1
4 11 4
11 9 1
9 10 5
10 8 2
0 1 4
1 5 3
1 6 2
2 9 5
2 13 5
4 2 2
4 8 1
5 13 4
7 1 4
7 5 4
8 0 1
8 2 3
8 6 3
8 11 2
8 13 5
9 0 2
9 3 5
10 1 4
10 2 2
10 4 2
10 13 2
11 0 4
11 12 5
11 14 5
12 7 5
12 10 4
14 1 3
14 3 5
14 7 3
14 8 5
0
12
10
17
6 0
6 1
13 3
7 4
4 5
4 6
11 10
9 11
3 16
12 18
10 22
2 24
13 29
7 30
4 31
4 32
11 36
17
11 0
12 5
0 8
2 11
5 13
13 17
7 18
7 19
4 20
11 24
0 28
0 29
2 32
9 37
3 42
12 44
0 47
17
2 0
9 5
9 6
3 11
3 12
12 14
12 15
10 19
1 23
6 25
13 27
13 28
7 29
5 33
13 37
7 38
4 39
