15 52 3
11 4 5
4 0 3
0 9 2
9 10 4
10 2 4
2 14 5
14 13 1
13 6 1
6 12 3
12 1 2
1 3 4
3 5 4
5 8 4
8 7 5
7 11 2
0 6 3
0 7 5
0 13 1
1 9 1
1 14 1
2 4 5
2 11 1
2 13 5
3 0 2
3 6 5
3 10 1
3 11 3
3 13 4
4 9 5
4 12 3
4 13 1
5 2 3
5 6 2
5 14 3
6 7 2
7 1 4
7 3 4
8 1 4
8 6 5
9 7 3
9 14 1
10 0 3
10 1 5
10 4 2
10 7 3
11 1 1
11 5 5
11 14 3
13 7 1
13 12 4
14 10 1
14 12 3
0
9
10
17
14 0
13 1
7 2
11 4
5 9
14 12
10 13
10 14
2 18
4 23
12 26
12 27
12 28
12 29
1 31
14 32
14 33
17
12 0
1 2
1 3
14 4
13 5
7 6
11 8
1 9
14 10
14 11
12 14
1 16
3 20
10 21
10 22
4 24
13 25
17
7 0
11 2
14 5
14 6
13 7
6 8
12 11
1 13
9 14
14 15
13 16
7 17
11 19
1 20
9 21
7 24
1 28
