15 51 3
4 0 2
0 10 5
10 11 1
11 14 2
14 5 5
5 6 3
6 2 3
2 8 3
8 9 4
9 3 2
3 13 2
13 12 5
12 7 2
7 1 2
1 4 4
0 3 1
0 5 5
0 12 3
0 13 1
0 14 3
1 2 4
1 10 1
1 11 5
1 12 4
2 3 5
2 4 1
2 9 1
3 7 4
4 7 5
4 9 2
4 12 2
5 1 5
5 3 5
5 12 3
5 13 1
6 9 1
7 5 3
7 10 3
8 1 2
8 10 5
8 13 4
10 13 4
11 0 3
11 6 2
12 8 1
13 7 3
13 9 2
14 4 2
14 6 4
14 10 4
14 12 1
7
5
12
17
10 0
10 1
11 2
6 4
2 7
2 8
8 11
1 13
1 14
4 18
12 20
12 21
8 22
1 24
12 28
8 29
1 31
17
1 0
1 1
2 5
9 6
3 8
7 12
5 15
1 20
11 25
14 27
14 28
14 29
10 33
13 37
13 38
9 40
3 42
17
3 0
13 2
7 5
7 6
7 7
7 8
7 9
1 11
12 15
8 16
8 17
1 19
12 23
8 24
9 28
9 29
3 31
