40 296 10
37 9 4
9 29 4
29 22 5
22 25 4
25 39 3
39 6 1
6 26 1
26 38 5
38 19 4
19 18 5
18 21 2
21 34 2
34 28 5
28 4 2
4 20 5
20 14 5
14 1 2
1 35 4
35 7 4
7 30 3
30 10 1
10 2 5
2 33 5
33 5 5
5 17 4
17 13 1
13 16 2
16 8 1
8 11 4
11 24 2
24 31 1
31 3 1
3 27 4
27 12 1
12 15 1
15 0 3
0 23 5
23 32 5
32 36 5
36 37 4
0 1 1
0 4 5
0 21 5
0 26 5
0 31 3
0 35 2
1 11 1
1 13 2
1 23 4
1 37 5
2 3 5
2 6 2
2 25 1
2 35 4
2 38 1
3 7 4
3 8 3
3 15 4
3 17 4
3 19 2
3 21 5
3 23 3
3 24 3
3 29 2
3 39 4
4 19 2
4 33 4
4 38 3
4 39 5
5 0 2
5 9 4
5 14 3
5 15 1
5 24 1
5 26 4
5 27 4
5 29 4
5 31 5
5 39 4
6 0 3
6 1 2
6 7 5
6 9 5
6 10 2
6 31 5
6 34 5
6 37 1
7 0 3
7 9 4
7 23 4
7 25 2
7 26 2
7 28 3
8 5 5
8 13 5
8 19 5
8 23 3
8 29 5
8 30 1
8 35 5
9 1 4
9 17 4
9 23 1
9 39 2
10 5 3
10 21 2
10 34 4
11 7 3
11 9 1
11 10 5
11 14 4
11 19 1
11 23 1
11 28 5
11 39 3
12 5 3
12 8 4
12 13 5
12 14 2
12 24 1
12 25 2
12 33 5
12 37 2
12 39 2
13 0 1
13 22 1
13 23 3
13 28 2
13 34 5
14 2 4
14 17 4
14 22 1
14 32 4
14 37 1
15 10 4
15 13 4
15 22 5
15 25 5
15 37 2
15 39 4
16 2 2
16 4 2
16 10 2
16 15 4
16 22 3
17 18 1
17 33 1
17 35 2
17 36 4
17 37 5
18 0 3
18 3 4
18 10 5
18 23 5
18 28 1
18 31 2
18 38 1
18 39 5
19 13 3
19 24 5
20 0 5
20 13 2
20 27 4
20 32 3
20 33 2
20 34 1
20 39 3
21 1 1
21 2 3
21 7 5
21 8 2
21 11 4
21 13 3
21 14 5
21 16 5
21 28 5
21 38 4
22 4 4
22 9 2
22 11 5
22 12 1
22 26 4
22 36 4
22 38 4
23 6 2
23 10 3
23 14 5
23 29 4
23 30 1
23 36 1
23 38 5
24 2 2
24 8 3
24 10 3
24 16 4
24 18 1
24 25 1
24 34 2
24 36 2
25 3 2
25 5 3
25 6 4
25 8 3
25 21 3
25 26 3
25 31 1
26 12 1
26 18 3
26 29 5
26 30 5
26 35 3
27 0 2
27 17 1
27 23 1
27 24 5
27 29 2
27 30 2
27 33 5
28 2 3
28 9 3
28 14 5
28 16 5
28 22 2
28 23 3
28 33 1
28 36 2
29 19 2
29 32 5
29 34 3
29 38 3
30 2 5
30 4 4
30 16 1
30 18 2
30 19 2
30 31 3
30 32 3
30 33 3
30 34 2
31 2 5
31 4 4
31 11 1
31 32 2
31 39 1
32 0 4
32 3 2
32 4 4
32 13 1
32 19 4
32 21 3
32 24 5
32 33 3
32 34 1
32 37 3
33 1 3
33 7 1
33 11 2
33 18 5
33 23 3
33 34 5
33 35 4
34 8 2
34 23 2
34 25 1
34 26 4
34 36 4
35 5 2
35 6 3
35 9 4
35 13 4
35 19 4
35 24 2
35 25 3
35 29 4
35 31 5
35 37 2
36 1 5
36 6 3
36 7 4
36 10 5
36 12 2
36 16 5
36 19 4
37 0 1
37 3 1
37 4 2
37 16 5
38 1 5
38 5 1
38 11 5
38 16 5
38 20 2
39 13 3
39 24 5
39 29 3
39 38 2
34
4
2
29
37
10
26
8
18
16
42
31 0
11 1
24 3
36 5
6 8
0 11
35 13
9 17
1 21
35 25
25 28
39 31
39 32
29 35
19 37
18 42
0 45
21 50
13 53
23 56
29 60
22 65
25 69
39 72
13 75
28 77
4 79
38 82
38 83
1 88
35 92
6 95
26 96
18 99
10 104
34 108
25 109
8 112
35 117
37 119
3 120
15 124
42
28 0
2 3
33 8
18 13
21 15
38 19
19 23
19 24
13 27
0 28
26 33
38 38
19 42
24 47
2 49
33 54
34 59
28 64
22 66
9 68
39 70
13 73
13 74
22 75
26 79
29 84
32 89
19 93
13 96
23 99
10 102
2 107
3 112
17 116
33 117
7 118
28 121
28 122
36 124
16 129
10 131
2 136
42
36 0
10 5
21 7
7 12
0 15
35 17
5 19
0 21
31 24
3 25
39 29
38 31
1 36
37 41
9 45
29 49
32 54
3 56
29 58
22 63
36 67
10 72
5 75
14 78
17 82
33 83
35 87
5 89
26 93
30 98
31 101
31 102
31 103
2 108
35 112
7 116
28 119
33 120
34 125
28 130
9 133
39 135
42
5 0
0 2
31 5
32 7
32 8
32 9
33 12
7 13
30 16
16 17
8 18
29 23
38 26
19 30
13 33
28 35
14 40
2 44
25 45
8 48
11 52
24 54
25 55
25 56
5 59
0 61
35 63
31 68
4 72
20 77
0 82
0 83
35 85
31 90
39 91
13 94
0 95
26 100
30 105
30 106
4 110
38 113
42
0 0
21 5
2 8
38 9
38 10
20 12
20 13
0 18
31 21
31 22
2 27
35 31
19 35
24 40
18 41
21 43
21 44
34 46
34 47
34 48
26 52
29 57
22 62
36 66
1 71
11 72
14 76
32 80
37 83
9 87
23 88
30 89
19 91
19 92
24 97
24 98
8 101
19 106
13 109
13 110
16 112
15 116
42
30 0
31 3
3 4
29 6
32 11
33 14
34 19
23 21
10 24
5 27
27 31
12 32
14 34
32 38
33 41
35 45
5 47
31 52
31 53
32 55
21 58
13 61
23 64
14 69
14 70
22 71
25 75
31 76
2 81
33 86
33 87
1 90
13 92
28 94
36 96
10 101
21 103
7 108
7 109
0 112
21 117
21 118
42
22 0
25 4
25 5
8 8
5 13
24 14
10 17
10 18
10 19
21 21
1 22
1 23
1 24
23 28
38 33
1 38
37 43
37 44
4 46
4 47
38 50
16 55
15 59
15 60
37 62
0 63
4 68
4 69
20 74
39 77
24 82
2 84
38 85
5 86
31 91
11 92
24 94
31 95
11 96
7 99
7 100
0 103
42
24 0
25 1
25 2
5 5
26 9
30 14
16 15
15 19
13 23
23 26
6 28
0 31
23 36
6 38
0 41
26 46
26 47
26 48
35 51
9 55
39 57
6 58
7 63
28 66
33 67
35 71
9 75
29 79
32 84
4 88
19 90
13 93
16 95
8 96
29 101
32 106
24 111
16 115
15 119
37 121
0 122
26 127
42
13 0
0 1
31 4
11 5
9 6
17 10
17 11
37 16
4 18
33 22
11 24
14 28
2 32
3 37
15 41
15 42
39 46
38 48
11 53
24 55
31 56
4 60
4 61
20 66
14 71
2 75
38 76
19 80
13 83
34 88
8 90
30 91
2 96
35 100
19 104
18 109
39 114
39 115
38 117
16 122
10 124
2 129
42
39 0
38 2
20 4
20 5
27 9
27 10
27 11
0 13
35 15
9 19
39 21
39 22
38 24
20 26
20 27
13 29
0 30
31 33
4 37
4 38
38 41
19 45
18 50
39 55
39 56
29 59
32 64
3 66
23 69
36 70
1 75
35 79
29 83
22 88
12 89
12 90
12 91
25 93
25 94
3 96
3 97
23 100
