40 285 10
32 13 3
13 35 2
35 4 4
4 8 3
8 9 3
9 17 3
17 27 1
27 24 3
24 31 1
31 39 1
39 37 2
37 2 3
2 7 2
7 25 2
25 3 4
3 26 5
26 29 2
29 18 1
18 22 5
22 6 4
6 33 1
33 10 5
10 0 3
0 16 2
16 38 5
38 34 4
34 14 1
14 23 4
23 19 5
19 30 5
30 5 4
5 28 3
28 11 5
11 1 4
1 15 4
15 36 5
36 12 5
12 21 1
21 20 4
20 32 3
0 2 5
0 3 3
0 8 5
0 13 3
0 15 3
0 17 2
0 34 2
0 35 4
1 2 3
1 8 4
1 12 4
1 25 1
1 28 1
1 32 2
1 34 4
2 3 1
2 15 1
2 18 1
2 20 4
2 31 5
3 6 3
3 9 1
3 13 1
3 19 5
3 31 1
3 34 4
3 37 1
3 39 2
4 9 3
4 13 3
4 30 5
5 9 5
5 11 4
5 16 5
6 1 4
6 2 1
6 8 3
6 9 4
6 15 3
6 19 4
6 21 1
6 34 1
6 38 2
7 3 4
7 12 1
7 27 5
8 7 2
8 15 5
8 18 4
8 21 5
8 25 3
8 33 5
8 36 3
9 2 3
9 10 5
9 27 5
10 14 2
10 27 1
10 30 3
10 34 4
10 39 2
11 4 5
11 13 3
11 19 4
11 30 4
11 31 3
11 33 2
12 22 5
12 27 2
12 28 5
12 31 4
12 32 1
12 38 4
12 39 5
13 2 4
13 8 2
13 19 1
13 21 4
13 25 5
13 26 3
13 27 3
13 29 3
13 30 4
13 33 2
13 36 1
14 1 4
14 8 5
14 16 5
14 21 5
14 27 3
14 28 4
14 33 5
14 36 2
15 25 1
15 30 4
15 31 1
15 33 5
15 39 5
16 1 3
16 7 1
16 8 3
16 13 5
16 17 2
16 19 5
16 34 3
16 36 4
17 2 5
17 3 4
17 10 1
17 15 1
17 19 3
17 30 5
17 31 3
17 34 1
17 39 2
18 11 4
18 12 4
18 14 5
18 20 5
18 24 4
18 26 1
18 31 3
18 38 1
19 5 2
19 14 4
19 24 2
19 27 4
19 34 1
19 35 4
19 36 4
19 38 2
20 0 2
20 13 4
20 22 4
20 23 4
21 7 2
21 16 1
21 17 1
21 22 1
21 25 2
21 28 1
21 35 4
21 36 5
22 2 4
22 10 5
22 25 1
22 31 3
22 32 3
22 33 5
22 37 5
22 39 1
23 0 1
23 5 2
23 6 1
23 9 5
23 18 4
23 22 2
23 26 4
23 29 1
23 31 1
23 34 2
23 36 1
23 37 2
23 39 3
24 1 4
24 11 5
24 13 4
24 20 5
25 16 1
25 20 3
25 28 4
25 30 2
25 33 1
25 37 5
26 2 5
26 6 2
26 20 3
26 27 3
26 33 3
26 34 3
27 4 4
27 18 5
27 21 4
28 3 5
28 15 5
28 23 4
29 10 3
29 17 5
29 22 1
29 28 1
29 38 2
30 0 5
30 16 3
30 29 4
30 31 2
30 36 3
31 1 3
31 9 1
32 7 2
32 8 3
32 19 3
32 25 2
32 30 4
32 34 4
32 37 4
33 1 1
33 3 2
33 9 4
33 12 1
33 16 1
33 20 3
33 38 4
34 5 4
34 9 4
34 18 3
34 24 5
34 31 4
34 37 5
35 2 3
35 14 5
35 24 5
35 25 4
35 27 2
35 30 4
36 3 4
36 7 4
36 22 4
36 26 1
36 35 5
37 5 2
37 11 1
37 12 1
37 14 3
37 16 5
37 28 5
37 29 2
38 0 2
38 2 2
38 23 2
39 0 1
39 4 2
39 8 3
39 18 5
39 26 2
39 38 3
13
28
19
35
11
23
25
38
26
6
42
22 0
31 3
39 4
37 6
28 11
28 12
15 17
33 22
20 25
32 28
34 32
14 33
8 38
25 41
30 43
31 45
9 46
9 47
10 52
30 55
29 59
17 64
10 65
39 67
8 70
7 72
25 74
3 78
9 79
27 84
24 87
31 88
9 89
27 94
27 95
18 100
20 105
22 109
39 110
37 112
5 114
16 119
42
15 0
25 1
28 5
11 10
33 12
10 17
34 21
9 25
27 30
18 35
18 36
12 40
12 41
21 42
7 44
7 45
27 50
18 55
22 60
6 64
6 65
1 69
2 72
2 73
2 74
31 79
31 80
31 81
39 82
8 85
25 88
20 91
23 95
19 100
38 102
38 103
0 105
8 110
18 114
24 118
24 119
20 124
42
0 0
0 1
0 2
16 4
1 7
12 11
27 13
21 17
16 18
19 23
30 28
30 29
29 33
10 36
27 37
27 38
4 42
8 45
8 46
36 49
3 53
39 55
4 57
4 58
9 61
27 66
21 70
35 74
14 79
14 80
16 85
17 87
3 91
34 95
5 99
16 104
34 107
18 110
11 114
4 119
13 122
36 123
42
30 0
5 4
28 7
23 11
23 12
29 13
18 14
12 18
28 23
15 28
15 29
30 33
30 34
16 37
16 38
38 43
23 45
26 49
34 52
37 57
12 58
28 63
28 64
23 68
5 70
5 71
28 74
23 78
23 79
9 84
2 87
18 88
18 89
12 93
22 98
32 101
7 103
12 104
32 105
19 108
19 109
36 113
42
34 0
37 5
16 10
38 15
23 17
6 18
2 19
18 20
12 24
22 29
6 33
33 34
38 38
23 40
31 41
1 44
32 46
25 48
30 50
36 53
3 57
3 58
31 59
1 62
25 63
33 64
12 65
22 70
6 74
34 75
37 80
29 82
22 83
37 88
5 90
11 94
1 98
15 102
31 103
1 106
25 107
30 109
42
10 0
14 2
28 6
11 11
1 15
34 19
18 22
12 26
22 31
2 35
31 40
9 41
2 44
3 45
3 46
6 49
15 52
36 57
22 61
22 62
32 65
19 68
34 69
9 73
2 76
2 77
20 81
13 85
36 86
22 90
25 91
25 92
28 96
11 101
31 104
31 105
31 106
31 107
9 108
27 113
21 117
28 118
42
2 0
2 1
3 2
9 3
2 6
18 7
26 8
26 9
2 14
2 15
2 16
2 17
15 18
33 23
20 26
20 27
0 29
0 30
35 34
30 38
5 42
5 43
16 48
13 53
25 58
20 61
20 62
13 66
13 67
25 72
28 76
23 80
19 85
27 89
18 94
14 99
14 100
33 105
12 106
31 110
39 111
38 114
42
32 0
32 1
34 5
18 8
11 12
11 13
11 14
13 17
29 20
18 21
11 25
31 28
39 29
37 31
28 36
11 41
30 45
5 49
16 54
17 56
19 59
5 61
5 62
9 67
27 72
24 75
24 76
11 81
1 85
32 87
19 90
38 92
0 94
35 98
35 99
30 103
0 108
15 111
25 112
25 113
25 114
20 117
42
18 0
11 4
1 8
8 12
9 15
27 20
21 24
7 26
12 27
28 32
3 37
3 38
37 39
2 42
2 43
31 48
31 49
31 50
39 51
4 53
13 56
8 58
21 63
35 67
25 71
28 75
15 80
30 84
5 88
11 92
4 97
4 98
9 101
27 106
4 110
30 115
16 118
38 123
38 124
2 126
31 131
9 132
42
17 0
27 1
21 5
20 9
0 11
35 15
24 20
13 24
2 28
18 29
26 30
20 33
22 37
6 41
6 42
15 45
31 46
39 47
0 48
2 53
15 54
31 55
9 56
9 57
17 60
10 61
39 63
37 65
16 70
16 71
8 74
33 79
3 81
31 82
39 83
0 84
34 86
31 90
31 91
31 92
1 95
25 96
