40 129 10
38 39 3
39 4 2
4 8 3
8 13 2
13 34 3
34 3 3
3 6 5
6 1 3
1 25 3
25 15 1
15 2 2
2 35 2
35 18 2
18 10 2
10 27 4
27 29 3
29 24 3
24 37 4
37 28 4
28 17 1
17 22 1
22 0 3
0 5 1
5 33 1
33 7 1
7 16 3
16 36 3
36 21 1
21 12 1
12 30 4
30 9 3
9 31 5
31 20 1
20 11 4
11 19 3
19 32 3
32 14 5
14 26 5
26 23 3
23 38 3
0 1 3
0 10 4
0 17 1
0 28 4
0 30 1
1 13 4
1 29 2
1 34 3
1 37 4
2 9 3
2 25 5
2 26 1
2 30 3
3 31 2
4 1 2
4 2 5
4 22 1
5 11 1
5 12 1
5 20 5
5 36 5
8 14 3
8 29 3
8 35 3
9 12 5
9 19 3
10 23 3
10 32 4
11 0 5
11 15 5
12 8 5
12 10 1
13 20 5
13 29 3
13 33 2
14 13 2
14 17 3
14 19 1
14 24 3
14 36 3
16 6 2
16 22 4
16 24 1
16 27 5
17 5 3
17 7 5
17 18 4
17 37 3
18 24 4
18 39 3
19 8 5
20 6 2
20 25 1
20 30 1
21 6 5
22 20 2
22 25 3
23 13 3
23 27 1
23 31 3
24 27 2
25 16 1
25 26 1
25 35 5
27 19 3
28 4 1
28 9 3
28 22 3
28 25 4
29 35 2
29 37 5
30 7 3
30 38 3
30 39 1
31 22 4
31 30 1
32 27 3
32 35 4
33 24 1
33 35 1
34 26 1
34 35 1
35 19 4
36 3 2
36 23 1
37 15 1
38 6 1
39 12 1
39 35 1
28
0
13
10
7
31
22
38
34
39
42
12 0
8 5
35 8
19 12
32 15
35 19
35 20
35 21
35 22
18 24
18 25
24 29
24 30
37 34
28 38
4 39
2 44
26 45
23 48
13 51
34 54
26 55
26 56
23 59
13 62
33 64
24 65
24 66
24 67
24 68
27 70
29 73
35 75
35 76
35 77
35 78
19 82
8 87
8 88
29 91
37 96
37 97
42
14 0
17 3
17 4
5 7
5 8
12 9
12 10
30 14
9 17
19 20
19 21
32 24
27 27
27 28
27 29
29 32
35 34
18 36
24 40
24 41
27 43
27 44
27 45
29 48
35 50
18 52
18 53
24 57
37 61
28 65
17 66
7 71
16 74
16 75
27 80
27 81
19 84
8 89
14 92
36 95
36 96
3 98
42
35 0
19 4
19 5
19 6
32 9
35 13
35 14
18 16
39 19
39 20
12 21
8 26
14 29
14 30
26 35
23 38
23 39
27 40
27 41
27 42
19 45
32 48
27 51
19 54
19 55
32 58
35 62
18 64
10 66
23 69
13 72
29 75
24 78
24 79
37 83
15 84
2 86
26 87
26 88
23 91
13 94
13 95
42
20 0
6 2
1 5
37 9
15 10
15 11
15 12
2 14
30 17
9 20
12 25
30 29
9 32
19 35
8 40
35 43
35 44
35 45
18 47
39 50
12 51
30 55
39 56
35 57
35 58
19 62
19 63
32 66
32 67
35 71
35 72
18 74
18 75
10 77
32 81
27 84
19 87
32 90
32 91
32 92
32 93
35 97
42
2 0
26 1
23 4
13 7
20 12
30 13
39 14
35 15
19 19
32 22
35 26
18 28
18 29
24 33
27 35
29 38
29 39
35 41
35 42
19 46
19 47
8 52
29 55
24 58
27 60
27 61
29 64
29 65
35 67
18 69
39 72
39 73
12 74
12 75
12 76
30 80
9 83
31 88
31 89
20 90
11 94
0 99
42
27 0
27 1
27 2
27 3
29 6
37 11
37 12
37 13
15 14
15 15
2 17
30 20
9 23
12 28
12 29
10 30
10 31
10 32
32 36
14 41
24 44
37 48
28 52
4 53
1 55
13 59
33 61
33 62
24 63
37 67
15 68
2 70
26 71
23 74
27 75
29 78
35 80
35 81
18 83
24 87
27 89
27 90
42
3 0
6 5
6 6
6 7
6 8
6 9
6 10
1 13
25 16
25 17
25 18
15 19
2 21
25 26
25 27
25 28
15 29
15 30
2 32
9 35
19 38
32 41
32 42
35 46
18 48
18 49
18 50
39 53
39 54
35 55
35 56
18 58
10 60
27 64
27 65
29 68
29 69
37 74
37 75
37 76
15 77
2 79
42
33 0
7 1
16 4
36 7
36 8
3 10
31 12
20 13
11 17
0 22
17 23
17 24
17 25
22 26
25 29
16 30
24 31
37 35
15 36
2 38
26 39
23 42
13 45
34 48
3 51
31 53
30 54
38 57
39 60
12 61
10 62
23 65
27 66
19 69
8 74
29 77
24 80
27 82
19 85
19 86
32 89
14 94
42
8 0
13 2
34 5
26 6
26 7
23 10
31 13
31 14
31 15
20 16
6 18
6 19
6 20
6 21
6 22
1 25
34 28
34 29
26 30
23 33
38 36
39 39
4 41
8 44
29 47
37 52
37 53
37 54
15 55
15 56
2 58
9 61
9 62
9 63
9 64
9 65
12 70
8 75
8 76
29 79
37 84
15 85
42
30 0
7 3
16 6
22 10
0 13
1 16
29 18
29 19
29 20
37 25
15 26
2 28
26 29
23 32
38 35
6 36
1 39
25 42
35 47
35 48
19 52
8 57
14 60
26 65
26 66
26 67
26 68
23 71
13 74
13 75
20 80
11 84
11 85
11 86
15 91
2 93
26 94
26 95
23 98
31 101
20 102
25 103
