40 149 10
11 12 3
12 23 4
23 2 3
2 25 1
25 37 4
37 3 2
3 0 4
0 14 3
14 17 2
17 28 5
28 16 1
16 32 3
32 15 4
15 21 1
21 34 5
34 5 3
5 8 2
8 20 4
20 19 4
19 38 5
38 30 1
30 31 1
31 13 4
13 29 2
29 6 3
6 27 2
27 7 4
7 35 4
35 26 2
26 18 5
18 39 5
39 1 4
1 9 2
9 10 3
10 24 1
24 22 3
22 33 1
33 4 3
4 36 3
36 11 3
0 26 2
1 6 2
1 13 3
2 4 4
2 8 5
2 12 1
2 16 1
2 26 3
2 28 5
3 31 3
4 5 1
4 7 1
4 18 2
4 39 4
5 2 3
5 10 1
5 13 3
5 39 4
6 19 1
7 2 3
7 13 1
7 14 3
7 25 4
7 36 4
7 37 1
8 36 3
8 37 5
9 33 2
10 12 5
10 14 1
10 15 3
10 30 3
10 34 1
11 16 1
12 3 1
12 8 4
12 17 4
12 18 3
12 30 3
12 38 5
13 16 4
13 19 2
14 12 3
14 13 4
14 36 4
15 25 4
15 30 4
16 12 5
16 36 4
17 7 1
18 24 1
18 29 1
18 34 4
18 35 2
19 14 2
19 31 5
19 34 2
19 37 3
20 22 3
21 20 2
21 26 4
21 38 1
22 31 2
23 20 3
23 21 5
23 22 2
24 6 3
24 11 5
24 12 5
24 15 2
24 35 2
24 37 1
25 10 5
25 24 3
25 39 4
26 24 4
27 36 1
28 3 5
28 9 5
28 39 1
29 22 4
29 36 5
30 5 2
30 11 1
30 29 5
31 1 4
31 10 5
31 14 2
31 17 5
31 27 5
31 33 2
32 6 2
32 12 4
34 12 4
34 36 3
34 37 5
34 38 2
35 6 4
35 37 2
35 39 5
36 12 3
36 24 1
37 1 1
37 4 3
38 9 1
38 16 5
38 35 3
39 27 2
39 29 2
23
27
6
29
34
17
24
28
31
4
42
37 0
1 1
1 2
6 4
27 6
36 7
24 8
15 10
25 14
24 17
15 19
21 20
38 21
35 24
35 25
6 29
19 30
31 35
31 36
17 41
17 42
17 43
28 48
28 49
28 50
9 55
33 57
4 60
5 61
13 64
19 66
34 68
5 71
39 75
1 79
1 80
9 82
33 84
33 85
4 88
39 92
1 96
42
0 0
14 3
12 6
12 7
8 11
36 14
24 15
15 17
30 21
29 26
36 31
36 32
12 35
8 39
20 43
19 47
38 52
38 53
9 54
10 57
30 60
29 65
6 68
27 70
7 74
13 75
19 77
38 82
16 87
16 88
16 89
12 94
18 97
39 102
27 104
7 108
25 112
25 113
25 114
37 118
37 119
37 120
42
21 0
26 4
18 9
39 14
1 18
6 20
27 22
7 26
7 27
13 28
29 30
6 33
6 34
19 35
37 38
37 39
4 42
36 45
11 48
16 49
12 54
23 58
21 63
38 64
38 65
35 68
39 73
27 75
36 76
24 77
6 80
6 81
27 83
36 84
12 87
17 91
17 92
17 93
7 94
14 97
14 98
17 100
42
8 0
8 1
36 4
11 7
16 8
32 11
6 13
19 14
38 19
16 24
16 25
36 29
36 30
12 33
23 37
23 38
22 40
22 41
31 43
14 45
14 46
14 47
12 50
8 54
37 59
4 62
18 64
18 65
29 66
29 67
6 70
19 71
38 76
35 79
6 83
27 85
27 86
7 90
7 91
13 92
29 94
36 99
42
2 0
4 4
4 5
7 6
35 10
6 14
6 15
6 16
27 18
27 19
7 23
7 24
7 25
25 29
10 34
34 35
5 38
39 42
1 46
9 48
10 51
14 52
13 56
19 58
19 59
37 62
1 63
13 66
16 70
12 75
3 76
3 77
0 81
26 83
24 87
15 89
25 93
39 97
29 99
36 104
24 105
6 108
42
39 0
39 1
1 5
1 6
9 8
10 11
34 12
12 16
8 20
20 24
19 28
14 30
17 32
28 37
3 42
31 45
31 46
14 48
17 50
7 51
36 55
36 56
36 57
11 60
16 61
12 66
17 70
7 71
25 75
24 78
11 83
12 86
38 91
9 92
9 93
9 94
10 97
10 98
30 101
30 102
31 103
10 108
42
33 0
4 3
5 4
2 7
4 11
18 13
34 17
34 18
37 23
4 26
5 27
39 31
29 33
22 37
31 39
14 41
13 45
13 46
19 48
19 49
37 52
37 53
37 54
1 55
9 57
33 59
33 60
33 61
4 64
4 65
7 66
13 67
16 71
36 75
11 78
12 81
23 85
23 86
23 87
22 89
22 90
33 91
42
20 0
19 4
19 5
14 7
17 9
17 10
17 11
17 12
17 13
28 18
16 19
32 22
6 24
6 25
19 26
31 31
17 36
28 41
28 42
9 47
33 49
4 52
5 53
5 54
13 57
13 58
29 60
29 61
22 65
22 66
22 67
31 69
14 71
17 73
28 78
28 79
39 80
27 82
7 86
37 87
3 89
3 90
42
14 0
13 4
29 6
6 9
27 11
36 12
11 15
12 18
18 21
35 23
37 25
4 28
18 30
29 31
36 36
36 37
12 40
38 45
30 46
30 47
31 48
1 52
1 53
6 55
6 56
27 58
36 59
11 62
11 63
16 64
36 68
11 71
16 72
32 75
15 79
15 80
30 84
29 89
6 92
6 93
27 95
7 99
42
3 0
31 3
13 7
16 11
16 12
12 17
30 20
5 22
2 25
16 26
12 31
18 34
35 36
26 38
26 39
26 40
26 41
24 45
24 46
6 49
19 50
19 51
14 53
14 54
17 56
17 57
7 58
25 62
39 66
27 68
36 69
24 70
24 71
12 76
38 81
35 84
37 86
3 88
31 91
14 93
36 97
36 98
