40 138 10
5 39 2
39 30 3
30 23 1
23 12 3
12 15 1
15 11 5
11 21 2
21 29 4
29 0 1
0 38 2
38 37 1
37 10 4
10 18 2
18 2 3
2 20 5
20 1 4
1 3 4
3 7 2
7 33 2
33 24 2
24 32 4
32 26 2
26 17 1
17 16 5
16 19 4
19 9 5
9 13 1
13 4 3
4 35 4
35 27 3
27 34 5
34 36 2
36 14 3
14 25 4
25 28 5
28 22 2
22 8 1
8 6 4
6 31 4
31 5 2
0 6 2
0 18 4
1 32 2
2 6 1
3 20 4
3 21 3
3 31 2
3 34 5
3 36 5
4 1 2
4 5 5
4 14 4
4 31 5
4 39 5
5 15 1
5 16 3
6 5 1
7 26 4
7 39 2
9 2 2
9 14 5
9 16 4
9 24 5
9 27 5
9 31 1
11 10 1
11 13 1
11 39 5
12 22 2
12 28 1
12 37 5
13 5 1
13 32 5
13 33 4
13 34 2
13 35 5
13 37 2
13 39 4
14 0 3
14 17 3
14 31 5
15 24 5
15 25 2
15 27 3
16 24 1
17 9 3
17 12 5
17 24 5
17 27 1
17 36 5
18 1 3
18 39 5
19 14 4
19 24 2
20 24 1
21 0 5
21 10 2
21 25 4
22 2 4
22 14 5
22 21 2
22 23 5
23 6 2
23 9 2
23 14 1
23 15 1
23 26 4
23 34 2
23 36 3
24 1 4
24 13 4
24 37 5
25 10 5
25 32 4
26 16 2
28 21 4
28 27 3
28 36 1
29 10 4
29 14 3
30 0 3
30 11 1
30 35 5
31 2 4
31 27 4
32 2 5
32 3 1
32 6 4
32 21 2
33 28 4
33 30 5
34 22 5
35 32 1
35 36 4
36 10 3
37 8 3
38 36 4
39 27 5
0
26
19
33
2
27
20
32
6
23
42
4 0
31 5
31 6
5 8
16 11
19 15
9 20
2 22
20 27
24 28
1 32
32 34
3 35
3 36
34 41
34 42
36 44
10 47
10 48
18 50
39 55
27 60
27 61
34 66
34 67
22 72
23 77
12 80
28 81
27 84
27 85
34 90
36 92
10 95
18 97
2 100
20 105
20 106
24 107
1 111
3 115
31 117
42
39 0
39 1
27 6
34 11
36 13
36 14
10 17
18 19
1 22
3 26
36 31
36 32
10 35
10 36
10 37
18 39
18 40
2 43
2 44
2 45
2 46
2 47
20 52
24 53
24 54
37 59
8 62
8 63
8 64
8 65
8 66
8 67
6 71
6 72
6 73
6 74
5 75
5 76
16 79
19 83
19 84
19 85
42
28 0
28 1
27 4
27 5
34 10
36 12
10 15
10 16
18 18
39 23
27 28
27 29
27 30
34 35
36 37
14 40
25 44
10 49
10 50
10 51
10 52
18 54
2 57
20 62
20 63
20 64
1 68
32 70
21 72
25 76
10 81
10 82
18 84
18 85
39 90
39 91
27 96
27 97
27 98
27 99
27 100
27 101
42
13 0
39 4
39 5
30 8
30 9
35 14
36 18
14 21
25 25
10 30
10 31
10 32
10 33
10 34
18 36
18 37
1 40
3 44
36 49
14 52
17 55
12 60
12 61
15 62
25 64
25 65
28 70
21 74
25 78
32 82
6 86
31 90
31 91
27 95
34 100
22 105
14 110
25 114
25 115
25 116
28 121
36 122
42
31 0
5 2
5 3
5 4
5 5
15 6
15 7
11 12
11 13
13 14
39 18
39 19
39 20
39 21
30 24
30 25
23 26
23 27
36 30
14 33
25 37
28 42
21 46
0 51
38 53
38 54
37 55
37 56
10 60
10 61
18 63
39 68
39 69
30 72
11 73
11 74
10 75
10 76
18 78
1 81
3 85
21 88
42
24 0
37 5
8 8
6 12
6 13
31 17
27 21
27 22
34 27
34 28
34 29
34 30
34 31
36 33
36 34
36 35
36 36
10 39
10 40
10 41
18 43
39 48
30 51
35 56
27 59
34 64
36 66
14 69
25 73
25 74
28 79
28 80
22 82
2 86
2 87
6 88
6 89
31 93
5 95
15 96
24 101
13 105
42
16 0
16 1
24 2
32 6
21 8
0 13
0 14
0 15
6 17
6 18
31 22
27 26
27 27
34 32
34 33
22 38
22 39
14 44
17 47
24 52
32 56
3 57
21 60
21 61
10 63
10 64
10 65
10 66
18 68
1 71
3 75
20 79
1 83
32 85
2 90
6 91
31 95
5 97
16 100
16 101
16 102
19 106
42
12 0
15 1
11 6
11 7
10 8
10 9
10 10
18 12
18 13
1 16
32 18
21 20
29 24
14 27
25 31
25 32
32 36
26 38
26 39
26 40
16 42
16 43
16 44
19 48
9 53
27 58
34 63
36 65
10 68
18 70
1 73
32 75
32 76
21 78
29 82
0 83
38 85
36 89
14 92
0 95
6 97
5 98
42
8 0
8 1
6 5
5 6
5 7
39 9
30 12
30 13
23 14
12 17
15 18
24 23
37 28
8 31
6 35
5 36
39 38
30 41
35 46
36 50
14 53
0 56
0 57
38 59
37 60
37 61
37 62
37 63
37 64
37 65
37 66
37 67
8 70
8 71
8 72
6 76
6 77
5 78
15 79
15 80
15 81
25 83
42
17 0
9 3
16 7
24 8
24 9
13 13
4 16
4 17
1 19
3 23
36 28
14 31
14 32
17 35
12 40
28 41
27 44
34 49
22 54
14 59
17 62
12 67
22 69
14 74
0 77
18 81
1 84
1 85
32 87
32 88
6 92
31 96
31 97
2 101
2 102
6 103
5 104
39 106
27 111
34 116
36 118
36 119
