100 100
82 0 20 122 4 14 63 79 0 12 109 112 50 122 0 77 92 0 0 38 103 57 0 27 110 95 23 44 68 23 5 70 0 79 91 100 64 48 0 17 0 59 0 0 0 62 109 2 106 53 79 99 64 0 0 33 58 73 0 95 114 30 100 7 76 114 104 2 0 105 0 121 78 0 67 0 77 54 20 35 46 39 71 0 69 53 0 33 5 0 35 0 3 86 36 74 99 51 0 34
121 52 32 63 48 6 98 77 39 121 0 0 24 29 36 30 64 64 44 123 72 30 58 108 29 10 74 82 121 15 121 29 70 89 0 61 68 118 32 47 38 21 2 31 36 47 96 115 55 102 46 37 32 44 39 25 84 0 54 44 103 63 11 32 0 40 0 31 48 44 125 31 81 40 33 106 9 56 0 45 76 32 0 84 43 125 34 108 56 19 54 118 9 15 35 93 104 50 31 0
111 66 38 86 56 35 107 62 85 11 109 121 76 15 18 61 30 88 27 45 68 66 117 83 30 119 125 109 116 45 54 110 65 31 13 49 68 51 26 93 11 55 29 44 85 37 30 118 102 82 0 116 69 40 84 40 112 70 60 67 111 73 40 22 78 46 87 51 56 70 59 40 114 20 25 74 66 64 71 116 30 65 111 55 40 2 109 62 35 73 117 38 7 14 19 22 53 56 19 124
96 92 29 85 22 103 59 0 96 0 33 22 92 49 57 65 116 56 109 76 95 120 48 72 92 43 122 109 83 18 0 7 35 105 89 36 113 80 0 91 33 55 1 115 22 96 16 62 78 79 0 109 83 42 68 3 20 62 35 8 118 61 33 95 44 71 50 49 27 93 27 16 36 105 90 21 86 77 19 73 73 91 94 106 42 8 113 34 89 46 59 25 91 104 14 20 52 69 103 13
91 25 118 23 28 49 63 7 6 104 62 63 116 3 7 29 64 100 12 43 30 43 114 38 66 52 122 54 92 104 93 17 33 56 80 48 107 15 52 9 64 89 63 26 54 35 74 118 67 21 61 121 30 108 38 97 13 92 16 51 80 21 124 12 39 61 120 7 77 62 123 81 96 50 0 36 22 3 84 81 61 6 11 13 79 89 56 83 37 90 85 56 29 67 15 71 56 11 81 15
6 27 72 13 46 9 14 108 50 22 93 120 59 123 17 15 0 81 62 125 52 22 0 7 88 75 33 39 116 33 114 94 118 71 65 114 78 90 102 118 70 75 68 115 6 116 82 88 96 113 76 73 54 15 58 35 66 6 33 12 93 111 43 22 103 60 37 101 114 59 74 49 15 111 96 125 81 37 0 37 76 97 74 78 33 83 86 1 124 102 54 43 63 23 77 0 104 109 28 67
62 124 82 124 38 68 64 78 25 1 99 82 61 9 86 45 100 75 60 37 55 42 86 97 84 86 0 31 7 119 63 28 14 115 45 58 5 90 84 32 65 13 0 73 81 37 65 62 117 3 74 94 40 100 114 56 113 86 0 63 82 112 4 66 114 123 39 0 32 32 71 89 74 107 43 44 107 58 100 82 9 123 23 26 36 58 78 6 0 76 60 83 53 100 0 4 96 19 21 73
55 67 108 53 35 43 59 119 57 32 67 104 16 38 62 101 123 16 27 3 0 124 72 7 5 80 101 20 84 73 87 0 66 2 75 76 5 19 51 46 26 68 80 107 12 87 120 113 77 8 99 5 116 3 19 122 62 81 22 27 17 40 98 23 104 77 67 27 37 52 34 43 76 84 20 16 120 125 32 59 15 59 9 82 33 23 89 121 1 99 47 44 54 1 39 44 42 64 56 84
40 0 42 95 92 122 78 9 0 7 112 86 101 45 105 105 0 39 5 115 0 98 116 116 36 29 120 92 33 0 117 16 72 31 86 62 55 0 70 0 33 0 102 66 46 7 38 13 27 2 36 0 29 0 120 119 21 118 45 71 113 97 0 20 64 8 0 88 106 68 0 23 25 122 85 117 27 77 34 0 1 7 84 9 19 7 109 115 0 108 31 0 4 60 88 98 125 109 16 0
88 36 43 36 27 40 109 5 65 21 103 0 83 68 106 7 56 86 8 25 11 107 95 14 29 1 33 88 104 31 105 116 98 92 38 87 53 2 21 60 105 16 123 86 9 66 119 59 69 106 111 66 101 2 99 17 92 14 0 115 107 70 57 69 106 92 6 48 49 26 84 57 33 54 15 68 62 2 16 90 81 62 48 51 36 25 84 120 34 41 7 120 124 54 69 27 39 60 93 107
80 52 84 3 19 60 69 124 45 94 38 44 79 5 80 86 2 104 62 63 15 117 0 25 40 53 0 0 8 125 19 0 39 53 81 22 32 53 116 63 19 2 105 42 83 47 120 0 33 117 87 105 118 75 94 104 68 77 30 97 11 88 48 124 22 88 10 20 114 79 75 71 72 60 27 50 19 33 17 20 60 53 40 34 19 119 79 58 73 45 28 9 28 123 8 20 61 124 124 67
50 27 63 43 44 121 22 47 2 0 29 35 6 31 103 8 120 10 34 76 120 118 46 20 84 83 121 1 100 105 88 41 63 1 54 12 104 8 118 78 118 62 68 0 27 109 46 0 81 107 2 88 97 69 61 90 115 78 86 122 29 120 28 9 112 31 58 46 72 99 122 59 36 68 40 59 48 28 26 80 32 44 121 61 70 54 99 6 65 0 108 80 11 6 13 62 0 50 6 61
79 48 26 82 10 28 0 121 15 75 8 124 119 125 98 76 108 16 36 83 118 101 0 71 108 89 40 45 81 102 51 121 64 51 98 119 60 77 12 92 62 86 31 28 37 78 38 51 91 43 11 113 114 9 123 60 8 63 108 60 66 72 93 95 96 57 19 15 110 109 123 111 28 50 49 106 22 114 91 111 53 76 85 29 35 56 0 55 102 116 12 76 73 34 25 78 78 93 25 71
117 98 51 90 27 0 109 103 16 45 33 89 84 0 70 116 3 116 0 91 95 25 14 59 114 21 71 95 108 34 5 23 106 27 42 21 23 103 116 4 35 124 94 78 41 104 16 62 17 123 122 97 50 50 18 111 106 113 123 124 111 106 85 54 90 6 96 23 55 105 46 60 84 72 24 58 118 109 58 81 117 73 107 122 64 23 55 16 30 73 21 91 73 52 28 5 11 26 68 98
108 67 64 101 119 89 75 92 103 43 104 82 34 43 29 43 92 99 28 21 39 35 119 2 4 111 77 46 109 56 77 119 14 85 8 50 108 57 108 35 103 2 11 70 118 99 86 51 7 80 2 11 80 5 56 78 105 38 91 88 11 124 121 46 28 14 49 77 59 54 44 89 78 107 41 65 66 53 79 86 99 43 18 70 53 44 29 54 0 104 47 114 29 108 82 76 23 114 42 118
53 22 69 0 30 0 52 0 116 27 90 18 28 86 105 98 3 83 0 107 0 36 36 0 113 44 49 0 85 0 53 0 24 9 116 20 28 0 37 0 0 0 124 0 0 65 0 93 83 20 104 5 0 0 113 35 0 17 50 57 92 72 25 5 80 35 67 98 52 0 39 0 100 94 108 0 16 65 81 72 73 5 22 73 105 99 96 123 32 0 0 0 110 89 85 111 44 0 0 80
118 8 100 22 7 83 58 90 59 0 50 8 66 54 50 82 9 119 29 123 11 71 14 50 58 41 59 59 19 74 25 30 53 48 0 86 0 90 89 75 74 82 68 119 80 24 4 94 66 61 0 4 6 19 101 75 1 24 0 18 21 16 0 12 88 87 37 0 28 77 36 40 96 121 54 0 116 49 73 31 121 81 93 111 110 42 121 37 123 0 73 94 51 55 19 123 1 106 114 60
104 96 101 40 91 0 111 47 69 104 22 0 79 0 110 98 101 0 82 0 112 39 0 76 14 100 59 94 104 55 120 56 75 99 78 104 97 97 83 110 90 89 114 48 32 72 12 6 118 0 3 58 124 109 116 70 48 27 41 16 69 121 78 39 45 0 85 97 56 27 124 109 69 18 34 73 38 81 58 119 0 113 48 24 5 55 9 114 64 45 73 98 0 120 80 120 108 5 28 82
121 4 0 71 102 36 72 103 80 4 34 91 17 29 71 66 124 93 5 19 74 110 0 105 48 1 30 50 101 0 96 110 99 55 25 60 13 123 87 112 67 14 104 0 35 117 96 0 119 56 73 0 17 75 101 1 109 65 17 86 18 56 97 60 27 91 50 75 25 113 53 119 26 14 28 79 48 102 29 97 17 35 119 44 124 34 45 94 103 73 86 112 56 89 18 0 121 38 8 18
3 55 41 50 36 90 39 96 120 107 0 13 105 66 56 41 83 76 96 26 81 21 30 36 90 14 20 30 63 30 103 7 45 0 11 116 108 54 111 35 39 107 104 0 52 48 49 68 42 106 0 13 51 0 54 77 92 98 70 91 0 110 62 36 71 76 10 75 90 8 44 83 125 124 30 107 100 28 89 9 121 49 4 109 0 90 84 82 5 62 70 94 97 27 99 0 124 84 122 0
101 2 0 66 42 90 98 65 28 72 70 44 56 77 101 97 71 29 24 17 87 30 93 106 35 5 21 5 53 56 76 21 4 123 62 59 112 68 67 23 79 113 19 113 42 49 68 76 79 112 48 46 95 83 11 119 74 105 1 48 62 105 122 2 92 109 43 59 31 94 117 123 7 5 103 91 99 111 18 103 37 90 115 77 67 16 120 69 119 108 55 59 76 63 51 89 54 9 35 43
0 0 37 115 3 19 14 116 71 1 24 101 49 12 121 79 59 15 31 29 101 47 12 104 3 60 37 3 0 24 94 89 40 18 108 91 112 69 0 28 9 16 20 10 0 68 90 109 67 48 0 23 32 1 42 103 72 93 108 81 81 4 0 13 17 84 71 47 82 97 101 18 63 39 84 77 23 50 123 125 38 93 0 118 0 117 73 74 65 50 119 0 18 0 24 60 0 80 115 11
48 86 31 68 66 5 77 53 101 54 2 0 78 55 6 26 121 93 110 84 109 12 4 24 46 0 25 50 101 83 77 108 88 0 21 56 36 105 88 8 93 89 80 85 124 37 108 97 4 6 80 57 54 87 42 49 100 85 100 87 69 51 108 96 93 0 75 31 3 97 104 15 51 31 15 26 35 17 101 65 25 113 42 18 38 16 39 39 113 3 93 83 119 5 96 34 82 105 90 44
122 0 72 97 99 109 30 39 17 48 12 119 52 96 99 71 46 14 75 76 49 53 11 13 46 45 18 0 107 65 118 40 15 41 76 111 102 68 33 84 11 87 11 7 13 24 34 52 11 86 71 18 59 54 124 51 79 121 32 89 74 1 32 125 74 45 99 105 83 19 63 105 107 41 71 0 0 118 100 20 109 5 1 122 102 0 79 100 11 81 13 4 83 41 50 69 85 50 70 36
63 74 41 117 89 39 81 88 107 11 118 82 0 61 46 71 52 25 38 86 10 32 32 33 78 64 95 0 5 61 2 45 96 30 86 114 48 65 93 61 117 98 80 120 37 0 36 106 63 48 5 82 106 116 99 40 47 51 34 45 79 41 38 44 79 35 42 26 33 122 66 92 60 77 75 88 27 110 98 3 6 86 62 88 49 90 91 14 44 117 63 101 112 30 10 34 74 110 41 80
38 61 121 76 74 88 7 0 83 32 31 31 106 0 113 66 16 92 0 83 4 60 10 26 108 70 88 50 101 38 96 72 7 5 17 66 123 41 10 22 23 109 0 95 84 0 112 24 41 37 21 79 87 63 65 17 66 0 81 97 38 0 36 45 80 69 122 57 66 65 54 53 28 92 86 11 9 87 65 121 41 44 70 103 1 86 31 114 12 89 34 50 85 112 62 59 60 41 0 58
0 51 8 0 94 14 28 81 25 75 69 20 69 85 91 33 0 84 61 5 94 0 55 77 50 123 84 36 102 121 117 16 78 52 118 94 22 20 78 72 89 14 76 98 80 69 37 89 38 63 59 49 89 11 106 30 0 102 6 52 48 123 13 98 12 0 125 41 118 20 53 56 16 56 15 102 10 57 64 35 98 90 90 84 0 2 55 118 0 77 6 45 87 110 21 33 12 35 8 125
20 77 73 39 19 84 46 51 59 115 42 14 78 68 114 45 53 30 44 45 58 108 23 11 34 16 12 115 2 73 87 111 125 2 39 112 13 24 89 66 4 23 56 82 28 16 47 75 119 74 29 112 36 46 36 96 124 120 86 34 123 119 122 81 32 88 29 76 88 61 92 79 66 12 51 47 67 24 89 108 87 19 69 19 86 31 110 41 118 100 34 92 24 52 27 82 110 122 10 0
61 35 69 29 2 53 1 75 16 35 66 31 97 42 51 3 81 24 37 116 14 29 5 4 85 29 112 25 67 47 18 57 113 1 52 98 72 39 17 33 30 102 11 93 80 65 104 83 47 71 87 28 72 121 13 113 67 75 91 118 6 119 65 21 122 34 43 98 16 44 93 1 116 36 90 91 11 40 5 50 109 64 65 114 68 0 108 8 24 81 44 14 17 125 105 8 10 55 55 92
118 91 73 122 88 98 10 59 63 78 46 34 20 49 79 75 13 80 54 25 39 99 71 0 108 13 0 24 39 113 103 32 50 104 87 58 98 40 88 79 76 5 125 62 21 35 63 52 19 23 58 17 114 46 79 14 66 43 107 68 105 22 60 101 47 103 45 35 95 69 58 93 57 2 100 89 12 13 50 43 70 108 103 11 104 36 52 64 82 38 44 110 91 44 75 39 40 19 104 71
98 52 12 54 28 101 53 62 43 103 60 111 51 20 76 72 84 112 12 118 96 84 109 48 86 64 4 84 59 63 61 76 88 63 30 105 81 9 44 31 121 62 108 0 34 109 31 70 83 41 88 58 72 120 69 94 15 15 10 94 64 105 20 29 99 23 33 116 65 74 71 75 93 1 26 86 109 119 118 49 90 79 70 75 21 26 9 114 91 118 104 94 88 11 1 83 46 43 115 31
49 54 77 87 90 16 88 83 0 23 95 37 0 33 21 42 57 53 87 25 69 121 0 101 77 98 29 48 84 101 78 84 98 60 24 0 114 0 85 111 52 16 60 75 11 6 113 99 90 120 100 63 3 59 88 82 12 8 38 0 62 96 83 101 93 107 101 90 53 63 34 25 43 46 86 0 96 42 112 70 66 73 0 57 113 2 40 9 84 99 99 17 81 0 118 74 25 92 120 79
43 0 102 33 74 125 11 24 117 45 39 44 29 89 39 0 64 117 71 23 92 81 0 107 85 65 107 5 34 20 101 122 96 31 55 1 92 125 54 53 125 5 55 24 77 28 65 84 3 43 58 71 23 115 7 12 75 78 50 108 97 28 40 7 47 0 110 102 16 94 111 73 17 33 29 63 2 96 8 117 78 0 3 0 119 0 35 63 14 27 0 47 0 11 88 53 111 5 83 32
17 54 35 50 41 125 60 2 75 16 39 92 98 76 59 39 0 43 117 97 46 100 39 123 69 75 76 24 113 70 51 106 24 6 19 28 29 26 12 77 93 25 15 90 19 67 46 72 96 51 3 0 24 104 100 11 19 113 95 102 103 85 46 122 77 65 36 79 98 75 107 99 18 25 48 12 56 73 0 117 105 92 41 85 42 31 39 7 117 27 125 17 63 114 88 43 70 108 40 29
18 12 110 49 84 86 6 102 79 90 114 63 26 122 90 110 117 55 111 122 11 111 43 62 54 15 39 101 0 105 80 31 95 97 114 24 111 36 38 5 104 121 113 91 65 77 113 6 21 54 63 46 67 82 39 63 114 69 58 51 45 102 73 78 9 16 71 74 122 67 47 40 72 93 65 79 77 43 98 10 20 25 4 33 75 29 65 73 30 125 117 91 116 91 90 49 80 24 77 36
82 73 39 90 26 106 95 66 7 78 69 104 47 30 95 122 91 101 6 108 46 18 89 7 73 39 16 1 89 54 53 81 44 17 32 93 124 28 1 50 75 38 41 114 7 118 62 121 121 5 50 105 58 0 22 66 63 87 104 51 63 101 80 109 68 110 112 49 122 5 97 83 5 0 31 101 101 41 113 14 113 116 84 108 0 121 18 113 40 114 63 14 39 40 62 0 119 64 72 40
63 23 27 78 73 122 103 48 56 102 94 18 111 120 4 61 83 95 71 106 43 96 53 57 91 96 104 88 110 2 22 95 112 99 12 41 93 109 19 85 89 72 109 14 66 0 87 107 8 48 77 7 116 67 94 64 54 74 90 93 22 81 100 73 50 121 4 75 102 0 45 11 8 49 118 93 120 15 72 82 81 30 99 101 16 8 36 38 87 21 0 71 1 47 41 80 29 84 75 29
99 56 16 112 84 3 50 18 66 57 78 58 119 24 104 124 50 107 74 107 27 76 38 59 11 89 54 41 58 54 91 68 36 101 57 101 115 24 5 62 16 10 65 109 27 51 40 97 31 100 53 29 88 71 4 1 77 26 52 18 70 75 50 100 64 41 83 7 79 51 112 25 6 0 79 31 117 6 14 111 64 112 100 37 47 43 63 104 91 10 17 79 100 112 72 61 82 56 70 49
78 0 64 27 25 49 52 69 106 62 21 52 104 81 24 17 48 107 71 91 55 84 124 91 98 50 115 95 39 4 77 56 122 82 37 124 122 51 70 6 15 31 102 121 14 97 22 106 44 28 94 52 74 23 71 60 55 125 83 103 102 61 98 71 72 91 60 77 123 92 85 95 13 45 36 114 122 75 109 52 54 73 33 14 14 59 11 93 110 125 96 109 79 109 92 58 22 8 61 16
66 28 25 27 43 107 59 7 0 124 76 102 85 73 39 27 118 18 44 10 46 65 83 47 46 0 11 4 114 27 114 75 75 59 14 47 43 0 61 125 1 0 0 8 0 46 29 98 64 33 0 99 80 59 5 27 18 117 67 46 64 78 82 86 117 0 98 59 0 34 59 0 3 18 92 63 84 31 0 125 74 64 110 118 12 0 78 22 87 35 92 0 38 95 91 0 22 86 6 0
49 96 5 104 96 103 125 47 29 50 19 103 50 29 35 125 0 0 17 111 0 0 120 79 3 40 64 117 91 0 44 0 100 89 66 0 61 122 114 22 50 2 38 66 76 100 116 11 0 122 44 111 24 70 122 112 0 28 110 22 104 66 27 108 104 109 0 68 80 85 33 81 84 0 0 28 83 83 54 10 72 11 118 38 12 76 77 28 9 45 106 70 32 100 0 44 67 53 1 14
80 114 113 86 5 104 41 97 73 39 5 109 1 15 57 84 30 72 1 86 2 96 69 115 120 117 104 113 65 0 74 122 121 13 25 9 30 35 0 66 22 54 67 0 118 47 0 40 0 17 8 123 96 40 0 12 4 56 26 4 0 78 71 0 25 42 76 107 72 102 66 73 85 30 23 22 107 51 80 15 8 123 21 50 29 44 0 112 36 35 90 102 79 115 26 14 92 4 96 80
71 5 84 16 110 90 101 66 60 92 8 46 76 49 67 124 99 99 15 73 106 80 82 89 69 37 82 67 117 88 61 77 124 21 64 119 38 103 115 81 118 44 44 78 71 44 84 72 27 56 110 60 60 83 80 17 54 70 27 120 20 17 83 17 28 66 118 68 3 81 55 71 92 121 101 79 9 45 69 115 85 66 15 79 43 85 55 53 48 0 0 109 45 66 36 0 78 5 67 110
111 25 119 56 4 21 82 53 19 121 85 116 60 79 63 88 36 50 95 92 55 57 63 52 92 85 0 80 79 46 42 20 40 117 3 25 4 36 77 18 52 79 82 92 119 98 71 118 88 27 52 5 25 124 84 50 114 122 23 108 45 67 18 120 104 83 41 48 100 62 55 56 73 38 75 113 4 51 3 45 119 59 90 47 32 13 81 125 57 54 109 6 74 85 43 18 64 28 82 31
2 37 44 24 106 38 36 69 0 36 101 105 82 48 84 35 6 83 44 51 66 5 81 9 19 110 92 109 42 66 18 16 110 13 0 11 31 34 74 32 121 101 76 34 0 54 19 2 97 18 35 78 1 33 71 32 13 74 29 53 81 53 123 11 41 3 55 43 72 115 93 10 0 0 10 110 80 63 22 17 0 80 68 2 66 85 57 97 2 53 25 50 124 117 7 52 77 97 56 55
66 93 104 14 47 100 105 9 115 64 108 0 26 111 58 96 94 50 0 0 0 122 94 0 23 93 0 15 2 15 15 73 29 7 70 92 106 0 41 71 104 72 17 79 22 38 21 28 5 32 53 24 59 81 49 100 12 84 33 41 89 0 38 102 80 48 55 56 33 64 51 13 51 28 41 79 89 33 124 61 0 0 43 121 38 12 6 5 96 55 0 87 15 0 106 5 2 43 0 80
30 41 75 72 0 50 36 2 9 30 42 50 51 105 0 6 71 122 40 40 15 12 12 108 117 13 37 14 22 119 115 1 54 20 26 90 0 79 59 14 3 112 17 66 45 95 64 80 93 118 74 124 12 67 121 10 30 46 108 36 100 0 118 74 89 90 54 55 109 104 8 88 118 90 102 72 81 44 35 21 10 59 34 8 0 45 11 12 61 106 0 20 106 0 115 89 28 11 0 0
15 96 23 13 71 104 96 17 28 82 75 90 110 6 104 49 51 77 0 67 73 24 52 10 60 95 86 18 15 41 78 7 1 109 23 20 0 97 10 24 80 16 110 11 12 30 119 20 85 113 49 125 30 37 109 32 61 11 26 110 35 14 25 103 67 76 72 45 64 65 51 75 80 87 58 105 44 0 82 77 29 23 72 37 26 61 124 60 80 77 2 103 9 41 104 124 115 99 73 61
100 64 35 33 102 99 107 94 83 121 116 66 73 87 51 44 94 97 101 69 86 23 99 18 90 10 107 49 63 105 115 104 97 102 5 85 100 45 96 87 0 57 93 63 84 103 107 105 93 111 84 73 94 2 20 17 15 118 33 107 28 54 119 95 59 20 14 76 60 57 83 68 57 8 13 116 97 79 65 34 41 6 71 24 76 27 27 123 106 30 0 29 124 71 70 111 32 114 87 79
33 34 60 114 35 79 115 19 0 43 80 99 72 31 23 14 106 0 72 121 0 5 1 8 27 125 87 121 0 41 27 115 0 78 111 38 0 67 119 120 84 32 11 21 69 4 0 97 32 22 0 76 26 84 64 66 94 100 105 27 0 30 0 93 45 0 97 48 100 71 86 88 92 122 92 115 14 97 89 9 32 2 120 61 79 83 48 104 92 1 76 13 39 3 119 20 99 45 63 118
3 79 51 123 58 98 82 110 61 1 6 63 86 70 114 63 15 117 117 115 97 39 71 30 0 40 59 7 107 8 19 78 49 59 18 62 43 3 42 98 35 117 123 78 50 79 87 80 96 44 28 46 45 37 49 66 27 50 71 72 13 22 24 92 56 50 58 36 52 52 20 106 37 9 64 119 6 0 125 112 59 104 32 84 60 122 18 62 60 92 107 34 91 114 52 12 92 92 72 60
113 9 39 0 24 17 21 47 58 4 75 96 2 59 117 9 8 75 118 11 73 34 30 85 101 27 121 109 4 50 26 121 41 117 55 101 114 21 115 124 3 108 64 68 81 19 125 96 53 49 119 43 125 64 47 104 45 79 53 48 33 58 45 0 83 55 0 110 39 51 14 109 62 90 28 13 0 42 15 40 0 43 106 92 11 48 121 103 125 78 89 49 120 105 28 75 94 6 110 33
66 0 31 69 46 39 87 0 25 53 64 0 80 24 121 0 34 72 39 0 29 125 64 121 21 100 48 71 43 109 110 87 101 45 1 25 43 0 125 29 86 0 115 72 114 0 0 91 58 0 10 71 114 6 113 113 70 74 122 91 25 0 0 71 54 93 25 56 16 92 104 22 103 92 107 18 2 111 32 37 75 67 50 109 71 49 77 18 101 67 72 25 81 17 93 44 18 82 124 84
125 0 0 108 0 46 36 54 101 122 0 50 67 50 11 111 14 43 0 54 79 31 94 41 0 107 114 58 0 0 75 0 93 95 51 109 45 0 29 86 27 113 0 124 44 43 31 75 0 27 12 94 58 14 72 84 53 38 106 35 53 76 0 0 25 0 21 26 24 84 9 0 84 0 87 12 68 118 110 74 0 17 12 102 0 0 53 99 11 82 57 46 27 0 65 65 0 0 39 48
8 17 61 53 118 15 61 3 36 116 84 10 2 19 120 38 44 108 33 117 117 73 112 5 0 12 77 43 17 15 6 0 40 66 5 69 108 78 59 2 32 21 117 68 77 110 98 25 98 104 76 14 16 97 55 119 23 101 124 0 55 33 122 5 16 39 0 78 37 94 31 76 96 75 72 15 81 121 92 64 49 9 114 88 95 34 0 6 64 50 55 20 116 27 30 2 14 87 58 81
109 101 6 10 48 11 120 51 93 0 58 14 83 64 106 74 70 63 48 68 71 101 25 97 28 110 123 27 0 61 114 38 38 39 94 117 0 80 37 27 20 24 55 116 124 84 76 79 3 68 51 108 44 35 8 18 106 63 121 107 36 104 0 60 26 0 30 94 109 113 92 26 100 0 0 84 76 42 109 124 116 5 4 52 7 37 70 0 114 19 0 16 67 46 121 4 20 117 0 93
75 43 79 118 30 77 112 27 73 100 52 40 58 3 112 51 113 56 101 81 114 80 63 75 50 8 11 70 72 18 115 69 15 98 49 56 85 50 66 61 93 0 9 6 31 48 0 77 24 84 8 62 70 50 47 99 79 12 52 4 115 56 118 21 94 60 36 82 52 75 112 104 22 40 105 117 19 17 66 71 40 34 105 81 79 46 14 2 58 58 94 29 14 83 25 37 43 33 119 1
95 76 0 12 124 93 56 48 27 92 67 118 32 31 123 9 118 100 69 120 16 17 16 58 0 87 24 1 11 95 29 25 72 91 48 55 59 98 54 92 111 12 120 49 39 38 0 23 1 31 70 45 81 124 113 96 124 91 89 5 109 78 21 93 49 111 12 30 41 24 22 69 82 63 66 115 64 104 119 69 20 80 106 89 90 100 105 13 115 108 17 10 106 44 77 6 24 28 0 55
0 2 38 0 67 28 89 41 26 59 117 119 88 20 61 61 98 117 83 3 73 31 64 0 16 122 53 109 106 61 30 12 119 34 35 45 54 31 0 27 65 44 25 3 53 122 122 0 0 77 20 0 29 114 116 120 55 45 0 8 49 37 95 89 124 120 6 69 47 94 64 0 26 122 96 12 72 118 38 63 119 0 47 26 0 117 11 22 8 124 57 72 44 56 48 40 0 70 2 74
85 71 22 105 2 4 15 119 99 50 0 107 7 56 122 120 2 65 93 99 61 58 112 0 25 0 28 34 87 91 60 36 10 54 79 35 5 82 125 52 65 0 88 56 68 59 3 72 59 46 81 118 38 26 57 40 38 115 45 125 106 19 23 84 64 0 104 105 104 97 79 88 61 22 110 32 106 76 51 73 106 0 108 88 108 123 73 93 24 21 24 60 38 42 68 35 43 17 54 25
104 2 78 94 8 6 5 75 29 121 10 69 105 74 116 82 110 119 61 15 109 75 91 17 21 18 40 8 60 99 35 2 49 31 105 16 42 8 6 67 12 81 109 0 33 0 28 107 80 101 94 80 17 19 67 24 65 84 125 50 53 8 101 93 53 4 76 91 6 65 21 12 115 62 5 23 79 54 84 111 26 119 26 120 109 95 51 100 86 19 41 41 72 107 24 21 103 68 120 103
120 55 66 85 103 29 40 28 104 48 124 11 82 109 7 52 107 68 76 107 80 10 89 57 115 57 27 54 41 65 66 91 6 96 116 70 79 20 64 67 102 78 28 114 77 77 40 24 8 77 121 26 30 29 14 43 40 41 43 62 27 60 102 96 65 78 99 43 60 92 79 114 7 53 44 46 40 11 30 42 123 53 66 72 86 25 17 30 55 96 7 10 31 5 41 0 60 28 13 61
27 55 84 67 109 120 9 0 74 19 3 32 44 116 102 122 69 30 0 0 80 79 0 75 74 38 0 16 99 10 0 81 104 76 49 8 74 33 115 40 125 0 28 17 78 67 109 95 75 64 84 121 83 16 47 35 18 73 33 36 104 111 5 12 15 117 0 0 58 124 60 42 23 35 79 18 0 48 36 12 79 0 22 125 28 0 118 74 0 75 57 95 97 112 1 0 62 15 78 119
89 32 82 53 84 22 47 63 69 62 75 115 99 0 60 50 98 92 76 87 25 92 87 47 90 22 64 33 75 100 74 0 34 125 65 121 40 56 25 102 70 0 51 15 33 20 8 92 111 4 115 113 91 88 61 94 125 50 2 53 90 81 36 30 25 7 68 35 31 0 71 3 123 47 2 38 116 87 64 78 113 74 113 111 108 60 0 68 21 40 52 96 10 56 48 51 13 36 105 46
47 74 104 71 20 0 1 94 79 43 51 76 28 85 26 91 55 105 38 84 102 121 13 125 78 74 50 122 78 70 90 105 105 34 58 81 101 70 96 9 123 114 79 1 98 66 33 88 2 114 71 94 34 60 98 82 64 73 0 87 116 7 107 1 83 40 101 36 67 82 51 5 77 50 21 117 117 13 105 93 23 13 26 14 59 81 87 59 75 72 93 47 59 52 33 106 115 83 23 10
46 9 123 115 120 14 50 123 10 87 91 37 44 82 50 85 12 17 108 43 88 83 89 66 91 79 116 0 104 3 81 108 95 13 115 99 0 94 64 101 63 24 59 114 108 46 74 57 41 94 102 88 63 8 84 36 2 114 0 50 93 96 42 99 74 0 78 68 0 24 42 100 62 18 122 99 31 0 117 0 31 85 101 107 80 107 118 39 92 107 68 20 110 65 102 54 0 19 110 23
47 27 22 105 4 124 9 111 111 115 93 5 125 112 7 10 64 0 5 38 94 20 44 92 0 13 1 92 96 56 65 41 2 27 101 117 100 79 88 5 123 9 24 86 88 96 52 52 100 48 114 122 120 29 4 53 59 57 86 39 9 29 23 76 0 87 46 6 42 46 99 11 110 70 118 105 40 60 60 39 110 34 17 3 0 111 122 67 101 117 87 104 112 24 92 2 74 2 97 114
74 113 65 8 11 59 44 26 108 21 80 20 12 102 71 0 78 20 76 98 0 5 22 0 15 79 68 97 97 22 81 67 45 12 86 0 60 14 61 48 12 15 0 25 0 116 80 106 41 80 0 44 2 46 53 31 39 24 25 6 112 5 27 108 91 65 114 55 61 67 0 19 103 78 0 79 98 39 94 0 70 56 27 118 112 14 0 115 76 27 107 29 105 5 108 0 74 60 0 102
6 5 112 9 26 117 117 23 68 99 21 70 85 51 0 41 65 49 55 10 52 65 41 73 24 46 98 73 105 95 31 88 19 67 75 5 17 106 79 33 52 54 107 50 0 46 77 111 83 65 42 42 117 83 118 109 58 44 62 110 54 48 36 117 113 97 77 104 89 24 0 51 117 120 87 63 114 44 17 6 27 63 28 9 14 52 88 116 42 121 57 6 74 94 40 75 37 27 39 95
88 87 11 10 58 1 37 73 91 119 47 89 77 93 46 116 34 118 73 9 52 53 12 51 16 52 101 109 2 23 118 102 106 96 38 31 22 80 74 15 43 63 113 42 107 65 39 59 82 58 0 118 68 35 113 54 57 83 55 6 46 2 13 100 109 108 121 37 70 110 25 66 2 84 73 48 121 95 74 106 53 31 44 6 67 112 16 11 111 105 0 115 20 43 94 121 105 11 48 2
3 104 84 93 59 107 18 58 4 75 41 95 0 28 85 111 60 94 20 21 65 44 125 89 104 10 0 107 40 22 114 49 104 81 49 2 7 60 39 68 13 117 118 82 47 85 45 62 12 46 96 94 17 47 32 120 87 97 36 13 45 105 4 19 49 0 76 90 0 122 79 77 74 6 119 77 20 37 79 78 80 89 11 96 60 25 109 116 53 3 25 64 0 5 29 105 95 50 76 24
87 28 23 3 103 121 112 23 114 121 8 0 105 26 77 93 112 44 35 46 117 124 55 124 110 102 18 87 1 38 55 114 10 28 43 92 119 89 32 11 64 87 82 102 61 121 32 112 17 54 92 91 122 44 62 116 59 59 125 64 125 111 24 45 29 101 28 66 80 17 25 9 12 53 77 85 109 21 73 112 117 81 29 92 5 46 115 116 67 92 62 100 8 50 32 15 57 79 26 35
18 61 3 122 16 30 10 83 94 91 33 18 111 37 64 82 118 40 9 40 96 65 71 95 91 22 109 101 42 17 8 105 55 79 124 29 38 106 24 37 92 64 122 17 96 121 7 123 15 64 12 122 52 25 118 121 95 111 120 50 25 72 123 102 75 84 52 10 85 74 51 118 8 107 11 62 44 7 46 22 0 103 70 119 43 13 61 125 0 50 35 108 122 125 100 92 46 40 115 62
82 10 36 44 0 37 75 115 24 38 102 47 12 102 6 28 25 49 96 121 4 0 0 53 74 5 115 87 2 41 85 97 51 107 119 58 93 56 52 59 107 29 27 46 24 77 50 12 116 119 112 4 98 48 39 6 93 96 32 67 69 59 115 85 51 64 22 52 119 60 35 104 0 25 123 98 73 115 67 21 24 46 19 38 28 0 69 11 9 80 70 30 117 40 24 78 40 1 124 16
68 29 67 48 79 72 71 75 48 11 62 44 0 86 0 33 62 100 118 42 66 41 15 20 27 21 78 121 107 33 0 103 41 21 78 40 125 87 72 85 37 63 120 75 68 0 0 0 94 0 57 28 110 84 102 44 101 104 32 5 29 41 100 8 125 49 116 100 66 47 6 0 55 0 23 35 35 18 67 39 89 28 87 82 0 72 109 43 39 121 20 103 0 104 123 21 112 88 71 51
12 60 48 82 56 11 105 76 125 80 36 33 68 107 14 99 0 43 34 94 66 11 75 102 72 24 75 82 14 112 103 0 39 34 94 93 105 86 86 123 35 0 55 58 27 8 26 36 46 73 48 5 68 14 0 59 86 81 111 68 47 58 112 84 49 75 103 62 113 40 74 78 62 104 116 50 88 0 22 112 24 82 99 29 92 39 8 58 46 56 125 61 71 121 116 7 67 6 5 113
44 55 4 62 30 3 57 90 78 54 10 20 48 16 94 89 54 52 7 90 40 4 56 92 61 45 61 67 4 2 14 95 75 14 30 89 111 73 74 57 86 108 31 121 54 35 18 89 44 36 81 40 99 125 23 45 15 0 114 89 59 66 23 53 56 16 78 0 13 60 91 85 1 107 44 73 14 95 82 20 109 104 22 96 35 43 78 44 15 38 47 113 2 36 25 106 108 75 17 39
64 61 0 109 93 106 0 68 0 43 0 59 0 41 120 32 122 108 95 0 76 22 67 111 0 0 0 32 0 0 68 0 0 0 107 83 40 116 48 86 1 0 0 0 77 65 52 47 64 70 94 0 46 75 0 0 79 0 0 51 12 0 0 79 0 33 87 0 55 0 52 27 80 0 89 68 94 101 119 5 0 0 99 0 97 0 112 0 2 92 18 25 0 80 0 0 14 92 63 3
26 93 11 38 25 80 109 93 108 99 72 33 124 39 91 58 44 85 79 36 26 101 82 9 113 14 109 88 64 16 0 108 71 57 9 37 24 49 119 44 124 12 98 19 118 67 55 90 106 9 115 4 125 118 56 41 43 47 15 9 106 0 122 2 72 110 40 25 6 30 47 91 35 35 82 37 3 124 28 33 103 49 33 107 118 71 88 46 74 90 40 90 74 108 53 9 44 3 31 27
119 92 15 29 43 116 47 27 3 20 109 50 29 111 20 90 9 125 123 81 90 102 104 77 95 41 54 49 117 115 89 68 80 28 25 44 43 17 116 4 6 56 85 19 86 59 54 67 103 49 44 112 36 120 17 49 30 75 97 82 25 108 78 22 26 54 57 78 73 104 111 115 3 87 0 60 113 73 70 48 82 123 26 33 103 115 52 107 64 103 21 86 113 65 85 12 23 71 10 102
115 61 117 29 69 49 76 75 31 6 92 47 28 116 86 91 9 23 86 91 2 60 91 39 86 111 62 7 73 44 123 57 37 59 19 14 123 2 30 97 76 102 109 104 5 112 23 100 26 94 123 95 50 18 6 86 83 85 42 39 58 113 125 41 41 121 68 65 5 86 79 81 44 42 13 38 55 119 11 99 39 58 95 120 121 0 83 62 85 70 113 89 1 20 85 0 38 110 30 71
73 99 67 121 73 103 6 64 74 66 1 30 92 55 7 99 84 97 43 41 36 44 114 89 0 79 100 110 114 119 116 116 21 80 55 68 13 65 19 109 54 55 18 70 37 59 38 66 61 53 35 69 3 46 41 33 93 51 101 57 2 24 117 33 110 104 4 85 17 0 76 32 48 75 13 47 81 24 54 77 90 38 62 112 27 68 60 13 53 77 0 33 6 63 93 119 35 82 5 94
5 67 88 103 20 92 12 46 89 19 66 117 23 0 98 53 16 80 48 110 4 82 81 34 51 89 103 48 102 44 63 48 0 101 18 0 11 54 102 53 52 119 38 61 106 120 96 0 5 75 86 90 19 0 27 3 23 71 3 82 107 85 82 57 76 120 10 115 22 89 18 119 122 123 123 36 118 6 85 5 54 80 81 10 62 111 7 99 27 0 18 0 0 88 95 34 40 18 10 71
47 54 7 10 94 59 125 43 40 74 0 71 63 75 78 55 35 0 50 36 38 56 73 65 47 114 120 113 30 1 61 33 19 106 0 70 93 50 87 123 18 83 19 73 102 102 18 83 107 6 56 0 17 101 22 116 40 31 105 51 27 21 101 59 53 43 121 31 19 123 124 102 45 103 61 125 55 74 31 12 68 19 1 106 38 14 24 70 96 113 58 65 15 95 98 123 106 41 50 117
44 4 118 0 11 27 0 21 80 14 0 75 110 21 0 70 0 123 0 23 0 0 96 80 114 48 3 108 0 101 94 41 72 83 72 43 32 6 1 0 25 65 119 53 118 0 0 65 67 0 16 81 90 24 98 0 80 64 0 118 21 0 93 89 35 35 121 0 41 87 75 16 0 107 115 117 50 15 31 31 0 45 4 25 55 67 105 80 45 0 15 0 62 51 24 0 0 62 61 22
94 75 105 111 2 26 97 59 57 0 49 25 27 102 61 92 1 96 53 21 49 15 30 83 80 30 61 14 77 11 0 34 74 115 110 13 0 124 4 2 113 103 0 49 41 110 42 27 115 16 89 25 104 80 71 44 10 85 0 53 0 74 106 112 0 2 57 29 66 30 59 29 92 6 71 86 85 66 6 35 69 5 71 125 125 84 17 98 73 78 101 45 0 1 63 33 87 43 48 45
107 74 0 32 91 51 0 16 116 69 83 0 85 15 108 1 32 84 7 37 62 5 92 61 46 120 100 44 26 9 7 24 81 67 64 84 78 103 52 49 0 6 125 124 62 40 43 123 5 14 60 68 0 115 0 73 72 73 0 15 65 115 30 34 110 72 108 52 101 106 2 36 90 9 125 39 21 55 0 109 58 82 85 0 38 55 58 31 76 52 101 0 4 78 12 86 1 98 18 0
22 67 19 26 43 92 82 68 32 113 71 117 58 30 59 14 30 78 117 99 36 30 99 84 43 29 0 124 123 124 1 19 10 101 13 67 85 69 82 91 10 36 56 81 100 111 117 17 61 55 22 110 74 13 58 102 76 64 123 99 110 1 75 19 53 72 100 0 100 93 125 72 64 66 0 104 47 72 0 42 111 41 35 8 81 34 32 77 91 55 69 109 118 120 87 14 118 63 70 81
5 35 51 104 65 109 95 95 88 108 52 13 97 120 117 107 1 4 92 98 90 18 85 101 80 37 49 43 46 0 56 0 24 58 68 1 10 0 41 35 73 38 42 79 115 64 63 11 66 115 89 90 112 38 60 25 123 0 77 33 81 0 122 58 92 79 53 121 23 42 17 99 32 63 0 12 59 43 37 98 121 58 32 70 0 111 117 70 71 120 39 124 0 50 115 72 0 75 32 59
54 115 52 31 0 23 27 17 81 75 7 26 95 83 86 38 124 57 32 85 46 39 46 0 0 94 0 0 21 0 62 22 4 0 1 97 5 0 9 65 20 75 1 72 38 31 95 0 9 15 12 26 111 0 66 17 10 9 67 48 35 64 0 117 18 60 71 26 89 40 99 51 113 0 100 92 42 80 0 0 46 18 0 24 116 33 101 1 6 26 84 24 0 90 88 80 18 78 120 24
0 105 12 77 31 121 37 8 26 123 64 109 81 45 33 65 68 72 109 93 75 14 67 81 25 61 30 51 8 69 67 23 91 90 52 53 19 7 8 102 77 80 74 45 106 61 75 34 107 28 116 6 80 113 82 54 108 72 45 118 96 7 14 59 69 6 113 14 72 105 77 95 107 84 78 54 125 112 87 72 97 31 97 9 121 41 71 48 116 9 121 80 0 91 60 123 119 118 36 34
19 98 122 50 2 112 89 1 99 70 15 112 124 5 29 21 10 16 95 103 33 117 0 112 10 81 104 46 82 107 11 99 59 6 81 87 118 44 111 96 35 115 85 85 51 26 100 0 119 4 58 51 103 87 96 0 77 73 52 30 84 14 47 0 105 86 110 69 41 109 41 104 88 0 0 0 51 98 97 72 33 82 24 109 54 115 11 87 76 83 56 124 18 67 83 1 21 62 123 123
16 96 114 117 88 115 3 31 124 18 2 104 95 117 50 122 112 41 48 121 123 12 105 29 24 65 33 1 0 77 25 18 98 46 21 124 102 40 37 19 78 95 74 4 38 38 90 18 90 25 15 90 31 0 27 120 34 70 105 48 106 38 21 54 9 25 26 111 93 115 62 25 115 101 27 114 37 15 66 22 44 23 18 0 77 109 37 70 26 61 0 111 4 50 43 79 0 125 2 82
30 122 62 82 30 51 36 47 69 120 62 73 10 20 63 21 61 75 37 88 37 25 94 41 122 75 107 55 125 111 69 1 68 59 45 104 40 92 37 119 5 81 66 7 57 56 83 125 93 85 45 80 30 70 4 68 114 14 125 95 112 93 57 41 78 34 40 0 33 26 68 116 51 119 65 55 99 64 74 92 120 4 38 122 50 35 95 1 18 67 38 2 124 22 52 73 19 83 65 43
8 109 79 113 6 39 68 15 69 88 12 14 84 39 120 19 56 77 91 3 94 13 118 17 17 120 69 106 79 89 61 13 23 117 65 15 119 99 43 4 33 70 91 111 19 24 69 111 75 22 95 97 75 16 46 123 112 103 93 120 0 28 76 123 8 41 115 97 31 30 24 2 76 114 63 32 49 88 68 65 15 78 18 102 34 28 2 100 50 8 0 49 36 76 43 107 0 12 77 101
100 78 25 68 71 38 5 124 11 116 29 89 76 10 11 8 62 25 89 29 76 31 77 22 55 11 116 108 6 7 118 114 53 2 67 0 101 0 74 39 43 15 51 75 62 95 80 96 68 7 124 0 48 110 31 122 0 29 85 101 94 4 101 114 68 63 39 0 109 11 94 24 58 45 59 0 0 79 11 105 122 58 80 92 89 88 70 96 34 79 16 37 56 13 5 13 49 52 90 55
93 27 56 16 114 58 106 42 92 10 60 106 113 60 118 21 83 97 57 110 28 37 50 100 33 2 118 118 105 75 91 104 13 31 49 22 3 125 40 85 0 14 62 52 124 64 85 97 77 76 53 106 92 46 0 76 50 97 62 92 44 71 102 114 19 85 0 106 112 36 91 17 110 21 65 111 69 2 2 43 61 5 70 25 73 46 91 71 31 105 100 26 63 0 33 106 29 74 23 61
72 8 40 0 92 55 7 53 120 69 59 55 66 34 110 49 67 67 42 63 106 57 27 14 4 87 50 58 17 119 103 10 112 64 50 81 60 103 51 43 63 44 69 70 94 29 34 39 8 28 93 10 41 53 108 26 99 21 9 11 97 40 92 39 123 64 64 103 1 108 121 97 77 41 51 65 112 84 70 37 60 34 15 42 2 5 12 1 11 52 24 84 0 48 104 117 125 3 84 53
81 113 101 68 107 85 86 93 94 110 32 52 7 106 38 24 30 84 88 5 44 63 22 53 53 28 118 46 22 61 82 19 82 102 29 53 32 97 106 96 111 83 11 48 0 58 0 39 99 40 52 47 22 98 71 118 23 15 5 98 97 9 24 24 15 79 31 79 101 87 105 125 49 19 44 2 53 112 54 25 51 111 14 125 101 62 49 18 37 15 89 86 112 104 27 109 19 59 17 97
44 41 55 42 83 29 32 110 65 39 13 95 80 107 5 74 67 17 59 22 123 25 122 11 51 60 6 110 44 79 4 107 51 49 21 67 91 58 65 39 79 58 104 10 89 72 59 70 97 2 43 103 55 36 100 84 9 12 59 59 89 27 0 92 92 46 35 88 43 22 64 42 104 37 21 61 84 55 99 83 24 64 73 76 42 6 15 73 114 113 75 3 64 97 84 46 94 89 60 43
