15 30
19 8 38 0 44 18 44 68 50 73 74 75 41 73 40 60 1 24 3 10 8 41 35 30 16 34 47 0 58 4
39 10 10 9 24 49 33 71 22 0 64 51 56 45 4 10 46 51 17 34 22 66 43 63 41 8 24 13 0 42
54 17 6 37 8 22 0 71 70 38 75 27 25 38 69 4 13 18 3 45 60 33 33 10 48 34 57 46 13 48
61 0 13 28 17 33 64 25 59 46 5 42 53 54 48 75 8 48 41 27 34 14 62 56 36 45 48 11 4 15
67 0 62 62 1 42 40 0 25 53 4 7 68 60 28 30 73 29 15 21 28 67 51 42 55 67 59 0 72 21
25 48 9 32 42 73 17 29 12 68 53 26 40 0 63 35 51 26 38 70 50 40 47 18 73 64 7 67 28 14
33 43 10 43 27 50 0 51 61 30 10 19 2 36 23 60 6 42 52 21 27 72 11 70 58 63 72 71 68 8
18 11 1 16 15 0 75 10 61 12 19 0 4 25 12 30 70 49 50 48 42 51 68 4 2 0 51 50 31 36
69 48 70 61 5 60 19 59 26 22 65 40 73 16 26 0 8 7 61 70 37 0 44 55 17 32 31 8 63 19
0 42 0 36 7 5 6 51 7 72 27 70 0 22 56 64 9 16 68 47 10 37 66 32 45 61 5 27 8 11
5 2 66 65 18 73 64 19 71 31 65 12 50 20 72 37 20 0 9 12 58 72 2 75 39 71 14 7 17 0
43 49 25 33 39 55 3 28 67 41 66 17 47 24 46 58 37 0 53 24 15 6 5 45 25 0 70 56 64 17
19 40 1 0 15 31 11 54 0 27 14 44 17 1 52 62 70 60 41 23 17 52 59 17 10 18 12 15 50 59
6 35 69 29 47 48 75 6 12 60 0 26 12 46 49 42 39 18 29 21 18 29 52 49 62 22 56 21 37 15
37 22 43 73 43 52 18 45 67 5 16 5 54 63 1 18 21 36 20 0 29 38 16 13 61 30 0 53 38 37
