15 30
14 47 35 48 11 52 70 0 30 40 66 31 40 18 73 8 36 54 66 39 33 40 62 7 46 36 45 14 48 9
72 9 37 22 1 6 5 10 39 73 22 61 32 0 21 48 67 7 31 44 15 30 47 75 32 16 72 1 72 22
55 61 35 37 20 70 61 69 41 1 0 5 37 3 66 15 33 26 25 72 47 52 20 30 47 64 41 17 59 0
60 56 6 33 7 0 54 34 34 0 1 72 38 10 61 63 0 45 63 46 28 22 5 40 5 5 58 39 65 8
32 27 39 22 44 9 6 0 30 60 37 0 62 29 7 23 54 38 74 67 7 50 29 22 0 7 5 27 32 13
37 8 49 69 52 60 60 74 11 63 0 55 75 69 45 67 3 31 22 74 20 55 33 0 22 16 2 25 23 27
53 0 0 51 0 75 41 53 23 0 73 58 27 0 34 45 40 9 0 44 5 67 0 37 7 57 18 20 44 0
70 0 74 6 22 24 45 48 0 2 0 13 25 15 28 58 0 55 49 75 56 58 17 9 0 29 51 14 16 2
47 43 69 16 32 16 34 69 68 0 57 22 38 65 54 46 50 47 23 37 10 63 2 29 0 51 18 68 21 14
61 16 54 0 7 1 29 37 50 11 22 3 53 49 44 26 25 14 44 35 32 1 73 62 3 23 4 52 27 66
0 75 51 7 38 45 48 51 19 24 62 1 65 41 55 25 0 44 33 74 0 62 49 0 57 45 20 0 70 70
13 22 6 16 30 21 61 69 62 10 25 47 35 11 52 1 36 74 18 64 41 35 4 54 7 5 14 0 35 21
29 71 14 0 56 25 61 40 9 11 40 0 0 1 0 75 0 0 0 33 38 31 54 0 72 56 0 47 62 46
63 67 45 73 41 27 18 34 37 7 53 23 35 0 50 61 18 9 53 45 45 54 36 54 0 49 56 31 68 16
4 19 0 18 44 14 43 71 23 0 0 1 11 66 65 33 20 66 46 10 50 43 29 29 64 55 51 33 74 44
