15 30
34 35 0 38 60 11 27 0 63 24 40 0 65 15 43 7 64 71 26 63 67 43 27 15 3 26 6 0 72 52
27 40 53 61 24 63 19 33 5 66 59 33 42 31 44 32 5 22 0 52 39 71 10 45 2 52 32 67 53 68
34 13 74 19 3 7 23 66 38 69 25 5 29 69 58 48 27 0 6 20 36 62 39 66 40 18 31 44 33 69
55 34 5 23 32 44 31 47 20 45 31 39 29 16 35 59 0 2 44 61 67 10 18 53 47 67 24 44 30 58
49 4 9 0 63 5 75 41 42 58 64 29 37 75 37 40 68 56 22 35 67 19 45 54 35 51 9 73 34 15
45 18 3 28 20 38 42 48 66 51 36 66 26 31 37 51 14 22 22 14 29 0 30 4 0 14 15 18 39 38
60 55 68 33 67 0 56 67 67 0 13 38 30 53 66 20 14 20 63 0 20 18 0 40 13 12 52 71 48 44
51 8 56 0 40 69 63 3 23 16 4 40 55 62 22 66 6 63 75 44 15 1 15 22 0 28 51 5 69 39
39 28 50 65 50 58 4 9 0 27 38 24 12 30 14 58 14 71 15 57 48 40 34 1 30 61 70 73 52 55
43 60 41 25 31 39 62 10 66 28 72 10 9 71 32 75 30 46 10 31 53 41 70 0 54 25 0 65 27 31
14 71 55 0 12 71 11 52 39 6 61 5 68 24 55 16 40 2 27 21 4 49 18 66 71 51 18 62 14 59
25 55 40 27 60 28 36 1 2 22 42 22 45 28 55 24 26 62 59 34 60 6 0 70 69 48 28 39 58 18
52 44 59 54 30 74 0 45 13 53 14 43 53 13 17 61 61 71 43 41 10 50 25 60 62 0 14 10 68 0
11 64 39 8 27 32 4 27 27 57 43 54 0 73 27 69 28 3 42 55 10 46 39 50 40 1 8 48 58 33
52 7 45 69 35 35 22 24 54 51 59 17 12 70 50 24 50 61 22 74 33 27 0 33 21 72 32 18 20 73
