100 100
0 65 19 42 120 0 0 0 24 29 0 99 28 53 0 0 0 0 21 73 54 7 31 54 125 7 0 0 0 10 0 43 61 53 124 66 26 107 110 78 0 59 23 108 0 92 38 86 85 10 11 68 0 55 88 123 101 92 67 0 72 87 72 0 96 123 69 74 0 0 0 82 44 39 104 11 73 26 106 75 0 0 38 10 7 78 116 116 49 46 11 9 0 14 0 10 0 0 93 116
71 113 102 48 49 2 48 35 42 59 72 63 59 16 63 57 64 91 78 77 94 95 87 52 45 19 117 121 107 58 3 8 50 94 6 5 53 85 30 123 95 7 107 96 61 25 117 3 4 51 44 116 80 117 115 119 74 78 1 69 92 47 109 71 11 37 113 59 115 108 88 47 35 52 50 110 6 9 82 100 110 50 36 29 119 32 102 30 28 98 121 98 112 100 24 71 0 48 88 25
56 33 31 76 19 95 0 11 0 52 17 22 0 19 4 10 22 38 0 7 57 39 0 40 0 17 0 0 0 96 122 121 106 48 54 88 116 66 27 0 81 33 0 0 63 80 62 114 79 42 41 103 0 29 10 15 36 53 81 19 107 111 109 50 104 39 83 75 125 83 44 0 123 12 106 0 97 57 101 48 0 33 112 44 121 117 0 120 8 116 59 108 0 105 0 25 19 107 77 17
104 50 122 116 30 4 109 104 0 91 85 10 43 103 88 13 8 112 22 82 96 0 16 108 0 87 118 0 105 125 26 120 87 73 124 80 16 76 98 26 4 37 100 67 0 25 0 23 125 22 58 110 38 0 5 115 59 104 79 68 61 100 3 82 39 104 70 0 5 99 17 13 27 61 39 22 66 124 125 0 78 44 8 0 37 86 12 41 119 101 44 51 102 86 0 113 40 17 112 10
0 0 74 81 103 0 39 21 39 51 0 0 87 125 50 19 110 20 33 19 93 4 117 10 21 73 0 24 19 50 103 81 109 117 19 120 88 113 91 104 90 75 6 83 15 104 22 48 62 82 65 28 43 118 112 0 56 12 81 56 74 79 63 44 104 8 90 0 0 38 0 0 69 79 102 36 29 0 24 26 29 0 35 114 7 89 0 13 49 87 87 60 99 115 33 20 108 13 17 51
38 106 122 0 75 0 16 65 99 38 51 0 0 76 60 75 0 110 125 86 47 46 28 83 49 40 43 0 57 95 83 43 23 112 57 115 14 14 0 72 34 65 97 104 0 41 1 123 5 0 7 44 82 122 80 76 28 37 49 0 0 91 116 18 14 23 108 48 93 18 11 61 118 32 68 11 97 43 69 1 95 121 74 45 62 10 47 21 0 52 102 104 77 85 92 122 107 59 124 46
21 81 53 55 55 50 86 0 2 0 38 75 50 115 78 32 113 40 6 19 37 5 101 65 58 77 0 60 22 121 45 101 47 0 8 88 24 100 101 97 0 29 4 66 98 4 51 75 67 69 40 0 98 83 0 110 26 31 60 90 42 0 83 67 19 31 0 80 95 26 19 14 15 71 75 79 23 0 79 80 114 0 58 41 59 46 93 55 57 43 41 54 19 96 25 61 25 34 46 18
109 0 68 1 69 32 87 41 97 43 82 86 18 43 87 109 85 72 121 118 107 121 125 91 123 12 79 25 44 77 92 42 89 47 6 0 115 106 49 95 15 15 19 100 80 28 45 108 26 13 39 70 21 55 11 116 78 49 12 95 70 108 93 106 26 42 91 40 83 55 42 17 15 7 24 67 119 54 115 16 22 39 34 13 1 3 54 93 27 31 13 29 66 69 107 20 49 119 105 72
83 1 17 0 16 81 6 92 0 59 0 32 1 0 21 91 123 29 123 25 8 0 89 0 110 86 23 14 24 87 17 118 57 82 108 16 99 80 12 0 52 115 68 29 104 123 106 76 118 26 50 117 16 74 0 35 64 60 46 0 73 0 42 94 0 21 49 0 43 30 0 104 0 106 0 62 42 0 53 77 37 95 7 37 14 0 99 95 33 120 13 100 0 85 42 3 0 121 0 0
71 8 49 30 7 70 17 115 0 107 0 45 11 22 30 111 94 63 66 70 42 92 30 13 21 17 89 119 70 70 107 0 25 21 98 11 4 17 90 53 65 22 82 0 38 89 25 88 101 110 109 55 94 98 72 125 67 49 40 101 87 71 41 79 25 109 114 3 73 114 96 0 0 60 0 73 51 38 118 15 91 26 76 67 27 37 116 115 9 85 43 75 63 111 0 50 99 58 27 26
95 81 55 79 91 125 31 120 116 87 40 116 0 11 25 0 60 43 101 125 37 23 26 117 102 31 19 39 0 43 2 41 48 29 11 32 0 92 93 34 19 68 40 11 114 27 77 46 114 31 25 5 81 64 87 99 114 41 94 50 10 98 44 71 90 0 100 65 123 25 114 0 70 82 0 20 113 80 84 92 82 87 12 29 75 67 47 105 85 110 37 90 125 22 44 96 36 98 3 60
64 7 47 43 75 67 104 43 31 37 52 123 75 54 58 5 35 104 30 0 107 64 16 26 66 7 101 35 0 81 68 58 21 46 72 47 112 122 79 70 0 13 123 17 0 120 119 123 122 77 79 70 8 45 0 39 4 122 48 58 122 11 49 14 5 123 70 112 0 3 113 18 37 107 10 119 68 116 110 97 0 27 115 83 80 0 15 32 0 1 118 69 0 60 41 88 55 86 21 5
68 3 17 12 64 53 36 40 23 83 97 99 59 124 105 92 87 20 32 94 23 98 30 7 51 42 107 38 21 92 91 47 58 107 119 33 88 21 14 78 46 105 102 41 100 0 43 32 48 98 63 118 102 60 50 84 0 43 14 13 108 114 30 44 76 78 32 75 45 36 125 0 68 5 114 73 72 50 51 103 71 55 71 39 72 15 48 86 41 16 111 114 45 49 18 24 110 95 42 73
71 26 4 119 14 0 91 23 92 99 38 90 59 64 78 12 24 22 88 24 61 68 81 92 111 85 8 119 33 92 60 82 103 0 71 46 2 27 70 49 38 23 50 45 111 5 62 15 58 96 22 13 3 8 59 3 89 34 94 32 26 6 6 82 98 67 117 52 97 17 122 66 65 11 122 64 103 119 99 82 71 92 43 59 91 5 21 61 27 87 106 60 95 99 18 55 125 101 64 46
18 96 40 33 12 108 17 46 1 78 67 67 18 19 85 72 113 39 11 56 87 101 100 78 114 19 42 0 17 80 66 22 0 29 120 34 16 5 99 118 48 6 65 1 106 64 120 92 8 116 82 38 60 87 104 116 104 53 125 111 44 103 6 118 63 49 103 109 22 40 102 106 103 103 54 100 115 43 92 79 19 17 90 80 95 120 107 2 11 12 53 36 25 109 116 71 108 123 117 49
115 60 52 24 104 124 0 56 0 0 47 106 0 8 45 16 3 0 6 51 64 93 72 61 106 122 61 82 37 29 77 22 72 48 49 93 0 0 37 45 51 114 0 73 100 82 21 15 70 6 38 41 70 42 82 34 81 0 9 25 113 70 120 112 15 98 98 93 10 80 83 39 115 70 10 37 90 74 112 55 14 112 29 65 70 48 12 0 76 83 98 10 114 0 103 124 44 9 35 119
66 2 116 16 12 20 104 19 26 69 86 100 16 81 25 38 65 97 52 18 51 106 71 9 110 80 54 95 60 58 12 73 88 42 125 39 56 0 93 44 49 82 11 87 105 109 88 17 111 45 91 50 105 12 53 36 38 54 79 91 91 2 0 45 91 123 124 20 84 50 15 76 3 89 62 94 7 55 78 19 93 42 59 86 84 63 85 108 80 43 119 16 76 113 94 0 15 30 86 110
45 12 38 31 62 93 117 115 31 57 81 21 0 28 31 58 0 1 101 82 0 119 110 122 8 13 0 95 60 45 22 38 28 92 125 72 80 44 107 13 46 69 84 68 24 53 28 65 104 49 55 66 26 86 53 0 108 82 79 11 33 19 74 120 72 48 11 48 88 125 21 0 77 114 55 101 111 72 85 73 41 49 83 42 91 99 0 74 92 116 86 69 97 37 62 94 51 8 42 78
78 47 61 47 53 69 0 32 92 43 18 50 5 67 53 13 23 87 111 29 46 65 94 18 19 2 0 61 19 33 80 78 13 6 119 56 80 44 105 60 24 24 10 37 37 83 64 59 59 52 48 82 58 5 91 43 51 77 19 48 106 105 71 66 63 119 85 94 99 14 120 110 6 34 114 21 53 83 79 83 71 14 107 9 40 101 91 73 9 44 114 89 4 59 104 83 37 103 10 106
108 52 20 53 98 75 19 14 92 92 75 94 43 122 113 99 37 109 17 42 78 89 77 113 48 51 0 12 35 45 88 5 30 75 118 85 66 116 58 95 51 79 21 21 43 97 62 22 124 97 74 104 118 36 62 73 102 115 59 96 116 70 52 69 91 40 15 92 125 111 107 68 118 7 82 0 32 40 17 113 49 106 88 75 63 86 58 88 51 43 81 33 29 58 78 74 58 93 101 57
116 2 93 114 62 5 20 107 80 61 9 48 80 0 38 44 28 110 118 113 121 45 1 87 116 86 0 0 107 29 88 28 91 124 75 17 0 8 108 49 94 92 7 72 4 79 65 63 90 54 4 63 40 59 53 29 0 104 109 35 92 88 72 8 117 66 105 86 0 0 123 17 27 19 108 1 112 21 0 68 106 122 0 66 21 13 73 7 8 101 95 0 59 0 88 95 54 31 96 23
7 110 3 56 66 64 56 41 75 24 121 102 18 73 52 53 115 41 67 65 92 71 56 85 62 22 120 96 68 12 53 102 105 0 41 26 67 97 107 71 114 54 43 70 38 65 80 124 0 69 107 52 60 79 41 113 21 60 75 100 101 46 108 99 37 13 41 44 29 6 92 121 35 91 64 91 63 35 30 21 33 48 7 112 19 18 110 37 33 98 59 0 120 110 116 110 5 95 113 50
16 30 52 43 4 54 71 19 75 108 111 21 68 16 118 125 30 71 7 117 37 1 37 100 42 36 20 81 108 2 20 110 84 54 98 105 17 21 51 27 13 109 91 99 25 70 3 113 104 108 14 53 37 0 113 106 88 124 23 77 76 22 112 55 16 76 45 121 0 18 59 89 80 87 5 116 81 116 105 116 0 55 119 98 43 51 41 83 16 46 34 36 69 49 45 35 69 5 57 0
40 0 64 93 115 0 53 0 67 60 103 0 83 0 51 28 4 84 107 82 99 102 87 81 91 17 0 0 89 79 0 102 9 57 86 88 0 125 0 20 108 110 10 30 74 73 3 41 93 37 116 0 0 61 0 33 68 117 0 12 63 41 64 21 0 30 69 88 63 71 20 59 109 28 94 120 71 0 95 54 97 31 54 82 124 82 25 33 11 55 74 62 100 41 6 0 19 120 34 26
51 108 24 39 112 42 22 106 70 110 54 125 50 71 47 0 0 1 43 55 20 83 92 26 58 119 107 12 104 106 103 4 29 77 3 67 73 59 101 42 83 93 55 48 52 112 123 27 82 112 102 13 47 85 91 5 48 4 22 121 86 2 20 113 115 99 10 46 81 54 116 123 12 77 28 75 101 55 113 52 26 123 83 7 24 76 82 25 102 9 35 45 78 20 25 60 99 47 27 25
61 117 76 73 23 24 104 42 109 96 22 15 98 88 18 42 120 66 21 53 46 17 30 122 7 22 25 2 70 50 66 81 45 101 0 23 114 33 39 62 92 1 12 23 38 48 29 114 101 110 46 24 49 98 16 97 107 56 3 102 12 98 39 67 64 81 0 71 19 47 58 120 88 75 74 42 0 29 119 0 111 116 92 110 41 60 54 98 82 34 99 101 102 94 4 119 107 35 125 114
78 115 83 8 38 20 41 84 40 0 80 0 124 74 17 114 26 10 99 19 43 113 0 115 29 12 119 51 105 8 118 83 16 119 125 17 43 0 0 79 49 109 98 124 0 11 0 34 58 34 49 0 107 4 87 58 105 85 2 4 118 20 101 91 86 14 65 41 113 8 0 62 76 45 2 93 69 53 66 45 56 0 14 0 88 96 28 11 0 113 80 2 83 0 83 0 63 108 54 65
101 12 46 55 112 64 63 23 51 111 111 17 39 11 78 84 64 118 115 89 4 98 0 109 16 66 103 23 105 93 104 28 21 54 59 111 89 64 91 72 100 20 6 120 73 42 25 7 24 73 30 32 22 56 82 67 43 49 55 0 10 80 43 73 78 112 69 66 108 61 7 28 44 81 43 86 44 104 123 43 114 17 41 24 35 108 36 118 107 105 47 107 13 64 0 51 44 50 88 58
0 103 45 103 107 113 94 112 51 34 82 63 76 91 95 24 75 37 13 10 73 95 70 89 100 64 107 78 117 50 2 89 53 15 28 0 34 45 0 1 2 92 75 120 58 53 97 105 86 124 25 116 53 0 69 47 85 111 14 29 10 113 65 44 116 30 65 32 121 113 87 124 37 37 62 118 57 9 123 54 37 86 43 75 33 85 0 110 101 87 108 57 8 73 59 94 115 83 82 51
54 114 6 36 19 55 29 45 14 118 19 100 16 107 121 124 49 5 120 59 20 77 40 74 7 51 10 105 107 105 16 65 31 56 115 28 15 125 69 76 49 93 14 83 68 58 45 63 5 40 16 17 124 92 96 88 3 1 16 3 65 0 4 9 73 26 75 42 1 87 52 10 79 23 63 121 119 30 24 112 0 37 0 74 91 45 89 55 60 44 62 51 23 16 5 124 49 38 21 45
15 17 0 86 77 0 92 96 78 108 20 111 0 0 15 0 123 72 114 19 104 103 57 19 0 30 36 0 0 91 103 24 101 23 106 0 62 97 74 114 0 26 30 118 0 70 0 40 8 53 75 6 69 114 56 80 23 36 43 113 68 0 37 20 103 0 44 120 107 3 79 110 93 10 0 12 2 0 118 81 44 43 115 105 79 118 2 15 80 8 110 0 45 0 19 63 56 88 105 104
37 19 39 13 110 94 36 25 79 25 95 18 119 0 54 112 37 80 85 84 88 93 42 35 83 67 48 77 62 1 56 35 50 28 89 16 48 81 97 54 90 69 71 34 70 1 114 101 103 91 85 64 12 110 10 73 120 43 123 90 114 33 6 83 31 93 78 37 101 32 109 84 79 125 110 96 101 123 119 54 48 6 50 0 54 61 71 77 77 26 110 54 83 84 16 3 6 0 24 120
56 46 19 69 42 107 124 45 114 58 2 51 11 36 113 47 125 45 58 102 62 9 96 89 6 34 74 47 110 81 4 72 34 64 90 89 38 80 33 79 38 87 0 24 80 54 21 55 25 7 10 27 49 23 108 81 85 67 19 6 99 82 55 6 71 62 28 70 107 57 112 62 7 16 75 90 59 92 92 15 106 69 29 44 34 64 51 119 106 43 76 105 56 75 11 43 110 12 110 31
120 69 120 41 121 95 62 101 20 70 58 28 0 52 97 39 3 76 67 122 70 0 123 25 70 103 79 115 81 77 72 74 44 77 54 93 60 113 33 46 77 61 62 0 67 103 3 66 13 54 78 61 47 18 45 100 101 114 115 81 96 88 40 31 104 43 69 22 42 74 25 114 114 125 0 49 96 102 84 17 104 11 93 91 125 89 29 43 76 17 32 93 96 117 117 99 63 8 77 84
110 96 5 96 0 16 53 71 2 97 71 52 121 84 28 87 94 102 18 30 115 19 102 84 35 102 32 35 111 103 7 30 110 116 123 106 115 43 110 89 32 57 88 47 47 118 79 76 54 109 55 99 30 66 101 38 43 44 77 67 88 91 24 116 77 37 55 82 112 118 45 4 0 83 25 53 65 109 3 37 45 116 110 34 57 27 34 37 80 93 46 120 88 74 8 15 23 87 105 115
16 93 86 38 0 20 38 27 47 60 32 116 102 99 65 105 0 8 0 102 17 0 76 29 77 35 106 49 77 75 71 85 76 51 37 16 96 8 78 44 95 31 54 113 74 75 38 0 0 29 21 95 0 76 104 122 114 69 71 107 79 93 62 119 0 5 76 58 82 89 47 120 116 53 35 114 120 73 39 25 49 54 9 86 122 123 0 85 37 103 82 96 49 24 88 81 22 19 48 9
103 80 125 0 114 24 68 39 62 125 87 84 18 57 79 12 123 86 97 10 1 108 16 52 102 0 40 29 76 88 29 89 14 59 27 62 64 63 57 74 77 114 36 12 7 68 48 41 108 116 57 78 86 12 112 75 98 53 73 39 56 63 19 33 26 31 66 108 42 105 103 20 57 4 47 118 81 7 99 110 122 45 11 85 85 125 37 25 115 125 66 42 39 76 86 21 21 50 89 85
125 83 82 46 39 0 97 46 113 43 38 80 7 83 107 73 123 16 33 81 25 73 85 23 13 61 95 96 3 13 95 23 120 18 83 84 9 49 86 71 6 7 78 0 28 85 46 93 97 2 107 114 62 0 104 82 7 45 12 74 122 69 115 95 56 92 85 26 0 104 25 93 65 0 74 3 88 61 22 98 45 118 1 30 36 0 87 16 32 26 88 36 81 28 0 125 43 63 63 43
62 60 47 85 90 0 98 58 69 60 75 120 82 96 21 40 19 104 0 102 0 0 0 3 113 103 104 84 0 124 97 121 28 99 32 78 54 70 15 62 100 117 122 95 0 89 70 13 0 52 105 53 34 59 17 59 15 5 76 16 0 103 112 115 97 0 93 0 125 19 81 64 52 118 5 98 0 81 104 4 0 102 26 14 68 105 22 0 58 40 75 22 45 80 0 48 15 41 40 93
66 73 93 82 83 0 64 45 39 27 107 112 118 40 61 0 23 0 112 46 33 92 92 9 76 98 54 22 12 0 106 8 0 91 72 122 1 114 113 100 109 6 14 0 5 59 75 10 108 55 18 70 15 33 62 0 22 120 104 48 119 104 93 63 51 106 108 62 102 1 62 42 26 69 18 0 34 18 0 98 66 62 102 18 41 0 36 9 88 64 14 95 100 95 79 51 96 2 45 51
7 29 83 96 48 95 59 84 113 52 81 85 88 83 73 25 67 0 85 60 58 75 93 31 84 8 125 43 68 125 107 62 24 51 92 121 4 123 15 57 37 38 70 80 114 67 38 7 51 21 72 53 2 55 13 105 3 50 33 42 63 111 119 12 87 18 91 111 122 118 57 6 97 89 114 14 47 90 67 70 49 92 2 71 24 12 52 78 75 102 77 99 28 122 55 78 0 104 121 87
12 101 115 67 114 112 98 107 70 3 70 74 8 112 4 83 7 19 116 73 104 14 95 83 40 124 22 61 19 23 53 26 3 77 20 92 118 1 17 39 98 60 70 110 27 6 62 58 47 94 76 125 46 43 17 97 34 66 35 50 12 108 87 117 13 36 101 116 65 3 0 98 51 64 44 25 65 90 15 17 100 83 26 46 45 12 44 82 121 20 58 65 71 115 121 75 91 70 106 19
29 61 45 54 109 116 74 75 109 29 87 11 63 89 0 8 37 83 99 40 0 86 21 83 114 86 109 33 7 59 10 40 69 77 3 0 71 0 69 15 32 0 2 116 106 0 13 39 110 7 99 124 85 0 77 78 13 77 94 20 44 42 38 55 29 80 119 83 106 114 45 100 8 100 34 74 82 99 118 82 69 0 88 4 67 47 43 50 89 0 98 117 115 118 83 94 29 87 121 65
14 39 95 60 42 30 45 23 52 38 77 85 5 77 88 85 0 1 95 9 19 89 56 123 33 29 125 26 18 106 11 53 110 31 110 101 7 81 35 85 117 29 65 44 71 82 9 106 77 57 69 53 50 21 78 50 18 68 109 18 80 34 89 16 62 56 35 99 115 72 73 125 37 24 117 12 115 29 0 117 53 119 17 96 104 60 99 33 104 9 73 0 32 88 109 94 27 102 44 44
107 47 5 34 14 24 60 88 93 76 8 51 58 98 91 37 50 27 85 98 118 59 23 116 69 58 17 56 81 52 87 99 88 86 40 40 93 12 99 54 0 71 54 70 39 121 9 116 74 117 37 10 79 65 25 42 82 122 52 57 52 124 49 53 54 35 0 14 107 30 89 110 52 52 22 53 11 2 106 98 73 52 93 49 76 95 1 7 28 83 124 116 94 74 25 79 89 70 33 32
88 57 35 78 0 95 65 4 66 13 57 90 18 40 26 123 119 79 112 22 73 17 124 76 86 97 41 42 31 41 18 4 106 17 119 115 66 17 99 23 113 98 79 122 99 69 33 18 71 9 78 116 32 85 1 110 26 123 26 117 65 18 82 12 0 43 82 38 12 11 53 31 41 106 12 120 23 123 121 38 36 47 60 78 53 81 42 17 71 99 51 96 113 20 104 93 25 58 100 106
0 36 74 105 36 26 123 77 99 1 76 110 0 89 118 95 108 99 112 113 114 13 27 124 75 117 85 87 5 60 81 35 0 32 3 102 20 0 106 93 27 104 35 43 87 89 107 0 102 56 26 4 31 79 59 0 49 83 91 1 49 0 13 84 2 104 0 33 110 96 27 64 112 9 54 0 16 96 108 39 106 2 0 18 39 119 50 79 19 87 104 54 0 25 22 54 9 121 31 125
116 31 4 25 114 88 14 124 121 86 33 19 111 94 88 106 121 20 25 4 0 55 0 103 103 14 91 110 54 7 28 66 98 103 41 0 92 54 66 122 61 110 74 80 94 79 66 80 55 31 107 26 54 23 48 18 91 56 44 97 28 84 50 0 0 37 8 34 2 68 30 113 35 101 73 119 27 29 125 40 0 105 27 27 79 26 75 0 26 105 57 88 35 97 110 0 0 29 96 92
64 78 26 13 118 13 99 102 124 98 100 0 4 21 87 35 60 14 59 84 29 75 23 121 105 8 64 33 90 22 125 88 4 44 103 32 0 34 98 9 28 118 46 36 54 114 106 89 110 60 52 73 99 30 7 88 122 82 125 51 53 83 100 78 16 125 26 58 58 14 6 20 20 119 97 16 118 56 98 8 38 5 15 104 31 20 2 30 52 10 43 86 41 106 115 6 51 114 20 45
86 68 59 80 47 65 17 43 109 54 3 102 78 115 79 28 0 34 39 101 19 113 11 68 56 86 64 31 71 57 63 8 80 12 20 19 1 47 57 76 88 105 56 19 63 76 110 110 49 119 71 47 50 47 34 105 50 123 103 77 49 9 84 96 108 45 85 84 37 77 23 33 34 15 102 86 117 102 69 17 110 12 119 37 54 110 61 44 51 19 6 13 16 84 30 97 106 111 50 57
56 15 87 43 124 42 117 67 31 122 125 42 13 98 79 89 9 98 86 102 13 8 74 65 22 111 43 19 54 118 104 80 77 88 16 123 15 37 7 81 101 59 114 98 37 0 103 80 108 89 11 125 118 93 33 109 40 85 8 34 55 14 58 90 118 18 112 119 19 22 115 21 47 0 47 97 70 25 71 38 105 51 66 34 48 120 5 0 55 61 47 74 48 6 26 24 125 61 9 43
106 98 72 124 11 72 0 55 100 122 96 1 62 18 11 83 93 63 78 38 101 53 28 12 123 49 41 86 57 69 8 16 105 110 45 114 44 97 90 53 91 104 38 84 46 69 0 113 6 85 63 21 107 26 113 12 15 106 34 85 55 24 80 15 7 10 109 95 111 28 83 33 116 30 78 92 104 49 50 2 53 57 77 6 56 53 64 61 32 100 58 13 71 5 85 46 110 101 66 0
31 89 84 57 119 69 13 73 107 69 18 84 5 25 100 101 50 31 39 101 122 58 26 74 21 106 122 15 13 110 47 100 88 49 65 65 124 50 86 63 0 43 54 88 41 42 75 57 103 14 34 111 55 64 78 119 114 42 40 67 46 117 70 7 56 64 109 81 117 9 114 99 29 52 125 54 61 0 107 54 104 69 123 35 88 28 112 26 80 56 47 75 26 68 13 15 79 42 59 76
44 82 115 31 65 9 71 57 110 25 1 80 26 5 102 100 47 21 51 71 113 85 118 37 81 49 59 125 21 68 36 17 104 0 65 94 105 119 57 88 58 41 43 0 47 87 53 5 13 57 96 97 89 7 7 78 41 120 82 86 28 102 50 108 26 109 51 32 20 125 111 107 77 106 50 119 46 93 0 83 85 78 69 79 0 43 39 62 110 118 78 20 20 48 0 13 37 8 25 6
12 81 108 35 110 107 27 99 61 48 36 89 10 53 109 44 85 44 2 15 107 119 1 125 125 25 53 35 108 50 48 89 58 86 18 24 37 95 74 16 39 5 0 84 20 51 123 9 22 97 73 99 22 50 21 3 66 60 31 91 51 86 11 79 1 32 66 97 105 60 0 85 87 26 72 0 109 7 56 8 2 40 72 67 11 74 15 73 62 110 109 54 8 77 46 51 17 125 25 3
40 81 96 27 67 6 63 0 23 100 104 117 98 27 23 118 8 120 48 121 105 0 101 0 72 58 46 19 24 101 95 99 109 38 73 0 16 109 112 25 23 71 31 14 104 25 113 27 7 67 54 37 87 4 7 38 32 62 23 0 76 75 57 2 0 1 0 34 68 25 87 64 9 110 73 109 27 90 20 53 117 91 69 114 119 18 106 80 74 85 61 0 29 39 71 52 10 0 66 111
88 83 44 85 29 36 89 108 101 105 52 0 49 125 30 66 101 0 6 105 101 78 39 60 16 91 19 120 93 58 112 5 48 111 15 44 123 82 61 124 19 49 97 54 31 20 20 11 116 44 28 21 119 35 46 8 100 35 36 9 74 104 73 51 5 98 5 116 36 70 44 69 9 124 67 125 16 65 31 98 88 2 30 36 114 70 11 17 49 22 0 113 91 57 107 59 72 87 60 71
67 88 66 1 74 74 78 45 112 65 72 83 109 64 5 4 106 89 0 118 107 87 111 125 0 53 53 119 109 0 44 111 57 26 96 104 0 87 36 125 125 35 55 75 91 94 93 13 65 0 102 88 113 7 85 7 18 80 68 91 69 53 52 31 120 20 125 84 39 44 100 18 0 34 57 47 35 89 116 41 47 18 113 120 93 63 89 106 1 32 125 87 38 52 113 93 73 120 103 0
36 60 119 24 94 76 58 98 81 117 34 3 118 24 48 53 0 72 118 10 66 0 122 87 102 16 0 83 38 79 122 109 0 68 9 1 17 21 117 102 119 49 25 34 107 32 0 95 0 72 125 43 74 4 32 81 83 89 58 63 46 112 88 20 3 34 31 37 80 53 69 26 24 84 38 111 100 63 24 0 52 61 117 37 63 40 91 87 94 99 7 28 0 2 43 110 0 62 86 10
117 30 39 44 87 76 63 54 117 23 5 40 68 88 34 83 86 47 91 29 88 17 64 86 25 64 109 56 120 1 65 52 99 18 6 121 22 46 83 97 98 78 43 50 97 88 54 45 8 6 49 35 37 87 35 11 57 101 54 1 52 41 122 0 114 2 57 10 123 4 91 4 83 113 42 57 76 61 78 38 116 120 124 10 78 3 76 93 13 71 75 0 120 89 82 86 46 119 64 42
84 49 57 0 62 48 67 2 76 123 1 97 53 4 124 5 118 50 25 32 33 68 107 87 115 80 71 109 32 54 28 28 50 69 70 37 34 47 61 113 34 121 33 60 7 50 25 57 14 92 104 67 4 47 63 44 55 102 49 106 2 106 50 84 23 96 115 74 74 33 110 88 41 103 64 123 57 11 24 105 99 81 14 13 78 24 112 5 103 82 38 28 70 124 77 23 93 105 34 24
121 16 74 44 77 47 25 74 71 43 0 123 119 20 37 97 6 54 25 8 89 25 59 41 98 83 122 46 28 11 54 101 105 43 61 100 80 70 42 91 107 88 35 114 12 83 51 30 121 109 4 38 124 120 50 114 23 10 115 118 115 17 76 117 67 95 22 120 18 107 21 36 11 35 42 39 64 105 99 31 51 96 56 75 108 72 48 78 83 77 119 71 22 71 37 42 70 5 17 73
65 59 45 62 52 14 0 84 15 73 106 23 53 90 96 74 8 89 1 72 111 45 117 74 59 55 10 120 55 66 108 57 111 60 98 9 96 37 99 62 107 70 76 42 109 78 51 0 73 76 123 54 84 41 86 8 87 106 49 12 43 114 42 84 0 95 105 6 90 34 103 101 13 96 113 91 29 44 68 119 89 14 123 31 23 97 120 14 117 13 49 11 61 18 116 23 16 114 29 20
84 15 99 0 103 65 0 48 24 44 30 88 0 77 13 28 40 6 81 103 15 32 49 0 91 119 0 51 0 6 58 106 0 118 21 0 0 90 52 57 51 99 49 37 0 60 97 84 73 59 28 55 36 20 58 26 102 100 18 71 101 48 20 13 79 100 16 59 3 125 38 73 0 17 49 26 2 41 4 82 57 63 40 117 41 80 52 60 89 114 0 27 42 11 81 73 117 0 47 93
111 125 38 81 18 74 105 112 121 94 115 55 93 22 50 11 8 13 53 101 43 46 106 38 36 64 78 114 107 57 88 31 0 84 81 111 14 2 110 54 23 64 121 66 22 110 43 62 97 90 31 84 23 108 73 53 104 112 61 78 75 70 71 18 119 80 13 116 39 1 65 103 25 95 0 76 64 103 86 110 125 61 71 77 5 117 33 97 120 3 43 74 104 27 90 64 116 10 113 72
23 73 28 17 76 91 109 53 103 81 31 84 94 42 2 108 36 94 23 41 94 69 103 61 61 76 118 46 20 64 104 39 116 75 9 47 110 83 19 11 24 8 71 84 110 45 70 17 0 58 6 74 56 42 53 42 25 41 2 43 107 19 67 60 75 120 49 92 46 122 112 124 77 26 82 72 122 121 67 33 84 100 61 63 107 24 32 75 105 0 40 30 71 88 74 29 66 62 96 36
125 60 1 100 18 89 30 9 120 26 98 17 121 31 29 21 96 42 118 44 34 5 0 12 19 61 51 14 28 75 104 81 54 63 49 99 73 4 36 119 11 77 74 80 78 87 31 115 1 59 92 0 125 18 121 93 60 122 7 99 23 89 53 93 29 10 58 59 32 51 89 11 70 91 10 99 65 55 52 97 83 24 73 64 62 15 37 45 12 84 53 114 70 59 0 59 57 58 106 59
64 65 92 67 119 44 9 13 28 66 93 4 113 0 120 19 116 50 41 6 114 16 79 119 94 50 9 14 48 94 12 36 7 14 6 21 100 111 36 16 101 115 63 1 10 39 106 29 68 38 55 22 25 55 18 100 106 99 65 62 48 125 20 61 11 124 36 45 64 121 90 103 50 41 16 15 77 72 38 121 82 22 119 20 69 88 68 63 65 45 39 42 5 6 107 0 96 30 102 15
53 1 37 68 10 118 42 101 67 93 18 88 18 78 65 76 42 50 29 8 114 119 110 33 45 3 54 74 89 86 54 13 73 6 36 123 82 46 71 0 59 31 31 36 55 78 37 70 30 36 125 88 107 49 1 19 0 67 112 43 95 115 36 13 73 7 3 93 84 44 69 94 38 109 49 32 0 103 8 55 31 107 57 43 61 61 73 111 100 116 64 80 119 58 111 105 108 112 49 121
91 30 10 53 19 80 53 71 81 70 12 90 71 97 51 22 66 119 57 75 62 47 95 92 14 52 42 108 59 61 9 11 71 22 3 60 74 46 14 82 16 17 38 79 58 81 95 80 10 19 43 118 53 70 25 121 111 125 16 0 120 120 25 68 0 8 110 1 110 63 14 25 1 118 40 60 120 56 118 88 34 67 110 30 92 8 119 72 22 75 20 36 114 81 96 87 18 121 49 71
30 83 43 68 8 0 65 79 28 75 58 103 73 104 38 77 18 71 24 121 5 0 58 5 24 34 103 20 81 1 37 44 107 18 57 87 58 60 20 15 30 0 82 60 56 17 2 18 82 61 59 14 69 106 95 110 125 51 125 5 67 97 62 30 29 1 0 0 73 46 61 0 41 11 100 112 84 93 87 81 2 114 82 28 25 35 44 38 19 29 89 48 69 14 40 23 87 85 121 112
70 9 44 33 0 80 9 9 57 19 29 102 73 104 52 48 70 28 39 21 91 74 50 46 114 46 125 124 88 121 13 83 0 0 30 94 9 15 108 26 17 7 96 98 94 121 18 118 57 31 0 0 109 59 70 7 48 0 83 51 40 107 94 9 96 108 109 96 0 35 70 51 0 19 1 37 72 18 17 53 20 68 0 0 103 115 95 9 13 99 56 63 61 15 50 50 20 102 0 97
88 101 44 50 0 43 117 120 13 87 0 47 0 78 0 106 0 107 9 95 6 87 52 107 0 36 13 4 119 92 116 41 87 94 83 29 119 0 0 0 38 54 29 96 70 113 0 11 100 111 27 106 0 80 101 90 38 41 39 124 73 18 7 42 48 83 36 97 93 101 9 65 91 13 26 95 54 11 124 39 22 33 104 95 122 22 91 68 34 65 95 125 3 38 125 91 125 85 103 0
19 39 118 105 31 125 18 51 124 24 37 34 119 73 56 24 115 26 76 106 75 110 125 35 37 74 53 55 5 116 37 115 50 85 53 81 33 123 42 100 64 121 98 116 60 0 52 64 94 111 17 0 34 105 107 37 103 121 10 123 9 2 3 60 93 41 47 9 55 98 36 81 8 69 12 24 123 29 65 37 6 125 105 114 100 121 54 114 47 112 98 84 89 81 19 86 25 84 17 26
9 66 97 81 32 22 3 68 82 79 54 30 107 22 70 95 94 41 58 81 61 71 112 61 79 1 71 99 95 1 15 10 1 93 58 115 20 122 73 125 85 32 33 109 110 60 46 100 76 10 36 62 53 6 14 98 77 87 14 96 53 46 66 124 41 51 103 71 16 88 45 96 92 23 39 25 81 24 70 98 106 0 119 72 42 95 74 90 68 98 45 110 48 121 80 35 7 12 53 115
28 118 113 20 70 93 74 87 17 121 28 11 75 22 85 46 40 50 81 15 9 117 112 118 95 1 106 0 23 44 78 7 10 113 65 116 113 39 12 118 60 114 112 119 53 113 68 66 94 112 99 108 14 26 103 20 111 101 73 101 79 86 88 102 3 58 38 124 47 62 84 77 90 79 57 88 113 84 10 15 25 80 69 64 52 72 113 104 65 62 24 32 118 2 34 113 54 111 31 0
19 61 50 66 84 91 20 42 0 107 97 32 46 44 86 77 82 37 7 101 43 102 113 33 114 121 20 18 12 115 12 25 112 2 85 18 73 124 30 21 71 90 94 88 40 57 68 20 56 4 120 40 113 43 84 14 71 9 119 26 22 77 6 19 91 6 72 48 4 104 35 115 29 105 101 20 39 6 86 72 47 121 68 14 122 106 110 40 76 119 78 24 41 12 85 33 37 35 80 39
98 40 123 22 1 104 14 50 56 96 66 12 8 3 92 118 11 6 50 29 25 28 60 0 114 6 36 86 43 19 51 72 109 94 24 95 18 28 37 14 105 34 14 52 76 86 4 46 27 64 40 53 104 17 99 0 0 112 34 43 88 46 105 9 75 118 121 125 3 91 92 7 5 78 81 72 69 124 26 50 47 10 58 67 70 83 36 30 10 20 108 115 124 117 93 44 96 103 57 11
3 67 0 42 18 106 121 0 120 42 43 73 54 0 110 33 20 0 19 0 50 62 2 60 101 122 87 96 75 90 93 47 39 116 0 112 74 1 0 45 9 94 23 97 52 56 40 2 62 37 75 92 113 57 89 50 2 122 30 45 0 20 59 123 47 51 110 116 27 49 44 70 88 18 100 114 42 113 1 74 47 45 0 72 0 23 125 38 107 97 72 26 0 0 95 111 41 102 0 67
41 88 81 40 48 125 65 88 33 54 78 20 47 96 23 33 0 77 0 47 105 119 15 102 92 108 38 75 37 28 76 116 8 36 112 49 125 84 52 20 65 15 96 35 102 61 1 77 57 23 123 49 12 37 22 121 78 101 27 31 59 87 22 29 77 58 96 73 82 54 109 32 65 82 44 120 80 97 94 7 11 81 59 60 64 60 23 59 105 70 52 117 78 88 100 10 88 75 108 91
43 51 91 11 115 23 6 112 93 57 87 42 90 54 112 37 109 115 16 83 91 21 102 104 16 91 24 95 39 10 111 1 29 6 119 42 86 79 70 29 89 67 12 43 84 95 34 70 26 4 115 37 118 43 97 103 21 41 120 12 27 89 14 6 103 76 96 108 32 17 108 111 25 0 118 125 24 55 80 11 96 1 48 50 107 0 102 110 69 49 41 107 92 80 118 76 27 110 96 18
95 7 0 10 105 7 105 5 51 42 60 14 35 100 60 11 82 0 110 73 25 99 39 75 122 11 67 124 109 104 0 18 122 104 97 9 78 22 65 42 26 51 117 0 79 27 33 49 49 58 83 104 4 56 50 92 103 7 39 86 91 33 41 60 117 73 68 5 113 81 102 104 45 18 61 99 113 78 73 0 63 74 46 33 113 33 3 74 59 15 114 7 124 45 77 79 0 107 10 53
79 122 84 24 45 38 91 109 70 4 42 89 116 123 57 39 52 55 44 108 18 77 52 121 42 63 7 70 5 92 34 95 115 54 17 57 52 72 95 0 118 70 123 0 23 6 76 16 104 65 24 48 104 26 0 59 9 107 107 12 12 70 33 57 24 28 49 90 84 6 18 92 51 90 24 66 26 33 19 48 17 20 90 88 61 12 0 82 81 106 50 8 121 115 21 85 36 20 117 72
18 58 0 81 81 121 25 114 39 47 76 8 121 92 0 0 115 65 64 63 0 64 113 11 100 72 43 75 55 102 89 106 110 81 84 9 99 8 23 93 114 124 47 121 78 73 100 47 6 105 0 3 62 60 98 0 38 98 47 99 0 45 106 115 9 32 25 51 93 107 124 51 63 34 19 105 23 121 77 40 67 35 70 63 79 85 27 19 66 5 96 67 115 109 109 54 22 60 87 80
39 10 48 108 71 25 119 87 16 45 85 59 93 5 86 111 47 101 44 0 73 11 30 93 76 28 99 92 119 93 103 103 27 61 67 0 15 7 113 3 85 71 105 56 99 21 97 102 110 79 12 102 81 67 93 47 63 56 123 92 89 53 30 34 99 56 47 63 110 0 81 2 48 16 24 74 54 21 61 91 8 16 98 37 10 66 27 121 111 22 11 48 66 108 0 120 0 125 29 94
49 23 64 0 74 48 3 65 32 102 24 17 62 115 88 116 51 117 17 18 81 105 75 23 69 96 59 97 0 69 54 111 56 39 14 16 4 26 9 65 42 86 99 77 119 91 0 10 38 24 0 82 94 117 55 95 82 121 58 50 15 68 0 112 95 81 78 66 71 40 7 120 118 10 36 76 85 86 69 86 79 94 10 56 101 26 21 12 5 76 41 95 60 7 20 26 3 27 18 11
105 8 120 31 100 2 120 92 81 20 99 53 22 90 119 19 104 23 87 101 124 17 35 63 79 101 0 87 21 63 102 43 120 6 102 35 74 117 57 23 109 1 7 8 15 0 86 111 54 82 62 106 89 108 91 52 1 123 65 87 79 10 124 28 117 86 63 29 45 122 55 25 93 97 58 2 119 114 47 117 67 69 121 122 37 64 99 120 2 104 67 53 117 95 28 115 34 1 98 12
13 78 114 67 112 14 67 100 55 53 0 63 45 20 103 111 38 13 83 8 62 13 113 25 42 12 48 31 60 0 79 56 21 40 96 46 124 94 35 32 25 116 36 22 105 5 92 121 17 83 29 50 51 101 119 100 50 119 12 117 13 0 78 119 67 2 60 95 46 69 91 20 0 12 117 76 0 0 87 100 0 40 52 17 117 84 91 92 57 7 61 63 0 11 48 62 10 52 50 124
72 115 119 37 86 84 0 91 75 119 13 82 53 113 47 113 54 82 0 55 123 106 46 27 90 49 45 45 58 78 21 54 31 108 5 111 108 4 0 122 0 68 60 0 58 120 85 121 0 0 6 0 8 35 57 106 65 70 73 15 83 22 84 35 14 110 111 56 117 44 10 89 52 27 67 57 62 97 73 72 5 54 35 46 50 6 10 12 32 0 4 0 29 116 3 38 84 37 26 110
20 86 13 116 78 35 42 65 119 25 9 58 77 31 16 32 29 122 19 29 117 82 30 22 18 31 75 21 52 90 101 111 16 20 56 34 18 106 62 45 92 107 75 28 60 0 123 79 117 64 87 117 54 1 90 27 11 102 120 23 19 71 47 84 15 116 0 29 20 96 75 75 32 109 74 13 97 46 71 21 99 41 50 14 46 68 36 99 93 3 25 32 33 81 82 29 63 22 60 49
1 24 105 4 115 125 47 87 42 24 114 9 70 80 54 78 121 95 39 15 117 23 0 0 99 42 49 117 43 19 110 82 80 93 58 10 78 0 14 116 18 31 122 22 4 99 49 95 101 39 59 110 14 81 94 108 0 15 66 29 97 107 0 105 121 59 57 57 0 114 38 11 118 2 37 27 19 77 34 42 23 0 17 13 64 20 62 103 76 0 68 38 1 99 105 115 26 27 18 111
58 19 81 40 0 1 46 27 115 29 71 69 105 34 58 40 102 44 24 115 100 79 101 86 69 109 60 110 64 53 17 47 7 87 69 19 94 19 48 12 43 23 66 89 67 20 27 79 54 24 91 0 38 73 122 3 71 124 1 14 110 99 62 92 0 24 40 101 54 43 80 68 117 4 95 18 20 77 54 121 83 44 12 20 10 71 0 65 7 0 94 23 103 62 112 22 60 39 110 16
117 106 69 20 66 81 69 58 107 25 76 30 51 34 81 102 21 81 26 29 23 49 125 35 24 88 30 0 20 87 41 58 70 24 116 0 28 43 7 82 56 96 89 58 7 66 122 84 6 105 82 6 8 65 53 20 17 72 54 41 38 53 17 8 121 121 78 11 122 75 120 44 39 83 79 77 79 117 15 50 77 20 102 86 112 77 104 13 41 88 106 6 104 119 34 7 50 37 91 85
66 53 48 31 33 104 85 88 46 108 116 92 0 3 83 53 41 19 101 96 75 6 52 47 122 7 68 35 46 91 57 45 28 41 80 20 104 112 24 7 10 82 101 112 9 98 114 73 29 10 34 30 108 44 35 10 80 94 56 112 102 52 0 84 71 86 10 73 37 14 53 90 90 24 71 103 0 0 107 108 49 99 104 25 8 75 14 51 56 58 110 122 26 93 117 2 123 81 25 99
49 89 24 103 101 62 0 39 59 0 27 58 90 0 59 10 70 86 31 80 61 35 31 105 56 39 75 74 23 69 15 46 96 94 80 7 74 75 4 100 59 30 4 105 120 71 119 85 54 76 0 91 116 53 8 65 117 78 69 53 36 64 28 9 15 75 16 18 104 66 122 57 81 0 110 23 13 0 0 111 8 6 122 10 0 23 85 112 113 98 53 96 7 34 67 33 107 123 55 2
0 18 12 106 110 6 87 65 28 119 16 5 110 102 5 50 77 26 65 70 13 46 121 22 24 52 22 96 25 81 52 86 10 76 109 4 0 92 89 20 37 11 15 20 29 6 44 0 105 95 91 31 103 7 2 125 43 106 35 36 56 61 87 108 41 81 22 65 80 72 7 29 0 48 45 100 21 108 82 87 85 42 89 93 110 28 82 25 9 94 64 72 14 125 107 113 23 51 31 67
11 124 47 107 5 60 0 119 114 42 57 70 63 72 52 47 0 124 125 93 63 15 48 0 0 21 115 103 20 25 110 5 50 72 87 93 115 34 33 25 21 94 39 56 57 21 74 123 82 76 75 113 99 44 69 115 72 94 56 80 0 90 114 102 18 43 25 37 116 4 85 91 119 52 73 3 76 29 107 76 62 49 94 48 75 19 1 118 86 99 114 100 71 30 92 109 42 31 84 14
26 52 100 27 116 0 103 92 60 17 3 43 16 78 76 7 74 89 62 0 106 111 13 85 103 46 56 99 103 41 91 16 70 89 124 20 0 28 14 82 65 43 91 63 84 109 29 87 22 42 19 1 25 0 108 0 109 60 94 125 120 65 37 23 66 120 57 61 103 121 41 5 46 0 55 17 30 38 48 70 43 27 55 33 23 0 36 107 89 11 123 94 17 58 17 9 93 45 89 12
47 86 33 35 8 89 24 97 92 33 59 79 119 89 61 27 124 26 32 94 102 122 105 38 39 26 43 107 22 88 19 46 122 0 43 60 22 56 0 38 18 49 93 24 100 9 125 90 76 9 104 114 118 112 64 9 91 44 94 30 121 1 106 91 75 66 29 64 60 0 33 33 80 62 61 4 79 108 7 23 90 29 84 9 119 116 56 86 23 0 71 103 122 54 89 109 25 15 102 1
17 122 73 36 69 69 87 39 115 115 73 124 123 22 77 95 24 4 91 117 19 62 94 58 90 5 8 36 56 29 100 118 4 96 8 23 66 49 89 17 0 82 81 120 107 0 30 112 35 110 102 15 28 83 36 35 103 25 107 87 69 107 34 100 19 112 118 107 67 118 82 111 59 40 62 48 78 67 74 39 78 0 121 98 25 55 5 117 109 20 117 72 47 78 79 53 84 2 70 52
