100 100
125 37 109 47 75 13 78 54 82 50 28 117 54 18 82 59 69 0 37 0 92 110 109 73 112 45 109 123 7 102 93 66 19 94 50 6 109 37 65 70 75 18 60 22 7 94 114 3 3 42 81 71 115 124 0 0 107 125 29 116 71 27 82 88 0 24 98 46 29 0 7 60 51 115 99 91 50 44 58 123 30 0 91 77 0 61 102 80 38 66 99 52 79 45 18 42 25 89 111 23
64 96 80 16 62 120 92 6 94 90 95 47 122 70 53 80 29 69 45 32 69 10 5 89 77 28 82 102 23 12 27 60 125 57 83 30 8 23 52 27 107 101 105 36 52 71 72 62 48 23 87 54 55 2 57 0 104 77 96 68 25 87 55 123 4 91 9 93 9 94 10 123 90 61 103 58 24 43 97 1 104 20 103 109 122 58 80 109 61 125 0 0 41 0 77 55 89 4 66 91
23 30 106 1 93 36 85 58 17 89 73 56 45 43 33 100 124 111 43 10 13 82 5 121 101 23 113 79 26 118 56 62 83 79 4 16 55 49 124 50 104 66 106 59 111 121 49 10 40 106 30 31 99 95 35 45 91 0 81 0 0 16 45 71 9 91 50 108 41 45 4 1 107 18 1 80 5 2 6 63 77 25 117 38 121 15 101 31 85 104 103 107 15 118 75 38 102 84 100 32
80 96 18 18 44 42 106 35 25 78 16 64 66 122 17 87 38 53 34 95 91 20 5 80 60 0 0 46 89 9 88 82 33 0 57 112 32 51 6 119 58 27 80 36 87 72 33 15 117 13 57 105 23 107 77 106 80 99 98 69 104 118 110 106 27 124 47 51 85 101 95 38 65 102 31 119 112 56 93 101 36 12 49 12 54 14 14 41 7 68 18 58 114 94 19 91 39 0 100 6
87 38 12 41 13 10 17 64 15 74 120 23 122 91 87 110 24 46 4 45 14 21 27 105 96 8 73 5 23 25 16 0 105 82 26 27 70 7 99 24 0 13 5 12 91 21 112 46 51 23 5 67 16 93 74 113 106 75 37 57 73 26 39 92 6 37 125 23 104 35 53 14 9 19 96 104 56 22 52 13 35 47 112 3 89 124 92 21 65 31 85 101 104 66 87 21 36 54 79 86
58 28 10 53 19 58 89 97 108 5 17 59 89 60 57 13 1 48 44 110 106 101 40 122 65 87 4 101 26 65 31 22 100 79 84 11 72 43 95 5 10 3 76 17 69 13 10 102 71 45 80 73 121 51 121 55 123 65 83 18 71 60 113 117 77 101 88 100 6 94 97 21 77 68 70 26 109 125 32 109 41 47 38 71 100 0 55 29 72 71 8 101 19 119 70 77 99 24 9 2
46 82 0 3 44 111 42 18 14 41 104 50 19 114 122 2 24 21 78 71 46 63 65 125 43 113 42 52 10 71 90 38 50 61 64 34 20 116 101 90 98 49 118 113 109 122 56 83 122 108 46 91 47 39 72 0 27 118 71 38 46 93 0 32 19 87 93 98 63 90 20 66 117 79 50 101 69 98 57 3 103 53 50 19 6 64 30 103 92 7 122 30 85 62 86 10 113 93 119 45
94 0 95 22 71 47 91 116 30 91 0 76 61 102 58 106 0 123 81 114 65 28 10 98 45 3 72 80 90 25 93 104 79 0 124 0 33 44 51 115 78 0 114 42 22 87 14 32 20 1 10 111 27 122 24 41 0 44 0 51 16 0 74 118 80 26 0 98 39 107 120 83 0 17 0 10 39 0 113 12 5 53 11 96 0 97 10 24 0 7 113 93 16 106 104 108 52 0 39 44
11 56 43 49 54 107 2 44 42 75 18 99 121 32 39 12 85 13 100 0 11 1 92 97 107 39 111 101 12 47 107 37 66 2 85 65 36 17 117 89 114 52 96 58 2 94 5 76 33 25 26 116 125 7 33 98 60 41 108 112 121 37 124 77 92 55 10 27 12 26 118 82 78 119 80 56 25 94 100 71 88 4 111 46 118 116 109 119 31 116 0 87 109 76 1 117 27 69 64 123
13 51 78 83 7 118 7 74 36 18 71 71 46 57 107 0 70 31 93 66 20 49 99 28 120 94 25 3 66 14 101 33 54 72 57 24 75 111 108 64 0 69 88 10 13 65 63 45 94 5 112 94 86 39 27 2 47 47 0 12 44 38 35 110 76 63 115 31 91 110 11 37 23 49 77 90 45 45 24 33 67 11 100 74 82 11 77 107 82 70 38 47 90 41 19 63 112 104 107 121
123 35 80 89 19 76 41 31 90 104 0 46 93 34 38 120 118 0 0 96 24 121 98 27 9 35 0 104 38 80 2 113 2 67 5 6 0 13 0 75 36 40 86 88 24 87 44 35 92 0 63 5 107 66 49 80 4 21 67 18 29 42 124 7 0 68 24 118 121 30 77 106 62 16 31 81 65 101 54 55 122 6 30 84 18 35 117 36 38 2 96 57 78 115 83 72 87 85 88 87
36 79 119 6 5 14 19 116 18 91 60 125 52 121 36 2 16 99 0 0 53 0 70 40 25 75 100 100 99 84 102 25 61 78 101 0 18 51 40 105 16 104 108 118 110 10 35 57 2 124 55 104 74 86 0 121 57 81 27 30 48 125 103 19 96 106 101 94 116 36 74 85 42 116 38 5 25 78 81 0 2 92 9 93 57 94 80 57 110 119 60 1 23 39 37 26 62 0 93 66
1 31 29 34 49 5 54 121 36 122 10 125 11 73 62 22 72 44 1 104 101 108 114 23 23 92 115 107 93 45 108 62 6 117 27 12 104 41 89 75 70 29 68 16 58 46 80 74 82 105 4 70 81 40 102 54 96 55 111 88 17 125 74 28 0 27 42 8 22 27 4 74 108 72 94 56 5 71 29 7 109 5 85 5 110 106 87 71 35 103 49 106 92 54 90 10 115 17 15 58
55 3 22 120 76 39 123 94 103 6 82 65 106 115 75 41 95 0 37 52 6 100 73 85 13 53 79 92 83 100 83 124 53 40 0 27 44 85 122 115 30 68 111 123 122 23 116 19 41 14 10 56 8 4 86 83 112 123 71 100 67 0 55 92 21 40 87 39 78 80 93 111 46 29 0 2 50 80 74 19 89 26 71 37 111 51 3 66 49 89 6 87 110 84 51 22 106 100 75 30
68 96 107 106 48 12 2 77 0 66 60 7 0 0 17 61 118 15 0 34 89 0 110 0 11 6 50 9 77 17 33 0 90 85 102 24 65 105 108 107 73 77 35 0 98 105 43 0 57 43 88 76 122 0 42 49 26 0 112 100 40 51 41 22 0 67 0 93 36 18 93 48 0 46 17 21 0 109 2 70 83 89 65 101 17 83 83 98 123 13 113 60 114 77 18 32 8 29 30 117
66 108 50 29 92 43 72 0 33 0 99 86 88 106 30 0 94 17 112 48 43 84 16 61 47 60 67 67 99 42 23 34 32 8 90 17 1 77 63 100 46 60 122 76 29 56 0 115 1 0 0 89 61 123 30 19 29 92 73 0 45 96 92 111 122 47 51 91 0 19 0 43 122 4 25 88 104 59 112 103 90 38 60 53 101 95 107 0 0 103 21 0 40 66 109 36 0 29 87 0
7 8 86 114 89 65 94 67 67 9 28 71 66 104 49 29 120 117 75 30 1 44 106 114 27 15 87 4 15 28 5 4 48 33 118 39 24 38 13 15 17 55 19 82 0 107 119 53 3 32 101 101 44 41 3 90 33 80 92 66 74 0 32 98 44 70 109 0 24 42 63 18 65 70 58 78 46 57 48 84 36 39 100 117 110 86 55 72 19 123 1 33 64 110 76 83 44 81 15 33
79 0 0 44 21 100 20 9 35 69 114 121 57 66 43 87 68 0 59 9 49 57 65 55 41 47 102 76 55 41 47 26 88 104 13 61 25 116 69 55 34 22 58 82 101 44 14 77 69 45 0 62 29 25 77 59 117 20 65 67 30 112 14 4 111 83 8 43 8 61 70 99 121 119 76 36 21 9 49 56 73 72 48 78 24 49 97 29 62 0 100 31 11 88 95 62 57 97 25 83
56 105 113 95 87 114 120 40 82 80 32 98 95 46 97 110 47 95 101 56 4 30 87 95 54 69 18 63 9 96 72 44 112 20 78 78 16 77 113 106 38 96 17 37 97 34 101 62 103 43 0 119 53 125 125 122 63 38 43 65 58 57 96 122 0 47 85 40 43 91 11 114 93 92 76 36 20 100 70 24 25 20 17 77 83 43 18 10 92 78 10 56 23 44 9 11 75 29 47 24
50 0 62 30 68 65 74 73 85 59 80 116 0 11 0 17 121 28 0 29 11 54 22 13 64 103 66 125 29 70 98 7 100 67 29 14 20 48 79 120 78 78 30 120 88 102 90 10 96 125 120 63 0 10 20 7 90 51 72 0 34 115 4 0 80 105 47 79 87 30 0 61 87 22 22 33 104 68 103 40 32 51 80 49 14 14 78 19 104 91 29 0 98 37 57 103 52 124 57 124
42 0 123 17 84 115 27 11 99 19 29 37 4 68 28 0 65 60 92 0 57 0 69 0 32 115 114 1 28 72 44 120 83 50 92 75 38 9 67 0 30 99 29 99 98 0 116 113 45 16 71 76 34 61 121 83 21 24 10 18 121 29 113 53 113 54 5 77 28 16 123 27 30 12 61 102 25 37 33 15 28 57 106 57 74 95 64 123 113 86 114 44 16 85 26 11 71 18 118 33
109 70 107 119 87 87 0 107 70 30 17 10 0 84 83 112 0 95 44 56 112 40 34 106 45 124 83 58 111 94 67 11 56 44 1 121 20 19 0 93 7 68 22 69 114 77 71 43 85 18 63 121 0 61 62 19 37 47 62 85 98 0 30 107 6 84 11 103 104 111 82 100 81 82 5 61 0 116 71 88 64 72 7 117 39 96 109 93 53 0 25 24 73 30 57 20 0 38 112 102
65 104 95 86 27 91 16 52 57 46 99 101 121 17 117 114 30 0 47 40 118 97 65 123 58 22 97 92 102 61 103 113 61 90 67 0 83 61 94 63 97 124 31 97 77 24 76 109 81 16 36 82 62 23 4 85 36 56 66 48 29 78 79 104 97 26 47 37 0 55 9 52 69 63 93 88 21 19 108 98 70 2 29 92 0 63 25 125 103 9 72 55 8 72 60 60 125 1 105 113
11 96 0 7 30 76 109 89 87 100 101 115 0 16 0 125 44 75 103 61 112 8 103 115 70 104 106 6 26 63 89 68 53 72 72 33 33 93 90 24 53 19 51 56 25 6 87 98 43 113 30 92 37 1 25 55 48 81 45 52 90 99 30 83 118 48 78 68 80 94 0 119 15 11 110 36 14 112 94 7 75 46 58 103 46 95 120 118 87 56 125 87 59 112 77 85 66 96 42 11
12 75 87 68 114 68 9 113 25 0 116 21 39 82 99 31 62 43 77 45 123 86 75 6 115 63 60 61 120 117 0 56 83 11 81 12 70 120 104 104 114 88 49 30 58 87 34 79 96 24 73 53 82 90 80 112 25 0 6 119 16 35 96 18 83 21 33 40 103 115 17 71 11 85 97 116 54 60 0 67 84 119 10 18 37 57 110 57 109 114 11 54 114 104 40 6 7 93 6 45
95 68 0 43 113 6 93 0 82 40 34 91 88 74 24 86 117 6 124 55 12 97 4 20 27 44 63 14 86 57 108 7 107 64 0 3 46 82 38 48 34 94 78 99 59 0 48 2 42 15 12 113 104 43 38 34 22 86 29 90 18 70 37 1 80 104 6 23 104 22 112 117 106 117 84 60 0 74 77 46 29 43 106 85 88 79 10 28 40 59 21 76 6 101 20 88 0 55 89 22
66 37 114 15 122 78 37 109 30 60 39 6 40 0 113 28 19 93 53 107 25 90 59 50 84 54 70 24 54 14 23 35 112 36 26 0 92 70 64 36 107 49 11 3 122 69 36 13 91 92 111 15 123 10 37 98 6 115 0 85 101 56 112 4 94 81 86 48 48 11 70 116 0 6 92 26 120 113 57 48 73 1 116 82 68 0 109 83 76 106 23 33 112 44 113 115 115 19 95 24
6 11 53 87 87 107 123 86 85 108 25 37 81 30 95 39 108 56 20 0 89 60 59 73 61 37 3 78 3 3 76 118 45 51 39 98 86 58 66 39 87 111 1 118 27 72 31 90 38 32 78 94 85 89 4 117 9 40 0 118 113 53 11 33 87 62 68 26 103 89 64 71 82 103 122 29 110 90 97 22 63 7 40 20 32 55 3 42 28 68 49 85 108 9 63 91 91 34 106 37
74 77 38 41 64 36 103 33 124 33 28 34 29 113 115 0 21 109 50 71 4 3 61 59 22 24 88 69 93 2 83 118 25 104 67 64 107 81 25 39 78 5 7 29 30 28 118 71 41 121 64 28 67 88 77 11 19 53 112 21 39 118 55 71 46 70 117 88 28 19 47 82 76 71 0 54 89 29 41 78 122 88 18 125 79 46 61 102 102 108 0 74 11 113 22 61 39 35 0 116
91 62 0 114 41 69 41 121 0 73 12 71 21 0 112 52 38 114 55 57 103 15 30 47 109 0 0 7 0 0 36 72 89 49 11 33 122 51 57 78 55 67 63 73 70 66 0 13 12 64 118 70 58 91 76 100 51 113 0 0 120 75 72 91 40 113 5 104 15 110 66 4 0 97 2 99 30 74 49 49 75 0 0 45 82 0 93 107 12 116 14 37 4 4 35 34 36 23 65 84
1 28 92 56 33 66 60 40 25 41 110 89 48 13 0 36 52 1 23 56 7 92 12 93 27 17 101 100 38 13 27 4 122 65 84 54 82 69 91 92 108 0 40 3 70 103 86 53 107 18 84 53 58 119 106 0 0 86 66 11 124 32 113 12 81 34 18 34 108 91 90 106 28 123 16 0 9 103 82 24 43 122 0 115 16 26 110 24 30 81 32 28 96 24 87 104 4 88 66 46
58 35 48 47 104 79 110 28 124 47 112 50 70 9 114 116 51 113 104 119 31 0 56 69 26 20 103 25 39 9 6 69 32 79 107 7 74 25 118 11 61 38 88 41 111 66 86 26 67 17 26 95 77 63 34 7 93 4 52 53 89 118 119 57 118 71 4 99 82 28 54 112 85 41 50 96 124 87 121 117 119 58 90 122 115 77 34 107 109 49 55 23 104 0 107 110 18 71 112 68
83 112 9 0 96 35 4 67 18 13 64 41 117 38 28 113 17 68 0 0 8 67 95 45 73 76 26 36 113 108 35 22 30 110 16 85 63 125 58 65 68 45 65 24 0 67 22 73 37 3 37 74 21 11 89 33 69 51 114 51 30 102 42 79 70 3 19 35 119 62 64 24 33 57 103 85 59 53 107 82 31 125 17 78 2 120 75 22 37 105 87 114 107 36 81 15 82 0 61 24
29 58 3 31 46 6 57 64 28 116 80 76 106 111 37 113 97 83 66 98 36 123 15 65 17 102 17 108 88 112 73 120 65 16 5 32 93 123 64 114 40 10 6 49 0 105 103 26 3 67 34 45 124 106 65 125 119 124 124 105 25 48 40 10 74 77 28 60 120 88 113 63 70 61 59 54 83 63 98 96 77 29 71 10 73 23 31 27 90 31 7 107 64 33 9 22 46 56 37 8
11 73 24 120 64 89 16 3 82 75 69 69 74 101 64 90 108 80 18 62 27 0 58 46 88 108 76 0 58 99 109 0 101 27 43 121 18 82 47 81 98 11 69 0 83 100 4 44 65 103 0 107 36 24 116 0 111 47 4 37 61 94 4 43 17 13 49 76 16 96 43 54 123 122 0 91 0 107 3 100 54 61 8 96 59 0 39 37 60 12 69 32 83 113 37 34 2 56 115 0
20 12 0 107 42 125 3 10 72 73 15 105 8 15 32 103 93 113 65 125 104 91 68 81 40 36 47 114 94 98 110 12 39 0 68 0 102 34 4 46 107 96 118 13 34 73 0 78 0 14 45 56 0 79 33 46 106 37 11 123 45 99 8 31 30 76 28 18 99 13 112 41 116 54 34 11 29 0 66 120 89 28 32 100 91 85 0 46 51 43 29 47 83 37 40 54 77 79 88 8
0 36 40 108 104 25 86 38 115 10 11 29 0 120 83 113 18 41 0 54 28 2 114 89 96 70 33 88 39 35 83 0 115 62 0 53 3 0 123 88 55 48 119 61 100 63 125 88 26 31 89 21 7 78 86 0 23 74 0 92 50 32 50 89 12 117 37 105 39 28 108 7 10 24 11 3 40 16 67 38 107 62 38 79 32 109 118 33 82 90 69 78 116 70 103 1 43 95 32 0
74 54 70 86 99 67 35 47 5 81 41 8 42 18 82 73 123 23 21 112 16 106 21 96 61 108 25 39 32 3 76 81 0 77 92 43 86 44 114 17 6 99 112 116 96 107 92 32 108 72 22 28 94 23 35 16 85 28 89 46 15 27 105 90 7 67 90 60 79 117 57 92 81 89 51 99 100 44 21 6 14 56 38 93 42 30 91 36 77 28 86 0 21 34 31 47 66 18 98 84
47 45 114 0 60 29 71 45 11 118 73 33 5 67 64 54 55 56 44 80 11 46 75 81 6 27 55 54 117 71 46 74 19 26 87 58 91 17 67 36 78 113 69 113 97 44 112 83 47 59 46 14 75 97 15 124 125 112 61 100 94 97 67 45 9 77 10 22 47 44 72 30 111 12 108 84 78 87 23 59 2 1 100 28 85 102 21 14 77 93 1 111 20 106 94 79 119 54 88 68
9 45 24 4 14 48 39 28 116 120 121 116 0 24 8 104 22 29 59 42 116 64 32 113 59 6 23 32 72 42 5 22 49 111 0 95 3 0 102 76 83 0 113 67 37 90 7 83 12 11 47 40 76 12 46 0 52 95 58 56 103 18 84 91 42 118 73 28 82 63 14 116 30 108 113 87 62 94 110 32 2 5 47 114 31 1 56 112 19 105 33 34 118 57 77 5 70 93 64 48
93 82 1 84 60 98 20 12 14 65 60 83 22 64 37 28 18 82 106 69 52 0 79 74 47 28 77 0 121 57 6 10 0 36 65 55 115 107 96 0 15 22 101 123 80 3 109 41 0 0 108 114 107 74 29 56 68 24 64 113 23 38 4 120 65 71 121 0 105 1 29 44 31 81 108 81 15 26 81 120 41 56 100 34 77 98 84 102 95 114 25 117 103 53 71 61 26 114 57 122
57 57 122 50 74 39 52 21 10 43 54 24 0 110 11 97 89 26 70 121 63 93 101 82 91 81 22 78 15 16 78 69 42 56 73 29 45 83 87 117 100 79 0 29 96 65 0 21 62 14 81 73 102 90 75 12 57 101 36 73 120 77 13 71 20 47 30 59 0 105 43 34 100 0 84 50 0 89 97 75 80 75 64 80 48 68 62 114 101 46 91 59 56 54 38 36 5 12 10 18
87 26 94 4 68 61 75 63 122 85 85 101 56 66 64 91 56 20 87 69 0 39 96 0 72 40 97 0 88 76 87 119 40 26 103 101 103 44 92 99 103 118 115 53 125 40 43 101 55 3 119 36 47 52 103 100 90 26 0 68 27 96 124 65 43 36 43 92 12 7 78 41 37 15 15 54 72 120 105 0 77 42 75 3 0 114 38 101 13 69 10 46 91 107 111 25 49 59 123 102
52 22 56 37 98 117 4 42 32 20 53 61 7 122 114 67 103 82 75 56 86 100 38 30 21 124 0 31 110 110 65 15 0 6 64 50 96 52 51 102 119 61 47 0 95 74 43 82 49 18 51 43 37 6 115 101 107 9 77 34 11 71 99 76 89 117 0 14 43 36 67 50 107 94 82 3 85 78 13 8 57 6 115 42 51 106 0 42 28 8 0 48 102 122 31 58 112 103 39 111
93 32 106 82 54 57 28 1 95 118 67 94 59 80 21 70 104 113 58 43 75 80 64 64 86 24 47 112 96 30 19 80 40 2 116 81 1 56 7 114 54 74 16 39 74 73 81 117 79 25 17 26 74 99 78 46 21 1 108 121 100 4 61 5 117 0 42 67 97 117 118 123 12 92 122 46 117 96 124 125 125 2 79 122 99 30 25 100 85 33 7 119 86 3 14 68 0 31 23 44
54 20 77 73 70 0 34 5 0 11 7 0 56 18 90 100 60 122 64 74 69 50 59 0 69 95 81 10 79 6 46 8 44 102 94 14 31 81 15 115 21 44 41 66 41 5 54 76 75 0 111 57 94 96 30 70 17 64 60 7 60 29 42 97 78 93 1 108 60 76 48 53 24 46 64 40 83 73 27 60 64 36 2 97 113 53 97 91 114 101 99 20 113 40 0 101 113 0 112 100
3 73 85 17 68 0 85 57 79 84 83 54 66 83 60 6 81 47 39 100 44 46 69 45 91 58 78 103 69 74 52 110 15 17 15 30 98 48 123 101 14 69 124 92 42 55 8 107 106 125 111 68 4 106 66 46 62 121 89 122 15 6 118 20 3 9 116 52 8 67 72 1 61 106 11 46 4 62 104 38 122 122 119 82 122 36 39 94 78 47 88 40 51 69 75 119 109 102 6 97
113 100 25 124 0 113 44 0 10 106 90 72 90 0 0 0 56 89 34 57 122 117 21 32 10 20 69 70 0 111 88 107 80 103 124 9 45 5 0 118 76 2 57 57 91 108 65 94 38 37 9 0 63 115 92 23 17 32 123 0 30 55 123 26 36 65 29 111 0 44 23 105 110 54 14 55 121 37 87 6 41 63 26 19 83 112 52 47 89 34 98 53 105 115 117 0 0 71 45 76
0 125 104 48 115 38 9 33 87 0 0 74 55 98 71 35 66 0 34 60 92 93 52 45 18 42 61 49 81 89 123 41 6 12 60 37 5 20 0 0 16 59 72 0 115 95 87 66 17 54 40 100 89 22 112 74 9 82 23 118 33 20 87 31 86 39 66 50 41 109 82 115 13 0 117 105 38 66 67 9 39 46 47 33 80 109 56 25 0 56 91 92 0 92 57 0 33 35 17 62
12 12 0 99 106 0 113 6 0 46 9 0 91 88 70 69 73 119 94 40 35 87 0 0 55 0 86 65 25 64 85 50 69 52 111 122 1 18 112 9 0 16 81 43 121 84 50 0 102 46 78 103 103 0 0 90 18 23 73 80 77 99 84 104 104 19 36 64 5 55 69 4 3 0 0 59 111 30 0 18 4 38 26 73 19 100 51 75 67 0 0 0 37 72 49 0 102 80 0 97
56 117 114 114 14 0 70 119 71 4 33 92 20 79 105 73 30 121 48 46 122 8 0 120 24 109 80 28 32 87 81 69 58 93 85 9 11 21 32 67 25 100 104 71 33 30 36 53 5 88 87 59 106 15 61 56 24 41 54 6 71 71 122 66 66 22 0 39 20 0 25 81 82 0 10 24 15 41 8 13 7 27 85 36 40 49 4 48 18 78 87 113 80 0 108 79 0 67 16 66
26 119 13 49 70 97 69 73 0 29 31 35 0 61 3 8 0 0 20 95 103 0 40 86 15 38 80 66 30 62 100 38 50 125 104 69 35 82 0 0 17 0 1 83 19 1 87 120 108 9 0 42 0 55 42 71 0 14 0 48 0 1 89 99 0 119 61 7 0 0 120 24 3 100 16 59 122 101 0 2 0 62 47 0 123 0 40 114 57 58 116 81 37 99 119 93 95 93 0 10
44 78 5 83 64 78 56 99 123 29 40 125 107 119 65 42 35 76 7 33 63 85 55 112 28 17 87 23 30 81 39 100 13 44 19 39 17 122 112 97 92 35 102 45 82 24 38 44 13 17 73 110 70 93 2 86 12 102 85 54 18 96 46 46 26 44 28 21 70 39 113 4 42 37 101 10 38 0 92 90 21 49 17 122 71 50 34 121 112 113 7 4 38 125 0 47 47 97 120 86
22 19 72 99 5 62 100 117 22 79 0 8 70 18 29 89 37 100 74 54 99 27 67 118 13 31 60 123 46 0 22 105 47 35 74 13 78 56 4 106 103 76 13 77 66 99 32 49 47 43 1 67 18 30 100 4 5 3 79 0 59 79 63 14 36 45 29 67 80 124 62 24 33 71 65 95 0 0 2 65 57 55 116 35 102 87 0 33 47 45 84 81 99 107 111 29 84 48 96 19
103 30 8 116 3 94 73 53 64 90 17 32 59 3 102 95 40 101 75 98 71 55 53 94 117 100 107 38 96 87 103 52 113 117 74 83 17 106 47 30 123 25 42 43 56 73 67 16 106 74 124 3 112 50 87 12 77 83 18 60 120 18 9 71 12 9 5 117 18 10 52 71 1 1 93 25 17 87 84 99 110 72 61 29 110 9 23 121 40 57 84 38 3 32 48 96 87 0 87 76
34 50 13 68 55 46 17 34 82 0 121 8 98 106 77 48 11 56 10 11 73 34 30 37 29 99 62 55 62 110 3 54 61 69 61 6 101 64 78 99 125 112 0 115 0 73 1 63 51 45 6 79 55 58 0 84 12 0 0 57 109 31 99 41 93 86 91 18 46 33 7 29 63 85 2 17 6 10 48 79 31 81 76 54 80 99 26 38 98 117 14 75 84 30 67 3 62 111 79 50
110 0 0 9 102 47 34 22 0 3 18 0 124 84 8 80 27 6 0 58 34 19 105 57 0 46 67 83 124 78 56 106 3 51 125 110 82 24 0 6 97 18 29 25 86 0 0 16 7 30 35 0 23 96 86 82 84 34 76 0 41 81 9 112 5 0 3 19 97 6 55 47 89 44 0 25 104 70 0 0 76 76 48 51 88 76 10 39 0 6 76 51 112 105 93 67 51 114 0 45
74 100 93 68 54 29 88 8 38 0 2 90 53 100 0 99 0 89 0 0 96 49 113 11 34 0 109 19 118 94 0 0 101 39 0 0 29 119 41 70 5 3 34 118 10 84 0 0 0 33 0 0 106 34 85 94 88 82 60 18 0 125 22 106 118 55 120 0 76 31 2 77 0 105 123 1 100 99 55 58 0 10 80 13 17 0 10 121 96 0 57 0 0 0 125 28 0 0 73 113
106 98 44 47 123 96 56 85 88 84 60 25 87 92 113 96 16 119 82 43 0 60 96 84 81 52 71 18 95 73 118 87 20 20 84 84 15 44 65 61 0 105 26 19 34 48 60 10 16 14 40 85 111 2 13 83 118 91 47 40 103 119 65 101 38 117 8 96 54 46 36 69 9 52 13 46 117 114 76 69 54 47 14 94 114 69 22 73 14 52 48 35 14 12 55 106 52 3 68 40
24 12 54 0 37 64 0 24 93 0 12 47 15 42 103 106 92 49 77 59 18 74 66 27 28 33 93 24 28 17 0 50 112 110 56 112 0 103 15 0 43 0 42 19 2 16 45 9 58 124 0 11 116 69 0 94 59 65 1 62 67 54 99 81 122 0 87 93 47 113 113 95 22 76 112 85 18 113 86 58 9 125 94 37 6 61 121 94 112 89 75 121 90 54 8 94 37 21 0 103
90 76 104 0 66 9 8 23 73 29 45 14 43 7 50 111 0 112 3 85 91 4 30 115 79 29 24 0 86 46 72 0 83 101 59 79 1 0 63 60 15 84 20 0 9 50 0 105 115 88 88 5 98 86 0 118 57 0 22 75 89 22 75 47 0 101 125 47 0 114 94 84 94 0 60 117 94 0 113 75 35 0 89 0 8 100 77 10 82 0 18 119 96 0 87 102 15 74 15 66
23 51 51 60 28 26 57 35 65 85 102 33 71 28 116 109 72 3 104 89 85 125 125 118 100 102 122 64 31 29 14 76 37 114 97 43 87 64 10 13 6 3 6 50 82 1 116 80 91 125 125 31 8 100 66 106 87 67 124 0 44 39 94 53 121 34 120 105 39 15 106 107 14 123 33 122 0 70 59 90 65 65 41 52 75 106 23 98 98 102 84 111 84 71 101 26 101 3 120 1
9 68 31 51 27 57 48 107 0 59 92 52 0 58 109 99 72 125 120 53 30 0 0 121 101 46 20 18 39 3 28 117 76 40 0 43 118 81 83 66 94 54 102 0 83 10 76 125 11 11 75 94 44 0 101 83 79 0 91 122 17 39 109 120 122 58 63 40 63 81 0 65 98 40 119 44 99 88 17 92 0 43 34 0 89 4 66 55 13 21 17 84 15 0 77 84 89 22 57 59
56 124 5 123 10 65 20 1 1 58 94 40 75 116 0 34 2 36 95 63 7 104 9 2 27 94 64 23 99 25 57 38 113 62 42 95 33 11 49 0 17 37 70 38 71 95 0 44 114 22 78 30 52 96 0 103 94 80 0 63 77 5 8 100 44 16 72 104 78 21 63 81 4 61 91 14 115 30 91 8 3 48 76 103 73 40 49 44 115 2 21 101 19 10 37 89 102 0 101 99
29 113 5 17 98 38 87 113 117 83 27 28 81 81 62 125 42 1 25 12 89 109 14 52 13 7 5 20 37 123 124 68 20 97 31 22 111 9 94 99 15 43 27 97 4 33 80 125 77 60 13 100 99 114 61 43 73 71 120 30 73 15 60 0 45 84 75 79 51 119 16 102 36 119 64 79 60 50 80 10 12 76 92 0 5 30 95 74 30 96 11 52 11 21 53 90 97 37 33 79
49 0 110 88 76 0 0 103 120 81 0 100 101 17 40 0 30 43 64 89 29 88 73 0 26 0 85 85 124 38 79 36 116 50 38 87 33 0 91 110 124 55 90 107 23 73 37 106 120 0 106 64 119 0 88 58 0 32 122 0 61 20 0 47 0 59 43 0 123 12 65 39 23 56 22 87 77 21 74 120 4 119 0 92 29 0 88 0 32 0 60 81 11 6 113 59 100 41 38 33
2 28 86 71 11 81 0 39 24 115 116 84 78 3 3 56 101 63 57 53 120 46 99 23 36 125 57 58 45 11 48 85 121 87 90 93 46 26 100 26 1 86 26 25 53 72 90 113 18 121 43 11 44 32 89 33 86 19 35 123 70 5 46 41 117 52 5 52 94 43 19 80 68 36 86 96 40 121 81 14 9 48 122 4 20 80 83 118 14 100 18 47 10 70 120 27 66 42 123 24
9 87 53 4 0 95 119 18 109 102 84 40 50 119 28 0 78 73 0 53 27 63 104 0 8 14 75 63 11 31 33 110 44 23 94 76 101 95 51 40 0 15 8 22 55 38 3 59 61 80 76 88 21 102 45 85 25 47 74 57 23 56 92 19 101 123 89 15 120 53 66 54 29 29 93 71 64 0 103 122 0 104 33 0 94 24 13 25 111 47 56 49 2 0 26 0 122 45 6 120
41 33 98 76 3 1 4 10 96 98 40 125 23 67 5 70 124 106 115 18 61 37 33 0 118 47 30 61 84 72 22 5 82 45 80 3 124 25 114 24 85 74 4 67 44 77 30 64 75 14 58 98 70 72 17 44 66 117 18 55 102 35 31 45 116 93 96 64 10 95 106 113 116 121 101 49 68 123 45 113 78 76 21 110 48 51 124 32 1 115 42 99 89 111 65 106 114 26 88 1
81 53 17 23 85 18 48 86 72 1 104 0 20 83 88 66 119 119 85 123 89 102 70 44 53 74 113 101 124 17 93 16 124 9 69 93 0 57 100 110 45 61 89 108 39 47 106 21 13 0 20 84 26 2 86 121 17 7 0 43 28 0 97 0 85 44 12 30 58 107 81 0 40 106 46 42 6 15 29 55 44 93 105 59 107 110 48 110 36 49 109 26 93 27 30 30 27 18 115 93
114 98 34 10 122 73 44 120 49 62 1 24 55 53 52 88 95 105 5 110 100 98 76 58 102 89 35 24 72 43 122 72 63 0 122 82 117 0 3 105 101 94 61 68 12 28 73 92 28 61 24 29 64 56 16 36 43 58 12 93 19 93 124 109 80 28 9 19 117 2 110 125 43 86 33 1 49 53 56 75 6 18 52 0 34 14 18 53 88 23 101 0 5 0 0 98 61 86 0 0
114 47 11 117 72 71 26 62 96 77 121 0 0 53 9 74 49 53 87 46 34 124 109 12 22 51 22 13 43 17 45 55 35 112 37 106 122 64 48 35 93 31 14 63 116 40 103 21 105 118 66 100 101 76 107 28 31 102 52 21 108 69 115 108 100 51 75 115 16 16 85 83 116 79 68 107 15 55 52 27 74 0 75 108 104 42 13 10 10 25 25 67 81 0 37 92 15 120 65 19
93 29 10 118 12 88 87 113 5 35 14 21 77 75 86 52 58 39 79 64 75 52 57 47 99 81 0 23 45 64 117 16 54 62 30 31 94 11 94 61 36 54 10 84 116 0 74 52 102 89 39 38 39 94 102 107 97 97 104 39 10 122 36 48 57 35 39 11 116 108 95 110 107 97 55 75 42 85 73 68 0 69 72 14 109 2 70 23 74 60 66 97 43 77 37 62 64 30 37 91
25 10 36 34 51 86 117 42 28 72 8 4 48 13 24 89 123 117 59 25 93 32 58 0 44 31 101 29 92 51 122 41 53 93 120 58 114 2 29 64 117 17 0 10 60 39 62 109 123 12 0 88 67 19 77 114 98 55 57 12 34 66 4 102 11 52 88 10 6 96 79 82 95 41 124 82 0 87 106 14 102 52 1 51 73 0 113 108 67 94 85 67 26 88 76 96 55 4 99 95
77 0 0 73 0 0 0 0 0 14 31 47 101 0 0 0 0 100 104 36 0 0 0 0 0 0 7 0 42 0 27 40 0 0 28 107 0 10 0 0 84 29 0 90 0 97 22 118 0 45 0 0 120 0 0 35 40 99 0 109 0 0 37 0 0 0 48 73 61 97 0 95 42 38 124 100 105 0 21 96 33 0 115 67 6 89 84 24 120 9 6 0 0 84 0 0 0 105 104 0
7 95 125 8 99 97 17 75 23 44 96 43 111 7 119 70 7 17 50 100 25 99 125 108 99 97 81 55 123 23 35 103 111 119 84 13 93 120 55 5 107 115 2 92 55 22 35 0 32 91 77 89 74 25 29 77 90 29 22 74 36 119 93 19 90 72 43 83 114 94 65 71 11 106 56 77 112 121 34 106 49 114 105 78 55 81 99 104 40 113 115 73 101 29 14 110 118 124 71 69
102 0 1 96 100 12 2 112 120 62 114 123 82 84 0 72 89 0 22 95 0 0 75 67 20 105 65 42 22 65 120 0 46 0 91 91 57 0 72 62 84 112 0 2 104 0 124 116 0 51 62 119 52 76 0 0 36 0 0 37 0 77 23 63 112 45 0 0 0 0 0 12 103 28 115 0 35 0 74 88 82 74 122 41 54 0 58 25 0 0 72 0 70 54 70 34 62 91 97 0
115 40 58 25 33 52 49 39 94 75 34 66 13 7 103 76 28 24 68 93 0 97 18 121 31 24 3 8 123 10 91 0 13 40 77 31 56 61 115 0 122 12 71 52 98 43 54 111 106 92 18 67 53 65 13 36 108 116 0 113 42 62 8 102 121 23 108 70 72 62 121 39 61 0 44 63 0 48 98 70 63 97 5 33 17 62 54 78 75 30 14 101 90 75 0 116 108 75 54 29
118 102 64 53 82 113 114 31 122 51 2 103 44 69 7 101 106 104 114 76 26 57 4 120 35 44 2 82 35 95 71 14 0 66 58 2 109 57 50 30 89 63 110 61 60 59 77 50 1 19 111 55 116 74 41 107 125 23 30 81 98 34 123 125 3 82 1 44 102 0 47 108 118 49 119 29 3 97 50 53 12 46 5 119 123 85 0 104 111 40 108 45 32 46 43 102 88 4 24 107
9 26 96 97 45 24 111 0 103 0 30 56 8 104 78 115 120 63 0 121 21 43 98 39 58 98 0 105 69 41 0 1 16 37 35 34 87 90 87 83 85 85 54 102 18 16 96 0 119 53 21 80 99 6 3 0 38 117 60 72 14 23 125 111 39 18 11 0 47 16 109 16 80 0 0 46 15 6 0 67 33 69 55 67 91 123 0 87 0 88 31 100 1 21 100 53 81 0 0 116
44 65 123 81 17 33 40 66 83 40 113 21 19 24 26 0 116 91 69 101 117 105 64 101 81 9 120 74 49 41 69 81 74 10 63 6 19 125 26 26 43 120 101 75 97 0 68 123 0 0 56 51 5 1 72 80 32 36 39 0 67 18 104 45 28 84 53 97 0 104 82 104 77 0 56 21 5 115 41 52 42 15 0 35 36 51 27 58 46 6 122 114 63 5 97 97 106 2 120 92
108 125 99 19 37 30 101 1 45 61 84 94 70 79 87 5 113 119 47 117 3 124 112 62 96 99 103 90 43 26 17 24 117 62 50 57 57 24 79 0 16 8 88 115 93 50 122 125 109 44 67 70 113 38 38 1 68 30 110 79 64 93 71 105 124 32 37 96 104 78 49 98 106 51 11 32 122 33 62 122 105 67 56 17 91 94 33 44 73 118 6 22 61 99 83 87 47 119 0 101
114 73 107 20 1 57 99 67 57 60 14 15 111 106 55 24 36 98 119 109 102 68 33 55 72 115 49 97 71 76 81 56 113 40 115 72 110 103 42 117 63 124 9 36 112 125 40 0 66 35 7 33 82 75 82 84 103 80 108 8 79 107 8 99 66 55 121 119 12 122 61 120 98 97 50 100 62 97 123 32 101 13 70 30 54 116 9 1 72 62 36 43 107 34 40 61 70 44 39 3
6 0 92 108 96 43 98 105 68 105 71 108 17 59 84 14 106 28 122 32 59 101 117 65 105 54 123 110 84 77 44 93 12 100 101 15 55 35 33 66 7 78 106 109 42 6 119 40 45 25 57 85 76 56 90 75 114 21 11 22 105 47 72 32 54 58 105 125 53 26 85 121 94 30 0 88 64 6 51 59 91 41 65 75 106 12 85 123 60 104 51 88 55 69 109 73 111 98 51 58
48 75 49 6 53 92 31 117 88 49 12 49 35 80 87 94 11 23 52 118 124 72 16 40 122 113 122 114 34 96 25 56 34 41 82 25 30 35 101 44 1 0 51 91 0 109 98 77 76 47 110 105 77 48 27 45 70 93 103 105 115 72 35 119 83 114 118 38 22 113 6 94 0 112 25 17 50 59 56 45 122 118 81 115 40 104 35 44 71 39 13 122 23 59 0 37 84 50 76 0
119 0 49 32 104 57 121 111 116 118 1 74 87 87 18 100 75 21 59 53 67 37 21 85 27 23 93 122 34 20 23 21 119 38 15 75 66 38 10 119 51 12 21 57 6 73 60 64 21 53 123 19 7 0 84 17 18 113 40 88 9 97 84 105 112 6 108 78 88 84 62 0 22 29 110 36 27 103 124 102 0 71 0 49 63 75 9 58 118 26 44 121 121 4 5 14 43 103 51 87
14 88 110 13 6 121 34 106 56 103 108 9 24 118 84 34 38 42 50 53 110 68 8 24 17 115 1 117 60 12 26 90 54 99 85 120 90 63 101 53 87 27 17 119 108 58 21 38 7 26 17 17 118 74 78 86 31 11 108 34 6 14 23 81 9 43 58 120 24 71 18 71 117 8 78 50 61 49 18 80 92 117 97 111 26 120 90 1 67 50 13 0 85 75 106 77 119 76 8 26
51 91 87 117 112 22 11 90 119 107 101 108 98 86 65 67 53 90 109 103 84 41 52 125 123 30 43 91 115 124 59 17 60 44 84 48 27 15 23 11 58 125 46 54 123 112 91 45 36 87 5 88 11 104 102 7 113 38 0 17 114 101 22 37 22 48 99 30 4 57 97 85 51 38 80 97 49 17 115 15 118 76 29 34 121 3 118 11 5 60 124 9 48 103 71 81 16 119 40 41
112 22 51 20 119 83 26 71 116 22 18 117 74 2 0 120 71 50 24 40 24 98 22 1 69 107 115 54 85 4 69 67 85 7 118 71 26 52 102 82 54 14 82 44 59 41 64 99 48 119 125 35 121 106 55 41 40 71 95 95 77 115 68 110 28 79 22 28 89 77 93 70 8 103 84 50 33 48 120 10 44 69 38 92 14 116 5 21 116 94 101 83 57 99 50 66 103 53 35 30
40 93 78 61 0 114 116 20 47 1 89 34 97 47 117 111 42 0 58 101 0 49 83 61 114 0 4 62 69 0 116 0 0 114 119 50 110 5 21 44 88 0 7 75 112 45 53 97 13 77 9 8 121 108 33 59 87 111 107 45 9 79 53 0 0 118 12 29 81 100 60 94 96 44 0 0 125 118 13 99 76 30 45 47 118 89 95 7 101 67 0 50 0 65 34 0 60 0 61 42
85 70 99 93 119 103 25 58 61 0 103 37 87 55 41 86 74 61 49 3 27 100 108 81 5 45 39 69 95 16 120 61 52 119 103 112 3 49 108 47 109 40 47 47 124 41 99 75 58 122 55 122 5 119 112 8 113 3 35 98 111 37 82 122 65 114 1 31 10 42 40 16 5 40 44 106 41 50 93 29 87 86 104 16 85 90 18 77 73 112 120 70 81 45 6 72 24 51 112 108
19 90 93 45 62 65 15 91 13 12 43 22 98 42 109 41 40 105 12 81 8 103 51 119 16 30 18 87 50 61 46 69 15 57 114 115 92 90 45 54 34 5 7 29 72 52 27 32 80 109 117 37 98 69 89 114 68 64 12 0 36 118 2 70 42 116 74 32 29 51 89 116 44 30 10 7 64 32 93 3 100 60 32 95 16 20 35 22 0 66 82 93 97 121 26 9 42 97 95 66
19 95 19 63 44 110 3 31 68 58 110 104 51 94 39 111 45 112 20 14 109 117 84 109 28 26 69 79 3 12 88 38 18 85 106 101 19 114 2 80 115 107 52 22 112 75 94 19 7 22 90 63 101 100 116 31 61 88 91 54 30 0 21 42 87 112 76 19 7 69 113 103 47 8 66 73 109 5 39 19 113 100 31 107 93 18 69 20 55 93 58 57 78 51 97 1 1 102 0 79
117 31 37 28 87 0 55 60 65 21 49 95 13 88 117 20 117 108 65 108 14 23 18 23 117 73 47 25 119 119 5 24 29 108 120 6 93 120 40 82 51 23 73 0 119 14 115 86 50 67 21 25 94 16 82 88 13 26 0 0 12 47 99 63 80 120 125 118 8 65 33 86 78 84 28 7 45 41 113 125 50 96 74 52 54 118 32 29 88 94 124 41 95 119 77 95 121 26 11 119
31 123 103 57 11 48 14 10 61 69 101 77 60 25 48 1 5 0 7 88 2 64 9 125 2 122 120 117 88 22 98 113 5 54 101 17 14 27 30 75 9 94 9 3 124 105 17 62 101 53 52 50 76 80 14 91 37 59 56 30 90 54 82 10 70 49 1 104 38 77 122 89 27 8 121 99 52 69 18 115 5 26 97 89 84 96 104 104 89 2 72 2 0 118 52 102 120 35 62 125
36 76 58 75 0 106 65 19 38 101 50 0 110 23 109 33 61 124 91 92 51 119 112 70 57 104 107 66 6 34 82 32 6 81 41 53 108 0 45 104 120 63 68 4 43 36 29 38 3 4 73 50 97 89 0 112 35 17 117 25 67 4 114 37 34 90 67 37 28 55 24 1 65 41 88 5 52 14 27 66 109 0 17 79 6 119 74 122 57 13 43 58 26 110 4 77 90 0 119 102
103 95 62 78 61 18 110 65 113 88 108 58 88 10 110 112 87 102 52 125 113 11 8 0 89 125 73 75 3 22 9 108 106 51 25 94 57 3 47 2 71 81 4 110 27 43 3 6 117 48 79 47 2 36 125 101 19 97 56 122 23 117 41 74 48 110 66 93 122 72 61 56 55 93 58 80 105 116 124 100 9 30 119 96 93 79 56 2 124 19 20 38 120 123 17 88 49 47 61 91
70 40 0 23 98 101 96 115 77 81 64 93 33 18 61 26 112 68 60 90 5 50 82 32 43 30 17 77 20 103 35 29 7 118 33 18 35 81 102 123 28 120 59 102 69 28 17 70 101 40 123 96 113 117 85 67 40 60 1 83 92 91 122 107 37 23 60 115 4 77 5 108 30 102 1 38 23 47 83 35 35 41 75 53 61 99 119 23 42 118 21 50 115 28 66 102 119 41 78 110
25 18 85 83 112 50 27 34 20 0 75 0 96 111 20 25 118 106 0 76 2 124 24 97 58 0 68 42 94 94 113 1 69 117 35 90 76 0 1 0 51 73 0 25 0 61 14 12 125 31 8 25 49 77 45 57 91 13 122 100 13 62 4 117 81 0 16 0 117 67 10 6 78 0 41 0 34 48 34 94 0 0 90 110 36 40 13 97 19 33 115 0 96 74 25 82 37 28 24 57
8 48 66 98 110 116 0 53 124 55 71 116 24 59 59 0 0 87 27 118 37 0 3 0 108 122 65 105 0 94 5 62 112 18 26 2 23 98 100 97 110 58 90 17 89 29 0 6 62 13 78 31 109 112 29 64 0 27 118 119 80 45 102 73 37 70 113 83 36 29 31 4 113 122 14 113 112 65 87 47 69 116 1 58 21 0 120 120 68 70 89 0 39 0 0 18 33 0 81 58
