100 100
95 58 115 120 50 88 33 109 98 44 51 80 30 59 69 93 39 35 1 4 108 83 9 110 53 74 77 65 99 15 0 115 114 65 35 52 53 120 78 30 84 84 4 39 104 19 35 56 63 2 56 101 119 0 15 96 59 108 47 90 110 43 34 2 15 88 10 19 81 67 17 103 53 123 80 101 38 101 15 12 81 114 44 19 109 98 42 0 113 96 68 0 107 32 91 41 61 48 95 19
77 120 24 0 68 73 114 117 100 0 56 44 0 106 43 0 109 49 0 79 94 110 69 40 0 90 2 0 86 0 0 0 107 19 41 120 81 93 52 83 84 0 24 42 116 78 118 0 123 95 25 113 61 92 0 125 122 117 10 124 56 102 0 2 83 55 43 0 116 90 0 17 0 119 19 66 43 36 115 107 0 5 51 38 22 125 70 13 27 108 59 78 45 62 48 103 60 15 113 80
117 118 13 21 63 56 3 35 103 2 51 42 102 108 82 28 4 72 118 65 64 41 8 31 69 71 36 70 83 119 113 13 107 102 43 125 85 35 124 34 104 99 81 19 37 85 69 85 74 84 14 19 48 88 0 60 24 17 69 41 26 18 84 4 84 99 3 107 16 52 77 97 41 33 42 50 43 38 95 12 0 36 38 83 58 55 0 94 57 117 122 114 117 45 0 81 85 3 7 34
120 81 55 102 46 67 9 68 90 45 80 16 65 99 27 97 105 93 90 12 104 11 54 75 17 70 32 9 28 0 0 120 58 57 5 116 97 31 32 69 32 70 34 103 3 22 92 33 48 21 85 30 30 65 67 32 73 39 120 117 68 3 85 23 77 74 72 59 9 100 76 120 94 52 85 59 80 73 97 10 32 17 27 36 122 88 54 10 0 55 125 72 82 8 85 111 16 2 114 89
16 0 48 85 70 32 73 84 43 0 55 38 96 52 117 89 0 88 61 46 0 0 16 3 117 0 19 0 121 60 102 41 80 50 0 72 0 96 98 108 83 66 124 52 92 8 58 27 58 0 23 40 56 77 22 59 22 23 106 62 49 0 106 89 0 55 66 106 102 75 109 88 97 53 0 115 53 0 110 118 120 119 122 45 26 58 75 116 56 63 0 0 84 33 0 35 105 46 100 123
64 64 16 120 49 73 73 37 49 93 71 89 110 35 75 42 32 3 13 93 3 34 54 19 121 59 14 90 49 20 82 69 46 109 75 16 3 42 0 104 13 21 13 89 47 17 12 116 122 26 57 116 109 87 27 109 33 93 75 43 52 115 107 0 39 20 40 14 97 7 119 84 41 93 106 125 124 65 125 57 108 119 78 79 108 76 3 40 86 2 101 13 86 58 55 25 116 6 19 8
94 77 79 100 42 106 81 29 117 27 64 122 4 70 39 123 117 87 81 76 47 45 53 1 96 65 95 58 87 105 66 41 24 0 0 43 25 47 112 5 73 61 17 103 17 74 99 93 36 34 108 86 94 121 102 61 91 103 72 67 0 83 71 78 48 45 63 98 111 108 67 3 112 121 75 67 66 108 40 79 79 63 3 96 46 58 110 67 51 94 2 46 23 57 124 100 38 12 48 35
17 43 97 0 61 71 95 124 86 0 36 87 78 86 37 33 37 120 76 57 55 82 93 10 103 0 62 88 103 44 23 117 107 0 48 0 62 91 110 27 74 82 2 80 74 0 57 69 11 75 71 10 89 14 57 38 115 119 105 8 94 14 6 87 89 114 93 59 69 61 123 18 42 1 40 57 6 86 34 111 14 114 49 114 100 117 8 58 3 55 39 23 93 76 0 92 115 11 54 66
12 111 76 105 11 63 67 4 100 31 0 8 24 60 29 19 10 74 9 53 108 6 3 55 43 84 88 92 76 36 19 112 87 19 79 106 93 81 83 16 88 36 26 119 11 34 77 98 122 16 60 68 41 37 118 89 80 59 76 103 28 77 74 125 25 59 119 122 60 67 51 0 0 68 29 113 72 18 14 73 53 114 63 117 87 114 70 122 39 94 117 63 117 9 5 44 56 92 27 47
99 100 7 8 77 88 6 11 104 6 114 64 78 72 46 18 52 86 31 79 116 21 20 71 58 39 26 103 96 49 95 76 81 53 77 8 53 98 56 75 88 19 39 35 106 99 73 85 31 80 76 61 91 63 108 74 6 111 103 49 96 102 102 4 102 86 34 117 32 42 35 11 123 46 113 110 116 4 14 107 24 9 12 125 0 64 54 17 25 94 67 66 51 27 69 95 65 5 87 23
78 67 115 16 83 37 88 11 95 44 82 59 125 85 117 109 63 102 18 33 110 12 105 60 13 57 101 70 63 79 62 88 85 92 47 125 62 2 99 52 22 124 74 64 27 98 108 117 80 124 30 122 67 46 73 0 45 124 84 0 4 38 125 3 0 119 123 81 110 50 50 91 26 77 100 24 4 4 64 89 75 13 81 8 93 114 100 36 117 35 75 33 90 9 43 53 58 35 119 102
73 106 116 106 0 58 28 109 72 125 121 10 57 85 83 91 105 71 70 108 34 48 114 97 55 57 38 80 55 34 18 102 20 3 15 9 8 124 43 87 100 124 0 56 31 41 86 20 91 3 121 36 15 24 0 74 76 11 4 52 122 85 2 2 79 106 67 73 83 88 95 0 91 38 56 26 22 29 56 71 95 102 111 0 17 79 111 28 77 0 0 117 75 10 0 72 32 78 39 90
113 19 92 70 117 1 0 63 0 32 34 33 120 120 101 118 125 90 91 36 73 90 63 53 101 77 64 63 0 63 63 59 79 90 39 52 112 62 86 17 108 62 5 109 28 6 52 74 7 10 77 58 39 84 32 78 92 2 115 17 13 95 72 13 4 3 93 1 87 99 0 94 0 20 59 63 55 40 58 2 39 102 113 78 6 91 95 4 92 92 115 92 8 98 123 89 97 22 56 17
91 92 25 0 54 124 0 85 42 45 0 57 60 75 74 0 120 93 119 27 4 118 22 0 0 50 123 72 0 0 26 36 48 55 32 24 14 61 118 0 0 90 76 106 0 14 8 0 57 0 19 50 0 38 18 0 0 65 4 68 72 39 7 0 61 30 0 101 0 0 0 111 98 100 61 22 30 49 122 11 13 47 0 19 0 0 64 79 0 110 72 121 89 96 81 114 1 0 0 71
87 33 113 91 50 71 34 70 17 119 29 95 15 12 46 8 86 83 122 31 71 66 16 58 24 105 105 112 78 79 6 109 65 82 42 58 41 77 65 115 82 0 103 72 62 9 56 48 102 92 56 103 65 95 0 25 2 48 13 56 77 47 59 68 30 60 11 15 66 111 8 31 3 5 45 115 18 10 63 101 121 79 84 106 124 33 63 27 73 0 61 27 69 24 26 42 105 42 64 102
17 102 109 91 91 24 55 32 17 22 30 71 58 81 66 9 18 0 34 112 39 17 43 50 51 81 20 61 110 12 118 19 14 36 27 77 72 105 86 24 104 66 111 29 27 73 26 83 99 11 117 110 122 116 6 116 96 45 94 26 28 105 50 28 20 54 111 108 21 97 98 34 112 118 123 40 14 119 2 114 45 72 4 46 90 83 118 46 94 22 81 96 65 105 122 61 10 55 73 6
85 10 11 121 117 57 92 14 123 42 6 95 24 72 46 99 114 121 11 20 4 65 55 50 66 100 78 86 0 67 72 0 84 18 14 0 1 85 91 123 0 89 0 91 102 121 38 35 16 23 51 68 125 80 84 16 67 89 72 60 44 23 48 97 0 43 52 114 91 51 22 33 121 117 94 46 0 63 1 46 96 76 99 72 60 94 15 100 37 35 97 22 52 125 85 87 103 123 78 25
103 15 61 74 99 112 41 66 33 20 39 38 30 94 86 114 12 91 15 6 2 39 73 39 2 109 87 93 56 33 33 72 105 4 100 0 104 59 1 73 123 108 21 47 67 0 10 54 35 26 50 44 44 14 33 8 79 53 12 119 48 99 9 77 0 4 24 89 110 117 72 25 73 95 80 118 1 45 59 86 102 96 10 1 40 109 44 12 104 21 93 41 0 77 2 36 54 71 38 87
25 18 83 0 57 105 98 24 48 39 0 0 100 0 12 6 78 0 72 48 101 109 94 116 102 55 0 63 74 89 51 107 76 102 43 21 53 23 93 88 106 90 122 19 46 44 6 117 37 24 36 31 9 102 113 32 56 16 32 123 75 0 0 12 60 26 3 3 96 74 42 60 109 67 73 0 50 62 8 33 120 86 100 0 74 94 27 24 104 72 111 72 86 116 43 30 72 74 68 71
27 95 102 66 14 17 0 107 30 87 30 38 58 7 28 44 119 0 6 27 16 11 120 12 30 5 0 11 113 95 24 0 65 0 59 35 60 75 109 93 90 63 42 86 32 61 6 0 113 77 0 86 60 95 109 0 88 30 123 106 46 6 0 113 43 13 0 5 0 115 0 13 0 73 0 29 124 119 88 40 16 0 67 21 108 5 99 16 23 98 50 29 76 105 111 67 32 2 1 84
94 53 21 65 113 77 93 59 12 66 11 124 9 61 82 116 46 87 113 44 105 66 4 114 77 118 63 80 111 21 97 28 115 22 64 113 104 52 59 76 68 12 110 26 63 109 71 0 50 13 104 116 102 82 13 90 27 21 98 23 33 35 18 65 26 102 97 39 5 110 123 17 27 6 46 105 3 99 45 112 114 55 23 0 53 54 39 4 101 110 46 49 79 65 48 63 48 46 18 68
22 44 87 123 56 20 23 29 0 119 111 12 9 115 87 90 113 37 25 46 32 55 3 73 23 30 15 42 77 103 107 81 17 13 83 108 90 89 43 113 55 106 45 55 70 78 75 68 114 91 6 15 34 81 28 50 3 80 97 87 121 35 53 125 2 78 39 47 123 8 122 20 57 108 51 103 50 107 123 14 53 113 87 14 92 73 71 17 70 37 116 0 121 33 68 70 79 113 84 42
54 54 123 32 3 19 55 21 28 15 20 60 115 9 72 48 0 50 35 91 26 26 51 60 34 23 95 81 44 97 72 83 3 2 0 51 123 37 4 48 37 32 73 22 76 86 34 15 64 121 68 54 9 63 65 101 0 105 52 14 13 72 55 69 123 28 113 97 46 116 125 39 54 57 12 38 96 98 52 9 63 58 103 107 19 43 104 54 120 47 85 13 105 0 95 73 46 66 65 8
77 0 96 82 0 37 89 23 64 79 102 62 47 65 75 64 64 106 0 39 48 11 26 2 108 34 40 96 56 72 8 0 92 6 64 40 103 33 67 102 122 0 0 40 51 6 55 83 19 4 67 5 0 17 0 23 87 81 112 22 99 5 37 119 116 37 97 0 44 25 0 26 2 73 0 110 58 121 0 0 109 34 0 99 21 66 0 6 83 66 38 60 0 33 31 6 102 94 0 47
0 63 55 66 77 121 59 116 86 21 0 97 88 74 101 45 37 42 9 1 67 0 2 0 42 49 13 71 16 51 72 4 92 125 68 6 107 124 28 15 118 108 55 62 52 52 55 47 83 85 62 94 68 26 72 112 25 109 111 100 2 90 0 61 0 57 115 76 30 0 110 52 75 114 15 45 4 71 84 71 0 13 21 91 80 109 56 54 0 0 106 0 18 26 97 28 102 42 18 87
44 41 0 44 62 103 94 49 8 20 117 5 82 20 73 111 40 25 0 121 91 73 18 90 62 122 104 42 9 32 25 17 102 85 95 34 38 70 100 74 79 21 5 91 61 59 66 67 106 100 79 88 16 95 118 112 3 36 65 109 76 109 16 48 30 6 3 94 18 112 62 17 2 38 87 87 80 104 55 23 24 16 84 12 121 79 43 93 33 16 48 0 58 26 37 2 56 55 59 78
88 121 7 6 114 66 62 22 3 0 77 31 68 56 23 54 97 89 55 34 110 1 38 89 30 83 124 55 125 71 22 2 98 63 0 116 116 118 76 34 107 38 63 15 112 108 44 35 70 115 14 32 43 96 105 17 29 0 5 0 76 12 109 94 22 18 85 28 16 78 50 106 86 85 49 92 124 103 48 80 30 95 83 68 74 85 87 101 73 46 0 93 27 65 8 102 97 41 68 88
88 26 29 64 47 70 2 65 8 11 58 77 110 120 35 61 57 29 8 32 110 83 34 19 69 77 82 25 61 26 0 25 58 74 55 35 101 100 112 10 74 16 72 101 53 37 0 0 63 34 28 68 47 0 3 74 72 83 81 42 96 124 120 39 109 54 52 85 30 39 59 66 106 90 74 112 41 77 42 81 57 69 30 118 57 84 50 90 8 18 120 6 52 100 33 27 74 103 59 54
30 57 55 105 0 109 37 14 6 123 83 0 45 8 93 76 6 96 113 37 100 21 72 56 4 34 97 0 70 53 68 25 97 39 55 51 121 24 62 15 106 97 72 4 101 109 54 76 20 56 15 10 78 4 58 2 74 99 0 83 0 79 54 18 40 76 88 51 72 53 27 89 77 90 23 30 0 123 121 0 59 36 9 121 23 26 69 88 50 0 0 74 24 4 2 13 41 125 62 87
26 43 97 59 36 55 64 50 22 116 44 103 3 106 70 98 23 79 1 10 118 92 90 0 5 58 45 7 85 47 66 102 0 94 0 118 81 90 6 88 88 77 92 16 13 94 44 85 115 94 38 60 4 26 19 6 66 10 49 54 15 7 35 122 96 60 54 31 30 44 91 45 106 9 35 113 45 82 77 93 103 4 46 24 0 110 44 25 14 89 31 42 41 77 4 68 0 100 40 78
20 84 26 17 33 11 49 36 109 98 37 66 70 84 45 107 91 41 98 40 45 33 95 0 16 68 98 36 63 111 71 95 105 32 121 28 117 13 108 60 20 108 99 78 26 16 102 66 47 124 78 39 77 65 47 14 84 45 3 105 113 120 36 37 115 18 0 71 124 24 35 7 57 45 101 15 120 95 11 29 116 81 61 20 105 70 49 124 73 36 27 44 10 80 122 67 16 91 52 113
66 19 32 83 27 66 91 0 22 34 36 50 0 19 10 93 19 12 111 6 73 70 54 58 101 29 28 123 107 4 112 4 55 54 9 34 26 94 96 27 98 70 85 111 24 14 84 123 28 82 74 106 85 73 102 79 24 17 38 56 70 44 112 15 37 52 4 43 15 85 114 94 21 18 39 57 68 3 121 68 104 14 122 89 33 112 110 24 30 117 35 48 14 65 104 51 108 61 111 52
36 87 43 92 104 90 19 85 83 83 69 81 87 0 9 84 50 89 99 43 26 46 23 105 33 50 42 80 71 14 42 35 62 101 72 15 92 0 8 1 108 30 116 18 11 102 12 57 10 31 27 54 101 18 67 86 37 102 21 16 47 111 27 0 88 53 16 66 100 122 84 83 11 108 121 9 8 102 93 11 28 101 20 114 110 111 112 87 51 92 115 55 107 53 13 97 124 22 76 68
45 102 118 51 123 34 19 102 97 51 33 14 85 2 31 61 98 4 52 56 47 93 72 51 102 123 24 35 107 107 51 35 120 80 75 70 39 8 96 7 73 52 12 6 46 26 115 84 41 58 0 36 40 72 112 119 26 41 97 3 54 63 92 102 106 4 97 73 41 111 67 65 66 42 15 43 93 44 1 97 99 120 118 6 124 91 93 34 59 34 122 92 16 94 10 84 61 0 108 107
115 49 23 62 0 2 64 27 78 95 103 106 4 113 0 8 21 125 86 108 90 7 81 97 61 5 38 2 52 125 61 2 114 118 14 18 51 52 81 92 5 124 18 34 83 99 87 68 69 98 29 73 121 30 64 56 95 103 121 82 17 37 125 112 64 2 54 2 44 4 27 26 24 13 46 39 125 38 38 50 124 11 93 76 27 101 99 25 125 111 81 43 78 47 20 93 16 24 78 118
19 115 43 37 9 58 19 70 77 114 52 27 1 63 26 75 1 0 57 0 30 45 97 101 77 51 20 123 48 102 12 105 0 0 86 6 56 106 122 11 0 65 107 58 77 42 52 110 0 0 75 0 2 7 81 89 122 114 125 88 24 41 55 76 114 91 66 81 105 88 106 92 108 48 79 40 64 38 43 106 78 1 115 94 91 29 11 67 90 114 57 55 72 60 116 84 23 0 97 3
91 0 26 86 0 19 8 74 15 2 42 104 73 58 59 96 0 0 0 71 27 75 0 59 0 94 0 57 109 46 14 123 28 58 99 98 45 69 0 0 74 64 14 91 67 67 0 83 70 16 0 75 36 8 36 82 0 87 18 116 11 0 23 10 92 62 74 0 8 19 83 112 44 116 102 34 22 57 72 103 73 97 120 0 0 46 122 7 56 64 78 12 72 0 0 0 0 122 104 44
33 42 42 68 99 34 58 52 101 27 100 90 40 96 101 93 69 33 59 87 108 92 120 75 93 120 4 113 13 121 28 120 92 16 101 86 60 114 76 119 2 45 0 109 123 106 80 32 111 23 94 115 86 25 47 105 38 25 118 69 67 51 76 66 56 116 23 92 65 76 14 30 122 87 47 51 48 94 117 24 64 7 39 111 115 117 91 113 81 30 30 95 111 80 120 70 82 69 89 90
16 68 73 30 51 17 122 16 102 69 50 119 87 40 123 89 89 83 52 107 68 16 37 95 100 47 27 71 9 47 76 60 15 16 23 12 36 108 36 101 22 10 48 123 83 122 78 80 30 66 56 54 110 58 51 108 28 97 102 49 82 93 74 67 14 32 0 65 101 79 115 41 57 75 24 76 120 77 18 16 66 123 61 32 46 4 93 125 29 18 72 108 31 106 37 19 88 107 65 92
121 14 91 38 18 46 28 40 5 14 73 82 39 52 6 32 34 48 115 54 45 59 101 99 34 54 64 0 46 88 57 86 12 76 124 89 21 80 97 48 98 79 67 124 99 66 19 93 32 78 68 38 94 16 112 113 83 94 105 89 22 92 23 89 84 68 83 59 39 79 57 21 67 109 27 57 25 9 30 31 0 46 106 65 97 27 60 63 32 50 120 90 75 18 87 6 80 32 76 86
107 63 21 33 99 40 52 64 9 101 78 94 0 32 13 73 12 82 63 49 118 59 75 113 123 46 52 47 77 125 107 72 43 19 60 117 7 94 82 10 94 34 56 69 64 6 27 115 40 0 73 5 93 20 0 33 116 0 39 15 120 99 47 124 43 71 44 53 31 120 25 36 115 0 23 61 52 116 24 82 70 82 88 119 120 63 2 2 17 99 119 65 55 83 100 93 45 3 20 93
110 82 124 32 0 63 0 2 112 10 106 11 74 36 34 88 111 0 119 30 85 82 89 46 5 50 31 39 123 46 80 0 97 92 115 66 0 122 74 14 86 25 107 41 115 118 0 39 30 37 38 123 70 88 38 0 75 24 28 27 18 7 26 40 89 37 34 43 0 83 2 0 32 98 96 32 41 2 58 0 105 116 56 70 56 120 16 69 29 0 74 124 88 106 78 119 0 5 102 35
15 64 107 60 30 89 18 97 6 90 87 30 76 90 45 96 72 121 74 35 88 67 103 34 45 83 0 124 98 37 68 124 50 93 87 97 107 85 21 83 24 42 76 14 20 40 113 25 39 107 110 112 25 119 10 85 4 47 125 103 78 119 82 118 42 34 46 94 17 2 42 98 51 8 77 15 99 5 25 3 107 117 82 94 53 96 113 108 120 24 119 23 39 106 57 69 9 2 23 68
111 117 13 37 72 80 118 110 1 25 25 27 40 94 50 60 53 104 23 78 94 83 52 0 0 97 111 0 114 85 67 25 94 14 48 80 7 120 53 6 78 77 0 100 125 32 53 65 109 51 67 55 17 0 102 125 38 80 21 66 2 90 55 86 25 20 37 4 3 0 59 33 62 89 11 0 3 56 67 34 61 98 82 57 49 69 59 88 87 8 50 99 98 84 0 125 7 0 21 110
29 17 45 13 112 106 13 4 25 8 11 56 45 0 32 8 64 59 45 107 106 81 19 35 4 95 101 64 119 41 108 53 79 118 90 106 51 79 4 14 80 63 22 55 114 60 28 11 116 88 63 24 109 57 99 72 52 4 30 34 17 10 74 38 82 4 3 33 125 56 35 46 90 97 79 39 88 93 68 110 6 35 106 23 115 28 0 39 121 12 5 32 51 26 73 46 76 117 74 76
82 43 109 49 103 58 0 11 123 8 41 68 0 98 10 27 67 118 67 0 16 57 14 83 15 30 120 105 27 75 67 58 0 22 82 70 0 0 7 0 67 108 3 18 0 52 64 121 30 81 77 10 52 100 99 16 27 61 117 12 35 111 56 8 0 102 65 68 69 0 100 52 104 0 77 0 19 99 108 0 64 75 74 24 119 103 10 48 36 0 54 20 64 17 96 68 71 96 0 26
79 52 44 21 0 59 110 92 0 31 123 12 28 62 34 4 0 70 117 108 68 97 86 44 100 119 2 92 39 14 80 45 70 0 7 80 116 7 52 15 22 121 18 123 83 77 50 41 72 16 0 58 81 107 108 52 51 24 104 18 0 117 95 23 21 75 116 36 58 76 54 33 105 51 73 112 0 104 0 43 40 39 97 70 82 30 104 120 58 2 45 77 55 29 71 87 75 13 52 77
90 28 101 37 67 45 5 10 60 5 62 42 36 30 114 89 122 4 24 53 16 23 91 37 75 110 17 89 7 110 32 120 41 0 35 10 97 6 92 11 87 89 92 29 0 119 103 56 46 92 52 118 4 58 47 85 10 0 93 39 32 75 103 122 50 55 4 33 48 77 81 10 4 34 67 8 1 40 26 117 100 50 107 84 41 75 89 82 68 66 32 9 42 70 123 0 74 100 78 23
47 104 39 26 76 13 11 88 7 103 36 12 0 24 84 8 92 23 90 37 88 0 96 44 113 0 74 44 91 114 121 114 30 120 44 66 114 8 75 25 41 107 0 10 53 69 11 93 79 106 6 94 82 96 103 94 60 100 7 114 89 56 104 40 80 79 6 0 108 83 0 32 95 81 124 0 106 14 36 125 88 25 111 70 84 43 29 0 122 51 47 106 3 0 71 25 80 33 0 90
35 36 7 65 104 10 78 96 3 69 92 31 63 65 30 26 95 83 81 46 74 86 122 7 48 11 91 96 35 93 38 120 29 61 119 63 12 13 6 22 120 40 62 108 99 33 119 11 91 12 52 116 36 24 47 41 59 91 95 0 32 67 31 82 109 119 48 31 113 107 78 78 0 125 102 62 117 58 57 53 0 43 67 26 81 88 37 32 123 118 55 73 68 11 6 75 86 94 113 12
42 90 4 0 0 0 25 111 12 54 18 29 99 70 96 16 0 0 0 75 31 80 105 0 45 81 105 0 0 23 118 0 24 12 44 0 0 107 31 76 81 0 105 8 77 9 94 84 84 113 0 8 79 0 0 29 22 91 0 106 105 29 98 73 43 40 63 57 42 54 13 38 105 19 21 62 0 78 0 77 124 117 27 0 7 59 45 42 119 0 55 78 0 95 26 98 123 0 0 73
119 111 58 74 94 43 56 59 32 7 0 77 14 5 113 39 86 118 23 121 106 16 0 89 48 66 78 56 91 34 66 104 31 10 84 0 31 88 66 7 24 33 71 93 61 7 87 110 48 27 101 0 40 91 32 95 24 17 0 111 97 74 94 116 0 8 0 0 0 76 122 121 104 36 107 100 13 5 79 90 100 33 106 2 7 35 10 107 14 118 0 76 80 45 43 67 76 81 119 55
92 99 101 23 5 17 25 123 67 44 125 81 33 88 51 27 46 71 0 32 125 95 91 66 68 124 53 41 77 46 53 76 65 52 84 37 38 52 43 22 38 43 21 28 106 68 29 29 41 94 113 71 89 108 51 29 49 18 7 113 30 21 107 101 64 50 97 96 54 31 60 26 37 62 67 53 94 31 3 48 7 56 68 118 64 74 7 20 111 10 125 49 94 113 57 14 81 52 113 110
19 87 43 62 33 124 9 24 40 73 81 109 61 114 87 74 71 52 41 86 0 112 113 124 108 61 110 11 50 114 52 35 17 125 31 92 18 85 6 70 0 114 17 93 72 99 115 7 9 24 45 78 124 100 27 6 1 55 93 0 98 112 34 0 21 65 84 47 64 87 115 86 123 89 118 83 69 37 3 55 2 42 116 3 32 110 53 5 49 82 71 61 1 33 81 90 36 37 4 65
36 45 117 91 124 112 68 79 65 63 91 119 85 23 22 12 58 109 7 53 43 44 36 110 86 83 78 53 49 102 102 115 9 15 18 56 44 4 79 44 63 45 104 88 34 78 107 69 60 13 13 31 109 47 72 51 30 64 39 22 50 108 105 63 55 38 0 0 72 88 51 42 24 64 7 64 21 67 17 108 2 119 114 88 62 108 93 88 85 12 33 10 66 71 120 117 67 56 12 119
73 8 31 42 11 33 31 63 83 107 60 6 83 70 32 71 78 30 4 82 81 28 88 9 122 68 1 117 60 69 0 94 69 59 103 71 2 106 59 13 14 88 123 68 94 61 125 72 80 20 55 44 112 122 58 19 12 125 75 116 84 29 25 29 35 69 74 120 98 107 34 6 23 122 100 10 34 26 49 119 81 66 38 9 26 26 63 40 13 83 59 64 18 71 20 96 81 36 28 79
10 75 97 104 55 38 24 54 113 53 86 104 89 87 81 97 124 50 100 9 90 80 44 0 95 40 9 46 111 94 101 66 117 52 90 124 96 30 24 21 93 0 92 45 46 118 1 95 33 11 108 91 80 38 75 98 70 36 0 66 38 5 26 57 14 116 20 62 117 93 0 12 32 88 89 98 2 105 5 100 60 55 100 35 69 51 98 55 59 33 74 86 15 25 87 68 99 101 25 37
74 7 117 40 44 62 108 116 46 0 57 88 76 66 79 93 69 109 9 0 16 36 95 0 104 2 0 123 108 65 100 121 0 70 0 104 103 56 33 19 0 37 50 60 42 24 66 117 50 85 0 97 84 124 37 46 0 86 98 47 37 53 109 0 102 42 119 79 0 122 65 34 98 11 113 46 108 75 100 116 125 122 61 24 76 30 109 119 76 48 42 82 2 114 24 86 87 84 80 76
15 35 68 20 47 22 117 77 81 51 0 30 106 121 104 69 103 62 51 0 112 56 73 53 0 62 122 85 42 67 73 67 41 114 40 79 102 30 84 25 21 12 20 103 92 55 22 94 41 25 63 26 117 96 107 104 12 82 103 95 25 84 75 0 62 67 63 113 83 17 118 95 61 47 31 36 9 61 98 62 86 99 38 15 25 41 14 112 62 49 32 104 92 94 29 105 114 59 57 34
34 84 105 26 18 55 105 124 23 116 111 27 18 95 68 121 55 61 86 0 60 73 34 117 99 72 32 27 21 107 35 42 0 51 63 91 16 55 113 124 91 0 82 26 27 2 125 92 110 120 12 52 23 119 38 106 105 73 0 111 115 50 78 63 91 39 56 114 67 113 42 79 47 105 72 92 96 0 5 19 94 63 99 42 3 71 77 110 14 118 100 5 38 0 10 0 46 68 86 10
121 34 50 49 92 114 12 11 105 5 35 65 6 7 43 62 3 92 47 11 93 42 39 56 105 25 115 57 110 0 48 112 0 95 95 25 0 74 55 76 113 1 18 64 33 62 62 16 9 8 57 89 113 0 54 40 3 123 0 122 65 78 82 122 17 32 107 77 30 0 0 123 61 77 102 53 86 13 23 40 86 23 43 125 7 60 123 120 20 18 4 1 101 44 26 113 4 83 41 110
34 102 19 6 33 67 40 55 21 35 57 14 116 121 57 31 116 72 53 67 0 16 62 67 94 106 59 73 57 116 78 56 119 85 80 106 108 124 105 71 38 59 113 48 24 54 83 67 46 98 2 109 44 87 3 27 39 3 20 115 3 89 54 28 110 55 84 20 60 59 89 75 71 123 124 68 17 93 3 15 56 65 105 33 60 71 17 99 62 87 28 0 71 61 81 79 78 24 106 49
4 87 118 98 80 78 79 96 44 106 38 49 24 27 65 25 82 52 55 4 73 104 73 61 119 82 38 72 87 24 21 63 123 94 61 52 110 125 36 124 101 1 112 69 68 78 47 92 65 48 106 10 77 17 34 77 37 120 13 32 58 77 49 22 28 49 62 73 69 86 14 7 74 18 44 22 0 37 20 83 69 86 0 93 65 0 0 103 11 34 53 85 88 55 47 6 13 90 21 91
45 27 61 100 60 35 101 0 9 61 86 71 20 82 72 10 52 51 0 64 74 94 33 3 0 107 66 45 86 7 113 8 4 26 3 71 57 47 72 102 21 97 0 48 48 14 57 30 3 92 8 53 0 49 49 53 75 0 43 70 19 16 119 62 43 58 0 108 28 50 72 61 57 99 89 101 75 0 59 77 103 74 0 9 82 0 18 2 124 0 115 95 61 42 0 8 92 15 82 122
3 51 9 14 48 0 39 82 100 0 41 61 94 69 104 56 10 106 28 74 51 102 5 60 8 7 0 99 75 25 8 108 22 107 1 116 12 92 73 6 53 23 92 112 56 79 0 55 61 87 42 101 81 0 56 11 124 17 2 108 21 22 41 45 124 24 55 117 6 71 82 119 55 103 8 0 9 90 56 78 40 94 90 44 119 82 97 69 95 19 59 60 119 26 25 118 124 14 28 5
0 61 38 46 0 10 62 53 13 0 43 36 10 15 29 117 0 49 75 105 0 0 63 45 36 39 39 70 73 100 23 0 68 64 94 114 27 106 10 102 68 13 109 45 50 11 63 59 2 78 101 49 35 58 124 0 10 119 95 88 84 73 82 117 122 51 95 7 101 70 26 0 13 45 45 96 113 2 124 107 8 0 84 0 0 0 3 54 18 121 110 57 125 102 0 58 93 107 14 107
26 25 25 23 113 99 105 121 42 46 64 46 49 99 66 33 17 34 0 89 103 112 63 97 0 122 50 43 4 35 113 96 116 105 46 17 99 82 83 108 39 84 113 38 60 10 84 49 20 33 125 110 25 6 73 100 26 99 10 45 77 51 31 1 57 14 90 89 115 61 0 11 69 115 96 3 33 72 12 17 11 123 82 11 5 77 84 26 79 0 103 88 114 32 120 45 76 82 30 84
65 93 15 41 12 79 46 74 82 61 111 119 4 89 99 36 55 119 68 43 4 47 122 42 87 29 118 49 13 102 30 116 8 0 69 8 92 58 1 38 82 6 12 15 11 66 125 26 86 87 96 41 3 55 20 82 4 0 63 20 0 40 42 29 55 17 8 61 25 103 83 53 0 34 47 121 123 8 106 23 36 21 0 51 60 64 107 103 56 28 104 69 43 116 9 28 84 96 86 22
49 28 56 52 54 20 2 86 28 45 20 78 115 9 89 67 74 55 109 74 92 31 115 48 98 104 6 74 29 0 0 18 96 65 101 118 46 119 75 78 53 73 78 119 110 67 56 98 0 80 12 124 101 1 111 15 18 90 0 26 115 97 55 4 45 5 88 109 46 73 59 16 110 51 18 115 104 9 77 93 50 22 99 25 104 30 63 12 86 91 71 32 0 17 95 99 56 0 63 91
120 121 118 70 2 26 102 66 72 47 68 72 12 42 122 32 67 80 99 27 72 61 68 69 5 112 84 73 65 11 73 43 50 116 1 8 61 25 33 113 21 55 102 106 52 68 116 52 58 22 87 49 88 5 103 30 49 87 4 46 100 21 22 39 51 68 50 63 46 101 113 90 56 64 15 0 70 75 50 30 59 35 19 75 55 52 0 66 97 11 14 67 43 61 64 69 0 54 81 29
96 84 66 11 72 27 47 70 67 96 74 95 6 113 15 15 108 0 99 109 80 118 117 59 120 80 107 0 81 38 0 116 34 106 47 100 73 91 9 82 47 39 42 86 105 54 47 98 112 123 50 122 0 30 119 93 18 113 47 123 46 116 93 0 2 2 44 21 49 14 0 0 2 110 52 45 88 19 39 40 101 67 23 41 23 124 0 49 117 83 0 52 17 97 118 122 112 108 25 10
116 56 2 39 57 98 102 49 28 18 30 74 17 52 33 116 81 115 106 7 65 120 8 106 31 111 4 79 0 74 20 92 110 84 14 47 55 61 42 107 6 124 57 88 16 113 53 75 0 44 41 78 117 111 10 70 70 61 90 63 5 119 55 49 44 68 10 109 120 80 19 25 49 103 66 77 3 25 26 118 49 68 57 43 43 92 67 21 104 67 4 58 89 94 29 49 36 4 80 31
18 83 118 15 20 82 83 87 26 74 111 54 55 17 3 36 50 82 82 96 118 13 61 107 112 70 66 107 3 82 0 75 48 52 90 48 89 52 36 94 108 12 114 70 14 19 66 56 60 121 97 67 78 81 91 101 56 96 27 31 51 62 96 54 24 14 102 108 123 86 27 116 123 107 3 110 59 2 36 2 6 50 98 84 59 29 14 96 56 77 101 46 114 98 120 74 95 104 73 72
86 63 17 104 101 66 94 45 64 9 77 11 31 72 73 20 38 103 72 42 38 65 9 73 113 49 123 69 94 95 49 114 43 60 112 64 81 19 89 55 65 113 124 78 115 23 0 114 100 116 93 94 66 61 78 31 68 7 109 35 33 114 11 112 121 76 57 112 110 36 8 0 109 4 3 32 55 117 107 109 119 69 30 56 46 57 111 42 9 124 45 71 4 86 104 64 45 93 66 74
116 51 23 119 43 116 35 24 122 66 0 95 16 95 32 105 55 74 106 12 31 21 53 22 17 45 31 0 92 16 70 32 47 71 53 81 97 12 0 89 58 97 121 57 38 120 84 29 67 0 75 112 77 93 2 39 40 39 78 74 83 72 94 78 103 38 116 107 46 69 2 78 25 70 78 89 81 56 9 78 0 122 41 37 48 59 88 18 11 113 9 0 63 120 54 99 51 2 36 93
35 60 81 49 73 87 72 71 124 37 28 44 100 39 3 7 101 20 42 26 66 3 3 40 71 7 99 118 89 65 101 36 53 57 97 67 115 122 0 39 124 108 92 109 7 67 72 66 85 9 106 0 9 0 11 27 98 28 24 18 18 13 57 108 34 91 92 51 93 105 78 23 50 108 20 44 67 113 106 0 5 63 31 64 43 123 31 32 2 24 87 56 67 96 41 96 33 109 74 65
32 43 43 94 2 65 71 14 95 10 14 121 85 46 56 68 107 70 110 97 100 27 63 101 101 92 20 3 105 50 125 5 86 117 17 105 117 12 124 108 69 94 43 74 44 91 73 8 91 120 12 4 29 55 101 75 22 12 32 99 82 0 65 23 28 68 54 29 62 117 25 11 93 36 95 116 55 49 85 76 122 104 69 82 9 46 111 90 90 50 98 3 67 27 111 15 124 9 101 69
109 72 0 0 0 97 79 17 44 108 29 5 73 62 120 0 100 49 108 102 6 110 0 13 113 121 109 68 107 94 26 47 40 20 27 107 0 10 112 86 5 0 96 51 76 62 112 62 0 0 0 65 28 120 89 102 82 39 95 49 0 0 17 31 100 0 101 95 28 87 0 87 68 66 0 49 47 115 4 0 95 123 0 2 0 17 0 66 25 95 84 25 58 15 108 82 118 104 29 79
101 12 29 103 98 80 101 39 64 33 22 38 109 46 39 24 0 54 28 30 88 98 96 52 0 95 98 92 97 15 113 34 61 38 10 20 74 57 80 104 0 96 34 106 96 91 0 53 103 5 43 93 18 13 80 66 56 27 12 125 34 0 65 7 0 35 17 103 8 74 100 106 10 23 9 119 112 22 117 56 117 105 92 70 26 1 86 22 85 20 51 118 27 28 75 30 100 49 49 50
63 54 30 8 8 13 21 52 2 120 24 16 112 38 96 44 43 0 69 31 51 44 104 105 82 86 58 8 121 0 123 0 29 89 23 119 77 44 51 57 18 103 0 105 56 58 5 0 27 113 0 81 110 97 111 112 22 109 62 11 96 80 0 90 31 10 21 20 55 67 118 73 77 50 38 9 0 70 93 105 28 0 112 91 105 22 56 40 0 0 6 96 81 83 105 32 28 0 0 41
0 60 41 8 48 56 108 15 100 95 32 8 8 0 123 83 3 65 0 108 5 125 0 8 116 50 42 13 106 74 46 78 51 81 64 43 99 36 54 14 58 110 38 121 0 61 34 11 88 0 43 1 61 0 102 71 23 83 79 44 0 77 63 54 47 110 0 80 0 104 42 125 115 79 46 6 4 102 36 2 17 52 17 57 42 116 6 97 75 35 2 44 12 66 51 30 101 53 27 83
18 72 81 98 122 98 0 90 46 2 46 2 52 43 69 0 120 93 107 64 99 50 24 27 80 6 41 67 0 14 19 77 28 113 85 8 121 34 44 15 63 106 31 55 0 80 99 52 111 36 11 8 80 63 70 0 0 109 120 27 92 120 39 23 0 5 5 36 7 17 0 110 25 85 0 23 92 37 47 0 26 44 55 26 0 52 109 36 43 76 0 25 75 55 104 93 88 85 34 32
47 55 48 22 75 99 110 109 125 50 74 79 121 77 117 34 10 8 41 0 70 77 95 3 22 28 124 8 77 19 38 12 12 9 87 30 28 75 46 0 12 30 91 52 44 85 65 59 35 32 41 0 26 87 0 0 120 117 64 10 33 105 122 19 7 4 56 122 125 32 88 108 88 101 0 73 60 124 46 110 84 89 0 76 3 7 94 96 50 69 122 0 30 31 122 69 49 117 0 123
0 119 16 117 72 36 53 103 67 6 0 114 104 99 104 89 70 2 24 20 14 1 53 25 87 49 1 69 15 86 65 0 65 14 89 119 124 111 44 69 118 124 49 120 18 70 40 117 121 53 105 69 82 42 74 23 9 85 72 3 29 63 88 6 17 91 0 101 68 72 124 80 31 112 52 65 78 17 43 19 22 109 22 94 59 28 32 92 19 72 0 80 105 32 36 105 48 46 22 113
36 121 88 102 68 13 40 45 114 41 80 37 12 53 116 110 22 6 81 97 65 96 44 52 100 13 57 20 121 12 32 52 72 13 81 124 25 120 81 121 41 81 115 94 44 24 81 13 110 113 2 7 91 57 8 17 12 93 39 3 6 99 123 41 0 39 46 61 14 123 61 71 50 2 21 99 16 74 118 70 99 69 109 50 37 118 0 115 21 24 6 97 61 89 121 61 93 14 72 101
34 99 50 31 79 122 62 19 21 86 34 46 87 119 120 65 93 107 82 91 70 45 25 61 57 20 103 0 26 22 20 14 33 84 71 69 0 61 121 81 97 0 21 19 74 46 88 58 34 97 81 12 54 88 96 116 45 17 82 34 82 22 29 76 98 83 88 40 34 98 10 100 21 70 96 32 4 0 53 120 115 11 31 86 3 112 18 20 118 96 8 125 10 83 64 48 0 15 52 44
0 44 125 111 90 34 30 29 34 49 7 38 51 24 0 35 0 71 56 105 31 73 23 118 81 0 88 106 124 105 109 59 20 14 48 121 124 62 22 14 24 84 88 93 0 95 123 106 42 26 114 25 46 122 26 0 8 65 38 80 95 81 0 85 34 102 88 47 56 91 55 107 68 100 64 99 0 100 28 34 58 106 8 8 110 43 114 90 98 109 90 0 87 62 0 83 22 102 23 14
81 111 103 60 32 7 89 114 111 28 96 36 109 63 99 114 87 69 44 19 80 22 5 98 71 82 40 114 36 36 3 3 9 7 14 13 86 124 55 65 44 31 36 91 12 80 0 47 80 19 78 29 59 40 7 96 79 9 64 46 124 107 63 52 49 74 125 38 26 81 119 19 96 119 16 33 59 62 84 81 15 65 61 58 40 14 94 109 103 93 7 4 43 2 5 65 58 29 12 115
22 0 0 33 123 84 9 87 73 124 9 0 8 28 74 80 81 49 121 38 72 53 0 42 47 101 5 96 119 10 26 72 118 117 76 35 79 109 0 9 25 1 54 91 67 0 33 125 9 121 0 6 103 120 51 95 40 98 84 123 106 35 36 65 121 14 94 117 93 51 17 33 81 84 102 63 28 69 11 75 10 63 73 78 38 0 74 85 100 11 0 84 107 34 25 53 67 35 91 114
31 61 69 15 70 53 14 38 32 19 88 103 10 30 22 82 103 3 78 81 33 46 87 70 4 20 82 114 9 91 58 22 105 84 22 26 19 107 72 63 41 1 94 66 74 7 2 61 65 121 92 99 113 34 2 25 80 53 79 88 10 34 41 125 0 107 59 55 11 125 85 5 4 38 112 3 0 46 15 28 50 3 64 113 92 108 19 111 75 12 45 34 28 11 122 53 96 111 45 98
31 76 85 45 121 95 100 41 90 56 122 2 89 89 124 11 46 95 83 20 115 121 52 72 115 50 18 26 8 25 74 14 62 57 80 81 72 111 94 24 45 124 52 72 36 11 88 77 0 117 87 58 124 50 103 104 17 39 38 6 47 18 69 17 116 9 35 41 0 22 32 96 121 17 101 1 56 89 68 51 125 31 34 31 22 65 86 47 53 100 54 19 109 68 109 34 92 98 0 50
67 51 34 63 19 105 41 14 14 120 93 33 4 35 48 42 108 29 32 71 66 38 29 88 75 98 71 19 49 91 75 98 115 64 122 73 43 77 73 1 67 84 17 108 80 63 31 2 14 0 42 95 21 36 18 20 50 27 82 2 85 75 91 32 22 125 44 113 61 61 1 122 100 47 10 107 89 23 40 74 71 79 103 79 9 92 110 21 114 125 85 62 35 75 86 49 105 23 118 62
96 116 82 50 82 13 33 70 11 108 42 101 38 50 61 0 61 84 125 71 49 25 87 63 20 6 7 61 24 49 119 29 43 99 24 4 11 119 99 70 22 102 42 112 28 88 87 43 90 102 79 50 67 76 89 90 83 67 46 68 10 5 16 60 123 102 32 46 43 25 0 57 106 0 54 0 122 24 24 0 67 29 61 38 94 64 32 26 0 121 31 20 10 37 68 6 88 54 92 26
94 125 72 105 0 30 106 77 10 110 4 48 115 0 17 112 91 89 8 38 44 117 52 94 88 41 118 124 18 38 117 125 84 0 115 61 45 121 35 115 0 76 23 7 32 8 0 27 63 0 0 53 38 3 0 120 0 53 45 24 114 27 12 0 72 68 119 102 7 104 56 31 0 121 46 42 52 62 0 15 89 14 40 0 101 45 27 59 68 96 106 7 94 5 48 122 0 34 92 101
53 76 25 32 90 43 33 106 107 51 48 60 90 88 56 114 48 77 103 67 29 57 77 38 85 0 18 38 71 53 101 100 75 115 67 86 69 113 39 0 7 20 2 0 91 52 74 72 41 94 41 39 4 76 33 1 116 67 68 35 41 18 32 116 46 39 93 80 36 50 86 70 90 100 36 114 17 82 25 0 63 84 116 22 4 38 15 109 85 12 111 20 20 66 82 10 123 38 17 64
68 115 125 12 0 69 105 92 71 113 23 112 5 92 45 1 11 72 0 125 47 28 32 81 0 17 76 79 5 113 70 4 0 90 0 14 92 57 120 61 58 28 98 6 75 0 95 28 22 70 15 87 42 71 12 68 66 18 24 61 64 30 106 122 0 84 108 35 106 96 5 95 125 7 68 14 29 0 29 0 48 62 0 43 45 1 2 6 101 82 74 121 0 39 89 47 6 96 67 36
94 21 48 114 0 66 84 103 12 0 108 84 71 100 48 57 109 123 124 0 10 20 17 68 15 48 0 76 54 96 0 116 68 2 56 125 0 125 46 36 0 7 61 29 0 16 51 114 71 116 0 44 82 80 8 122 18 54 94 89 50 0 30 118 110 64 81 0 0 94 60 97 18 0 0 4 14 86 41 0 40 56 80 104 66 120 100 10 80 81 12 106 68 0 0 26 0 59 46 83
30 114 3 97 119 37 82 5 26 94 31 31 6 24 115 82 19 115 93 109 34 20 123 97 82 4 46 33 6 8 99 3 92 34 62 37 124 23 21 121 46 82 13 51 80 25 117 6 51 48 115 20 33 113 40 16 103 97 102 54 88 8 71 117 123 5 111 45 27 92 53 10 77 83 7 109 119 51 24 8 100 74 123 45 60 5 125 54 18 85 101 92 111 125 26 0 66 108 26 108
87 6 12 33 69 43 59 114 91 113 76 39 61 16 81 0 107 12 77 94 38 92 34 80 114 47 8 11 97 29 15 5 99 118 3 111 0 16 72 67 83 118 6 67 81 94 0 46 101 91 37 43 107 11 35 85 82 121 72 37 91 0 46 36 89 37 106 123 57 114 71 14 114 34 62 117 67 111 119 62 14 69 2 4 5 125 18 63 78 28 2 10 105 52 1 86 36 48 54 0
23 97 5 18 122 70 102 2 107 122 52 124 10 69 99 76 55 114 21 0 31 124 60 123 92 61 113 12 16 3 34 30 47 66 107 14 28 85 87 11 95 88 118 52 118 72 118 71 25 90 3 86 34 6 40 110 42 104 33 19 6 103 84 40 80 61 20 28 15 27 10 96 20 120 107 100 38 69 83 53 35 0 42 117 58 116 14 122 96 7 116 43 97 32 51 6 61 50 114 42
