15 30
22 10 74 47 10 74 54 18 34 22 23 64 63 31 13 25 0 9 6 60 2 11 56 42 68 58 34 70 58 48
15 3 58 60 53 65 72 26 12 52 28 65 1 3 13 36 8 34 50 13 26 16 63 13 70 0 11 5 12 0
62 2 63 29 28 17 50 58 63 4 25 7 7 46 64 54 20 14 8 0 49 60 50 44 43 12 71 40 64 47
70 25 62 8 56 52 53 39 65 69 68 29 20 45 8 3 27 29 28 9 32 42 74 17 38 48 10 0 24 68
16 54 40 1 10 42 11 0 25 33 0 57 64 68 35 70 5 14 8 16 0 66 39 0 24 62 6 67 33 39
0 27 10 7 2 52 41 48 8 20 36 5 68 17 59 8 40 8 11 15 18 14 59 7 22 25 8 57 55 11
25 74 36 19 68 57 61 17 14 28 1 23 20 27 73 67 45 9 23 59 75 60 61 5 47 49 36 71 0 51
0 33 2 10 61 41 56 34 48 75 61 48 72 36 9 7 22 11 40 64 75 61 31 44 67 19 42 19 56 12
10 32 49 18 68 3 22 73 48 67 73 13 55 29 38 64 59 46 13 29 48 47 18 15 49 21 0 33 13 35
31 10 53 35 26 19 0 68 27 28 7 42 3 9 16 2 34 45 48 52 62 31 48 18 70 50 26 45 40 73
11 68 45 61 28 53 13 26 49 17 59 34 1 72 34 46 0 72 25 29 39 59 62 61 54 38 43 25 33 47
0 5 32 73 19 5 56 63 34 46 71 44 63 47 17 58 38 64 57 64 46 32 51 52 36 68 73 49 31 19
48 13 33 0 31 2 71 41 46 43 27 71 26 37 33 47 23 27 67 66 72 10 70 45 11 1 17 4 32 50
0 44 22 71 64 12 66 15 52 38 0 54 58 31 74 4 4 48 60 46 17 27 33 10 64 66 66 25 0 60
47 20 26 58 32 25 47 20 43 21 73 46 6 45 35 38 18 34 32 45 24 63 50 12 25 0 0 26 22 73
