15 30
43 72 42 0 60 10 42 68 57 64 62 19 18 48 45 23 7 28 17 75 18 31 27 6 53 0 42 2 19 63
72 73 59 2 64 26 22 23 74 4 47 62 19 60 0 39 69 75 32 22 70 37 18 42 33 34 57 21 54 35
74 28 20 23 41 54 65 18 11 0 49 29 44 12 3 12 37 71 21 23 53 10 72 58 50 55 54 62 40 56
5 31 45 69 44 17 54 6 0 33 51 15 63 32 41 51 6 42 24 36 34 0 49 25 35 55 62 66 57 44
28 70 17 55 9 62 8 9 57 73 0 72 43 45 16 64 43 72 2 63 21 25 36 44 35 69 9 8 28 8
40 31 5 39 15 53 10 29 19 3 11 40 51 0 45 16 16 12 50 48 35 34 22 13 20 2 1 64 58 75
14 61 49 3 54 0 24 46 56 54 38 0 0 1 43 6 32 39 13 3 34 13 9 14 63 49 12 55 5 47
67 1 45 15 44 16 63 41 63 73 14 24 60 52 52 8 27 0 57 50 19 27 52 4 67 23 9 14 49 51
34 3 18 58 0 0 5 69 0 19 5 4 45 14 62 65 73 34 13 18 4 59 20 59 69 0 16 49 48 54
37 54 52 11 50 38 52 0 68 33 57 51 0 0 38 46 5 26 16 58 64 73 15 0 24 49 60 40 16 0
38 63 75 0 52 41 6 0 46 18 75 68 49 72 66 17 0 66 43 17 15 17 8 48 2 71 32 75 0 65
75 34 32 51 8 35 55 2 44 62 56 28 71 9 0 73 10 68 37 50 43 38 8 23 36 74 18 40 72 0
23 1 24 46 18 20 25 46 24 9 3 66 69 49 62 73 4 10 17 0 17 30 15 46 6 5 32 9 15 51
65 39 18 41 71 67 35 39 3 2 41 53 7 37 61 35 2 29 59 42 2 13 32 71 0 69 21 48 68 24
34 74 13 32 15 28 71 39 48 0 18 63 38 1 32 43 28 14 0 0 4 58 33 0 4 38 68 26 36 50
