15 30
63 41 0 38 67 68 74 32 7 0 42 67 74 1 53 0 43 13 33 7 1 37 70 27 47 56 27 53 3 8
31 36 30 53 1 40 21 50 14 34 8 39 47 25 8 42 67 55 47 52 64 66 68 5 62 25 7 32 63 0
65 40 29 47 32 73 5 22 29 51 13 48 39 14 67 19 0 0 49 65 13 6 3 21 47 29 57 17 36 0
58 70 37 0 22 56 61 32 42 0 57 62 50 13 0 64 9 70 41 10 75 35 71 0 9 1 66 57 2 30
56 24 31 17 29 29 13 49 3 40 0 30 1 33 56 62 26 67 26 22 70 27 25 49 33 25 56 0 4 41
53 2 20 52 13 64 0 69 33 5 42 6 54 12 64 6 0 25 7 35 69 62 45 37 0 44 5 1 8 68
35 48 11 32 68 8 36 9 55 13 26 37 16 23 42 7 11 12 19 18 50 1 28 23 10 5 57 38 0 0
51 0 24 19 53 2 0 8 25 0 19 17 64 75 39 58 39 20 45 75 33 59 60 0 34 63 60 23 15 52
0 0 22 52 26 75 9 8 0 0 63 0 0 16 24 5 12 41 0 0 3 74 0 75 0 13 39 12 43 27
75 2 4 66 59 32 48 64 13 73 54 30 1 6 30 46 16 62 5 52 63 62 9 69 32 33 51 47 36 0
49 48 36 27 65 20 0 48 13 3 30 46 16 5 39 29 63 54 3 44 14 9 45 30 64 56 27 75 70 9
44 38 16 40 25 54 31 43 41 0 38 53 51 54 70 7 26 43 12 13 56 25 19 2 9 18 16 29 6 7
24 51 0 50 12 4 48 68 46 35 30 43 0 53 46 11 34 75 52 55 4 16 13 58 50 21 4 19 39 26
7 8 34 65 0 51 8 16 44 42 32 46 40 71 6 66 13 67 66 10 44 33 49 2 30 9 40 70 27 21
56 3 65 65 0 63 74 11 22 65 42 43 50 52 59 22 32 16 34 0 0 53 13 61 59 7 0 58 53 0
