150 196
1 18
2 141
2 65
2 51
2 43
3 62
4 37
4 106
4 83
5 124
5 90
5 91
5 136
5 88
6 7
7 40
8 87
8 113
8 93
9 67
9 136
9 32
10 71
10 98
11 52
11 70
11 72
11 57
12 105
12 92
13 63
13 130
14 131
14 105
14 48
16 130
16 17
17 150
17 25
17 149
18 72
18 145
20 129
20 47
20 52
20 138
21 78
21 86
21 67
21 46
22 94
22 120
22 63
22 30
23 124
24 95
24 86
24 148
24 59
25 115
25 140
25 33
25 58
28 140
28 126
29 59
29 139
29 84
30 59
30 99
30 80
34 78
34 119
34 131
34 118
35 97
35 146
35 92
39 44
39 51
39 119
39 62
40 76
41 104
41 85
41 88
41 79
41 120
42 76
42 71
42 135
43 95
43 100
44 71
45 102
46 149
46 108
47 144
48 140
48 72
51 55
53 115
53 138
53 54
55 147
55 101
55 124
56 113
57 76
57 138
58 75
58 121
58 131
59 69
59 76
60 135
60 119
61 134
62 148
62 106
63 73
63 149
63 87
64 77
64 134
65 136
66 94
67 76
67 122
68 141
68 72
69 113
69 95
71 82
71 122
71 124
74 125
75 136
78 84
78 116
79 139
79 92
79 122
79 101
79 119
80 88
80 107
81 132
82 142
82 109
84 98
84 87
84 117
85 129
87 145
87 130
88 149
91 118
91 95
92 135
92 122
94 127
94 112
94 115
95 115
95 134
95 146
96 145
97 150
100 144
100 131
101 116
101 127
103 122
103 105
104 136
104 106
105 146
108 116
109 129
110 142
112 134
112 119
113 149
114 129
114 127
115 137
118 135
120 121
121 146
126 146
128 139
131 143
141 144
142 147
145 147
56