84 182
1 5
1 72
1 52
2 60
2 28
2 56
2 58
2 43
2 79
2 47
3 14
3 36
3 49
3 74
4 24
4 28
5 38
5 81
6 36
6 55
6 79
6 39
6 11
7 17
7 82
8 33
8 70
9 45
9 73
9 57
10 17
10 79
10 36
11 43
11 14
11 82
11 23
12 65
12 74
12 76
12 56
12 82
12 44
12 30
13 53
13 23
13 36
14 34
15 24
15 64
15 28
16 52
16 82
17 44
17 28
17 60
17 81
17 30
17 24
18 40
18 21
19 60
19 46
20 84
20 45
20 80
20 72
21 66
21 74
21 71
21 76
22 47
22 81
23 49
23 56
23 60
24 43
25 54
25 45
25 55
25 47
25 82
26 83
26 39
26 84
26 29
26 63
26 61
27 50
27 58
27 74
27 38
28 41
28 48
28 72
28 45
29 50
29 32
29 78
29 31
30 32
30 37
30 42
31 63
31 61
32 51
32 77
33 74
34 49
35 40
35 72
35 44
35 84
35 78
35 65
36 42
36 58
37 43
38 64
38 43
38 54
38 60
38 75
38 51
39 79
39 69
39 64
41 81
41 59
41 45
41 71
41 60
42 82
42 50
43 75
44 64
44 67
45 65
45 83
46 67
46 51
47 48
47 67
48 83
48 59
49 60
49 57
50 83
50 67
51 56
51 67
52 61
52 81
53 69
53 72
54 64
56 78
56 60
57 73
58 69
58 60
59 78
59 76
59 84
59 72
59 82
60 76
61 74
61 72
62 76
63 70
64 84
69 73
70 79
71 81
71 73
72 76
73 83
73 77
74 83
76 83
78 82
20