80 134
1 14
1 61
1 53
1 8
1 10
1 7
1 51
2 11
2 55
2 71
3 10
3 23
4 65
5 43
5 49
6 45
6 59
7 8
7 58
7 30
7 33
8 45
8 24
8 72
8 18
9 16
9 15
9 65
9 59
9 79
10 59
10 28
10 74
10 12
10 45
11 41
11 47
11 65
12 75
12 58
12 26
13 34
13 39
13 24
14 22
14 30
14 49
15 54
15 16
15 38
15 63
16 49
16 57
17 66
17 51
17 73
18 43
18 62
18 66
18 25
18 51
19 27
19 61
20 76
23 79
23 73
23 37
24 70
24 68
25 38
25 64
25 79
25 73
25 71
26 46
27 28
27 71
27 57
28 76
29 39
29 34
29 68
30 54
30 44
31 76
31 66
32 71
32 74
33 39
33 71
33 57
35 47
36 51
37 68
37 39
37 56
38 49
38 45
39 77
41 47
41 46
43 69
44 48
45 78
45 49
46 57
46 79
47 68
47 70
48 50
48 60
49 55
49 69
50 60
50 69
51 64
51 65
52 56
53 72
53 73
53 76
55 76
56 62
56 61
59 73
60 75
63 75
64 71
65 70
66 79
68 79
70 72
71 75
73 79
22