229 398
1 135
1 187
1 11
1 165
1 8
1 36
2 128
2 58
2 80
2 124
2 102
3 216
3 78
3 146
3 37
3 31
3 116
4 116
4 201
4 128
4 131
4 113
5 177
5 42
5 91
6 86
6 20
6 72
6 102
6 160
6 194
6 147
6 180
6 141
6 216
7 222
7 216
7 221
8 163
8 64
8 121
8 178
8 160
8 29
9 146
9 176
9 201
9 67
10 102
11 126
11 112
12 50
12 15
12 227
12 179
13 22
13 152
14 28
14 121
14 42
15 150
16 179
16 84
16 32
16 98
17 58
18 188
18 39
18 155
18 123
19 21
19 196
19 193
20 51
21 201
21 81
22 198
22 74
22 178
22 43
23 227
23 128
23 118
24 68
24 71
24 177
25 200
25 222
25 67
26 159
26 151
26 39
26 115
26 86
27 47
27 177
28 33
29 59
29 192
30 137
30 39
30 223
30 51
31 93
31 223
31 211
31 167
33 106
33 185
33 133
33 214
33 167
34 181
34 55
34 158
34 226
34 199
35 116
35 191
36 45
36 87
37 144
37 139
38 188
39 72
39 99
39 228
39 122
39 80
39 210
40 111
40 209
40 48
40 50
40 88
41 53
41 73
42 55
42 100
43 214
43 141
44 124
44 133
45 141
45 80
45 143
45 88
46 105
46 207
46 159
47 62
47 130
47 183
48 57
48 163
49 90
49 70
49 219
50 172
51 86
52 86
52 140
52 217
52 104
53 172
53 131
53 103
53 61
53 134
54 153
55 199
55 161
55 97
55 98
56 110
56 198
58 138
58 208
59 210
59 192
59 136
59 173
60 163
60 174
61 152
61 229
62 120
63 82
63 156
63 212
63 221
63 153
64 214
65 98
66 103
67 187
67 95
67 192
67 154
67 165
67 226
68 82
68 175
68 154
68 162
68 113
69 195
69 218
69 165
70 140
70 109
70 155
71 189
71 99
71 186
71 138
73 193
74 189
75 128
76 104
77 179
77 140
77 88
78 220
78 109
78 209
78 94
79 224
80 87
80 134
81 211
81 147
82 225
83 142
83 169
83 197
83 170
83 145
83 151
83 162
84 88
85 86
85 222
85 88
85 215
86 204
86 160
86 158
87 205
88 89
88 221
88 122
89 175
89 128
90 220
90 195
91 137
91 221
91 156
92 198
92 204
93 192
93 211
94 194
94 100
95 158
95 183
97 182
98 136
98 111
99 206
99 164
99 150
100 140
100 122
100 141
100 149
100 215
100 159
102 227
103 208
103 187
104 171
105 194
105 222
106 132
107 201
107 165
107 134
107 125
108 169
108 189
108 112
108 163
110 186
110 179
110 125
111 177
112 196
112 149
112 130
113 128
113 115
113 144
114 142
116 197
116 143
117 155
118 166
119 120
120 137
120 135
122 156
122 189
123 172
125 213
126 180
126 143
126 207
129 214
129 215
129 139
129 212
130 225
130 184
130 222
131 220
131 144
131 207
132 143
134 227
135 145
135 223
136 146
136 138
136 186
137 211
137 147
138 210
140 210
141 153
142 186
142 171
142 183
143 149
143 217
145 227
145 160
148 198
148 180
149 169
149 215
149 152
149 156
149 157
151 160
153 217
153 170
157 170
159 187
161 162
161 193
162 203
162 180
162 212
163 177
163 186
163 182
165 203
169 183
169 225
170 218
171 219
171 222
173 216
173 199
175 195
176 205
176 192
178 197
179 211
179 202
180 209
180 218
183 219
186 210
190 216
191 195
195 196
197 198
201 202
201 229
203 228
208 213
209 220
211 221
221 229
227 228
57