130 294
1 61
1 37
1 18
1 57
1 111
2 43
2 122
2 35
2 121
2 31
3 22
3 17
3 116
3 55
3 57
4 5
4 22
4 10
4 121
4 112
4 102
4 34
5 13
5 90
5 62
6 66
7 60
7 22
7 31
7 85
7 93
7 89
8 113
8 62
8 59
8 9
8 43
9 39
9 111
9 81
9 24
10 16
10 125
10 11
11 14
11 33
11 102
11 18
11 30
11 23
12 28
13 35
14 38
14 111
15 16
15 54
15 129
16 110
16 32
16 75
16 60
16 35
16 87
17 65
17 20
17 99
17 88
18 109
18 79
18 115
18 44
19 102
19 31
19 24
19 97
20 94
20 53
20 87
20 123
20 24
21 55
21 57
21 36
21 123
21 113
21 24
21 100
22 71
22 29
23 57
23 106
23 79
23 119
24 37
24 32
25 117
25 122
25 86
25 36
25 108
26 96
26 68
26 53
26 97
26 123
27 47
27 126
27 84
27 45
28 96
28 35
28 67
29 109
29 48
29 38
29 99
29 57
30 109
30 85
30 95
30 67
31 122
31 59
31 74
31 33
31 51
32 75
32 53
33 39
33 73
34 96
34 90
35 78
36 96
36 109
36 97
36 56
36 73
36 58
37 87
37 78
38 68
38 64
38 109
39 83
39 99
40 41
40 79
40 66
40 102
40 127
40 126
42 104
42 108
42 86
42 45
42 68
43 117
43 70
43 87
43 65
43 95
44 92
44 69
44 91
44 100
45 114
45 93
45 127
46 58
46 109
47 90
47 99
47 58
47 125
48 77
48 58
48 84
48 83
50 126
50 87
50 124
50 84
51 95
52 110
52 85
53 85
53 120
53 86
53 64
53 72
53 108
53 112
54 63
54 90
54 99
55 90
55 125
55 68
56 64
56 100
56 90
56 93
57 69
57 62
58 86
58 84
58 108
58 113
58 107
59 95
59 122
59 127
59 67
59 123
60 110
60 111
60 92
61 94
63 104
64 87
64 77
64 104
64 115
65 106
65 93
66 72
66 115
66 70
68 75
68 83
68 103
68 124
69 99
69 126
70 128
70 101
71 80
72 114
74 83
74 107
75 110
75 85
75 121
75 77
76 80
77 120
77 98
77 96
79 99
79 89
79 116
80 124
81 101
82 108
82 87
83 119
84 92
84 97
84 87
85 114
85 96
88 103
89 100
90 102
91 114
92 120
92 117
92 94
93 98
93 109
94 96
94 108
94 111
96 128
97 98
97 122
100 109
100 119
102 124
102 121
103 117
103 120
103 127
104 120
104 105
105 125
106 113
107 129
108 115
116 117
118 128
119 129
121 128
23