180 281
1 23
1 17
1 155
1 110
1 25
2 87
2 21
2 165
3 37
3 60
3 126
3 84
4 46
5 172
6 101
6 54
7 155
8 146
8 131
8 27
8 74
8 61
8 72
8 111
8 67
9 103
9 42
9 74
9 61
9 169
10 161
10 64
10 38
11 120
11 125
11 78
11 113
11 43
11 55
11 134
11 56
12 124
12 67
12 15
12 32
12 117
12 143
13 44
13 64
13 108
14 161
14 138
14 80
14 106
14 97
15 134
16 94
16 174
16 131
16 21
16 180
17 115
17 69
17 96
18 132
18 47
18 30
18 147
18 27
18 32
20 149
20 164
20 42
20 148
21 58
21 143
21 67
22 131
22 45
23 178
23 141
24 134
24 60
26 168
26 84
26 74
26 143
27 119
27 107
27 90
28 84
29 46
29 64
30 78
30 86
31 126
31 101
32 62
32 109
32 122
32 173
32 51
32 76
32 94
33 122
33 104
34 65
34 139
34 166
35 58
36 121
36 131
36 46
37 80
37 48
37 46
39 48
39 56
39 140
39 167
40 166
40 66
40 58
40 52
40 85
41 45
41 114
42 95
42 170
42 172
42 118
42 77
43 132
44 147
44 79
45 145
45 158
46 59
47 76
50 58
51 172
51 72
51 67
52 91
53 177
53 124
54 60
55 125
56 131
57 156
57 140
57 108
57 119
58 106
58 109
59 131
59 157
60 105
61 101
61 173
62 91
62 105
63 160
64 124
65 103
65 132
65 92
65 147
65 113
66 135
66 113
66 155
66 100
67 161
68 127
68 142
68 162
69 177
69 77
70 132
72 81
72 172
72 150
73 167
74 127
74 132
75 135
75 123
75 142
76 167
77 99
77 177
77 142
78 169
78 135
78 108
79 151
79 125
80 102
81 148
81 120
81 100
83 173
83 175
84 105
85 109
86 180
87 155
87 106
88 163
88 94
89 110
90 132
91 155
92 176
92 135
93 104
94 144
94 169
94 174
95 102
95 174
96 147
96 146
97 101
98 132
101 145
102 119
103 133
103 159
104 136
104 156
104 148
104 155
105 133
106 136
106 107
106 118
107 136
107 169
108 122
110 168
110 143
111 164
112 173
114 131
114 145
115 118
117 162
117 121
117 140
118 155
119 160
119 175
121 175
121 164
121 123
123 159
124 175
126 140
126 178
127 160
128 129
130 161
131 162
131 175
134 149
134 173
135 171
138 139
138 147
144 168
146 169
147 170
149 150
150 169
163 174
164 180
164 177
167 175
173 175
60