110 205
1 95
1 93
1 17
1 74
1 6
2 100
2 85
2 9
2 74
3 64
4 36
4 75
4 79
5 22
5 16
5 102
5 75
5 107
5 94
6 21
6 32
6 30
6 37
6 25
7 49
7 79
7 66
7 85
7 46
7 72
8 80
8 23
8 20
8 79
8 34
9 73
9 85
9 64
9 107
10 99
11 107
12 36
12 69
12 52
12 83
13 79
13 95
13 83
13 84
13 106
14 49
14 42
14 16
14 70
15 33
15 73
16 104
16 41
16 48
17 74
18 82
18 106
19 42
19 51
19 44
19 21
19 58
20 102
20 30
20 29
20 48
20 50
20 97
21 82
23 54
23 110
23 99
24 80
24 38
24 97
25 28
25 37
25 85
25 105
26 93
26 109
27 87
27 81
27 36
28 82
28 47
30 58
31 44
31 49
32 49
32 73
32 108
32 35
33 36
33 75
33 60
34 69
34 103
34 75
34 82
34 47
35 57
35 100
35 109
36 107
36 69
36 81
36 37
38 58
38 61
38 43
38 69
38 42
39 61
39 102
40 49
41 109
41 84
41 56
42 76
43 56
44 104
45 62
45 72
46 73
46 64
46 90
47 99
48 83
48 110
48 105
49 101
50 73
51 81
51 58
51 95
52 77
52 80
53 107
53 108
54 88
55 69
56 78
58 78
58 104
59 84
60 96
60 97
60 68
61 107
61 72
62 106
62 108
62 88
62 98
63 80
63 68
64 92
64 97
66 77
66 105
66 70
66 68
66 107
67 69
67 90
68 101
68 93
69 79
69 91
70 86
70 73
71 74
71 77
72 92
73 100
73 78
74 107
74 85
75 80
76 91
78 88
79 97
80 89
80 101
82 106
83 107
83 87
84 101
85 108
88 101
92 108
94 110
94 105
95 101
95 102
96 106
98 107
99 100
101 108
35