60 116
1 57
1 54
2 47
2 9
2 22
2 54
3 49
3 27
3 52
3 43
3 25
3 57
3 28
5 36
5 16
6 21
6 27
6 28
7 54
7 10
7 13
7 42
7 22
8 54
8 21
9 51
10 20
10 49
10 47
10 45
10 56
11 20
11 46
12 37
12 50
12 51
13 36
14 27
14 44
14 35
14 38
15 56
15 58
15 48
15 53
15 26
16 33
16 32
16 59
16 19
17 47
17 38
17 58
17 24
18 48
18 35
18 58
19 35
19 44
19 32
19 21
20 50
20 32
21 41
21 45
21 53
22 58
22 26
22 54
22 55
22 42
23 55
23 39
23 54
24 48
24 60
25 57
25 43
26 49
26 36
27 59
27 55
27 51
27 57
27 31
27 39
29 55
30 40
30 48
30 33
31 43
31 48
31 56
31 45
32 53
33 35
33 37
34 48
34 52
34 37
34 39
35 46
42 45
42 49
42 54
42 48
45 50
45 49
45 48
46 47
46 49
48 49
49 52
51 59
53 59
54 56
18