120 232
1 77
1 103
1 36
1 99
2 98
2 6
3 100
3 20
3 119
4 9
5 33
5 65
5 92
6 120
6 41
7 81
7 64
7 54
8 15
9 83
9 51
9 47
10 24
10 82
10 76
10 71
10 111
11 60
11 99
11 103
12 56
12 110
12 50
12 67
12 19
13 19
13 99
13 32
13 93
14 61
15 20
15 37
16 29
16 110
16 58
16 113
16 64
16 116
17 59
17 27
18 25
18 47
18 20
18 108
19 74
20 40
21 59
21 50
21 95
21 102
21 37
22 118
22 77
22 82
22 52
23 86
23 96
23 32
24 109
24 32
24 85
25 84
25 102
25 86
26 90
26 100
26 55
26 27
27 106
27 108
27 86
28 101
29 95
29 47
29 67
29 82
29 79
29 62
29 87
30 71
30 67
30 70
30 107
31 96
31 48
32 79
32 80
32 111
32 65
33 90
33 85
33 58
34 81
34 35
34 76
34 88
34 59
34 43
35 120
35 73
36 112
36 49
38 63
39 86
40 61
40 88
40 70
40 118
40 71
41 52
41 70
42 64
42 95
43 58
44 74
44 113
44 112
45 70
45 117
46 97
46 90
46 53
48 78
48 93
49 92
49 76
49 111
49 71
49 89
49 91
50 65
50 62
50 82
51 98
51 56
51 111
51 116
51 55
52 103
52 73
52 90
52 111
53 88
54 78
54 106
55 63
55 65
55 78
55 87
56 73
57 83
57 61
57 88
57 96
58 103
58 97
58 63
58 59
59 107
59 77
59 102
59 99
60 71
60 117
60 78
60 97
61 63
62 103
62 98
62 115
62 85
63 96
63 83
63 79
63 87
65 120
65 100
65 96
66 118
66 106
68 89
69 86
69 73
71 112
71 105
71 109
71 119
72 82
72 89
73 115
74 92
75 87
76 120
79 86
79 87
79 106
80 105
81 95
81 117
81 88
82 88
82 118
82 96
86 109
87 111
88 99
90 118
90 94
92 99
93 105
95 114
95 101
96 118
96 100
96 109
98 117
98 115
98 100
101 108
103 107
104 117
109 112
36