80 119
1 2
1 3
1 4
2 5
2 6
3 7
3 8
4 9
4 10
5 11
5 12
6 13
6 14
7 15
8 16
8 17
9 18
9 19
10 20
11 21
12 22
13 23
14 24
14 25
15 26
15 27
16 28
17 29
17 30
18 31
18 32
19 33
19 34
20 35
20 36
21 37
22 38
22 39
23 40
23 41
24 42
25 43
25 44
26 45
26 46
27 47
28 48
29 49
29 50
30 51
31 52
32 53
33 54
34 55
35 56
36 57
37 58
38 59
39 60
40 61
41 62
42 63
43 64
44 65
45 66
46 67
47 68
48 69
49 70
50 71
51 72
52 73
53 74
54 75
55 76
56 77
57 78
58 79
59 80
1 8
2 7
3 6
4 5
9 16
10 15
11 14
12 13
17 24
18 23
19 22
20 21
25 32
26 31
27 30
28 29
33 40
34 39
35 38
36 37
41 48
42 47
43 46
44 45
49 56
50 55
51 54
52 53
57 64
58 63
59 62
60 61
65 72
66 71
67 70
68 69
73 80
74 79
75 78
76 77
18