90 175
1 72
1 6
2 8
2 76
2 75
2 51
2 64
2 65
3 76
3 13
3 63
5 13
5 87
5 59
5 14
5 88
5 74
6 59
6 40
6 70
6 31
7 69
7 12
7 20
7 40
7 64
8 29
8 82
8 70
8 26
8 66
8 63
9 17
9 25
9 75
9 77
9 37
9 31
10 64
10 33
11 55
11 44
11 15
12 38
12 69
12 81
12 74
13 81
13 86
14 78
14 31
14 58
15 32
15 44
15 72
15 51
15 84
15 65
16 47
16 67
16 57
16 30
16 60
16 80
16 72
17 22
18 55
18 89
18 57
18 37
18 30
19 48
19 60
19 80
19 90
20 58
21 41
22 35
22 82
22 65
22 55
23 59
24 74
24 51
25 76
25 75
26 65
27 60
28 77
28 50
28 67
28 49
28 69
29 44
29 72
29 55
30 77
30 39
31 80
31 38
31 89
32 39
32 51
33 51
33 70
33 65
34 63
34 36
34 72
34 47
34 54
35 84
35 81
35 86
35 73
35 49
36 57
37 66
37 65
38 39
38 63
38 53
39 52
39 41
40 60
41 72
41 81
41 52
41 46
42 63
43 66
43 90
44 69
44 89
45 69
45 55
45 77
46 72
48 77
49 73
49 53
51 73
52 89
52 75
53 72
55 66
55 74
55 80
56 67
58 74
60 86
60 82
60 74
61 68
61 62
62 68
63 85
65 69
67 75
67 90
68 87
69 81
70 89
70 79
70 80
71 83
74 78
74 81
76 85
77 80
79 81
79 87
81 87
82 86
87 90
26