90 200
1 43
1 53
1 61
1 36
1 83
1 19
2 54
2 13
2 47
2 35
2 73
2 70
3 5
3 16
3 38
3 53
3 76
3 80
4 71
4 27
5 37
5 63
5 70
5 68
6 50
6 71
6 13
6 14
6 30
7 39
7 64
7 8
7 12
7 14
8 79
8 26
9 55
9 60
9 83
9 28
9 74
9 42
9 11
10 74
10 45
10 53
10 29
12 58
12 13
12 61
12 70
12 51
13 47
14 24
14 19
15 27
15 33
15 76
15 51
15 71
17 84
17 27
17 77
17 22
17 54
17 34
17 53
18 69
18 73
18 48
18 34
19 52
19 22
19 38
19 78
19 82
20 27
20 30
21 55
21 22
21 62
21 73
22 50
22 43
22 27
23 57
23 53
23 30
23 71
24 70
24 29
25 81
25 79
26 37
26 73
26 80
26 47
28 73
29 84
29 32
29 62
29 64
30 54
30 74
30 55
30 60
31 40
31 73
31 77
32 57
32 84
32 48
32 54
32 80
33 48
33 67
34 36
34 82
34 45
35 39
35 83
35 79
36 67
37 68
37 83
37 52
38 46
38 40
38 71
38 68
38 67
38 53
38 77
39 68
39 84
39 55
40 74
40 70
40 41
40 66
41 84
42 67
42 69
43 65
43 49
44 77
45 53
45 75
45 77
45 61
45 62
46 61
46 73
46 56
46 72
46 69
46 78
47 67
47 65
48 57
48 84
48 51
48 74
48 53
49 75
49 58
49 77
50 63
50 78
50 83
51 76
51 71
52 78
53 78
54 69
55 66
57 83
57 64
57 80
58 78
59 62
60 81
61 78
61 77
61 66
62 83
62 69
64 81
66 69
66 81
68 71
69 80
70 78
70 76
71 81
72 82
72 79
72 81
74 86
77 83
20