190 462
1 164
2 133
2 169
2 105
3 100
3 108
3 118
3 149
3 82
3 122
3 13
3 75
3 182
4 54
4 33
4 172
4 176
4 156
4 145
4 66
5 86
5 67
5 122
5 124
5 27
5 177
6 130
6 21
6 83
6 32
6 108
6 23
6 143
6 151
7 107
7 44
7 103
7 175
7 14
7 189
8 127
8 45
8 166
8 36
9 190
9 93
9 60
9 24
9 187
9 52
9 65
10 56
10 169
10 130
10 94
10 110
10 166
10 71
10 35
11 91
11 187
11 36
11 131
11 92
11 174
11 135
11 90
12 61
12 160
12 104
12 57
12 41
12 133
13 136
14 69
14 166
14 121
15 69
15 70
15 85
15 114
16 71
17 21
17 25
18 91
18 43
18 81
18 66
18 94
18 161
18 33
18 142
18 162
18 75
18 135
18 127
19 130
19 125
19 158
19 106
20 119
21 23
21 34
22 91
22 139
22 78
23 70
23 83
23 51
23 108
23 158
24 96
24 46
24 181
24 101
25 43
25 135
25 168
25 146
25 35
25 117
25 64
25 149
26 92
26 30
26 94
26 133
26 152
26 99
26 98
26 65
27 112
27 103
27 33
27 167
28 156
28 147
28 160
29 125
29 49
29 31
30 181
30 43
30 125
30 35
30 138
30 93
30 73
31 133
31 158
31 42
32 35
32 177
32 161
33 185
33 155
33 128
33 126
34 42
34 106
34 159
34 36
35 85
35 150
36 142
36 120
37 59
37 129
37 98
38 59
38 114
38 49
38 44
38 177
38 179
38 58
39 102
39 121
39 134
39 89
39 113
40 172
40 115
40 160
40 149
40 148
41 157
41 142
42 46
43 51
44 135
44 171
44 61
44 136
44 101
45 170
45 172
45 178
45 145
45 155
46 145
46 170
46 159
46 96
47 170
47 94
48 49
48 123
49 117
49 68
50 131
50 80
50 52
51 133
51 117
51 57
51 70
51 126
51 148
52 143
53 108
54 137
54 120
54 95
54 121
54 55
55 163
55 85
55 57
55 179
56 179
56 183
56 106
57 145
57 111
57 90
58 132
58 182
58 179
59 154
59 105
59 144
59 155
60 115
60 90
60 84
60 135
61 116
61 108
61 71
61 164
61 128
61 139
62 132
62 141
62 75
63 158
63 163
63 117
63 113
64 116
64 81
65 118
66 137
66 165
66 158
66 88
67 179
67 115
67 77
68 93
68 139
68 102
68 99
68 185
68 71
69 161
70 165
70 159
71 188
71 124
71 160
71 79
71 185
73 161
73 132
73 160
73 130
74 83
74 143
75 162
75 122
75 174
76 87
76 122
76 162
77 93
77 167
78 154
78 91
78 187
78 111
78 175
78 101
79 108
79 161
79 104
79 148
80 190
80 184
80 163
80 122
81 95
81 139
81 145
81 173
81 119
82 120
82 128
82 178
82 99
82 94
83 154
83 136
84 149
84 142
84 93
85 142
86 133
86 102
87 147
88 149
88 123
88 154
88 115
88 144
89 180
89 119
89 150
89 183
90 183
90 150
90 140
90 153
90 122
91 134
91 128
91 160
92 142
92 137
92 175
92 150
93 173
94 166
94 157
95 106
95 180
95 156
95 123
95 126
96 161
97 162
97 173
97 148
98 166
99 140
99 125
99 102
99 186
101 130
101 111
101 158
101 152
102 181
104 157
104 186
105 164
105 140
105 124
106 181
106 171
107 144
109 185
109 167
110 118
110 140
111 129
114 155
117 136
117 125
118 175
118 143
118 184
119 133
119 156
119 182
119 141
119 143
119 177
120 132
121 159
121 190
121 140
123 156
123 173
123 124
123 134
125 163
126 138
127 185
127 189
127 190
129 167
129 133
130 186
130 157
131 181
132 177
132 168
133 144
133 151
134 158
134 173
134 135
135 158
135 144
135 162
136 143
137 153
137 188
138 177
138 176
139 162
140 165
140 149
141 165
142 155
142 190
143 152
143 185
144 160
145 149
145 164
146 184
146 174
146 171
148 167
149 183
152 174
156 174
156 172
156 189
158 174
160 176
161 164
162 166
164 177
165 173
169 180
177 182
178 180
178 184
39