150 346
1 105
1 104
1 45
1 62
1 44
2 83
2 53
2 89
3 64
3 56
3 98
4 47
4 24
4 23
4 105
4 51
4 94
5 37
5 146
5 109
5 104
6 29
6 77
6 12
6 118
6 149
6 120
6 50
7 24
7 43
7 42
8 125
8 126
8 50
8 74
9 106
9 26
9 55
10 94
10 32
10 92
11 61
11 21
11 141
11 88
11 47
12 63
12 74
12 45
13 56
13 82
13 103
13 131
13 91
14 97
14 17
14 85
14 108
14 48
14 71
14 55
14 19
15 114
15 96
15 148
15 45
15 88
15 100
15 53
16 58
16 144
16 138
17 18
18 107
18 44
18 53
18 115
18 108
18 36
18 82
19 36
20 87
21 122
21 25
21 114
21 76
22 43
22 130
22 102
22 88
23 70
24 58
25 47
26 63
26 133
26 28
26 71
26 125
26 127
27 56
27 82
27 77
27 78
27 102
27 91
28 65
28 56
28 133
29 94
29 149
29 40
29 91
29 47
29 61
30 103
30 51
31 134
31 53
31 113
31 148
31 83
32 75
32 130
32 61
33 90
34 69
34 143
34 61
34 124
34 67
35 115
35 47
35 59
35 56
35 98
36 61
36 70
36 144
37 114
37 127
37 49
38 113
38 95
38 89
38 55
39 134
39 119
39 49
40 98
40 91
40 41
40 101
41 111
41 59
41 102
41 80
42 111
42 135
42 101
42 143
42 107
43 60
43 47
43 57
44 138
44 89
44 48
44 144
45 140
45 97
45 93
45 120
46 129
46 96
46 86
46 139
46 63
46 140
47 136
47 57
47 49
47 129
48 135
49 76
49 98
50 58
50 53
51 95
51 106
51 122
51 121
51 75
51 133
52 80
52 89
52 119
53 135
53 75
54 82
54 75
54 93
54 127
54 136
54 80
55 106
55 60
55 136
55 70
55 77
56 62
56 132
57 86
57 61
57 65
58 85
58 101
59 129
59 112
59 133
59 83
60 84
60 64
61 109
61 101
62 138
62 98
62 65
63 136
63 64
63 111
63 146
63 86
64 133
65 104
66 117
66 143
66 121
66 108
66 142
66 106
68 149
68 141
68 138
68 110
68 97
68 73
68 81
69 98
69 85
70 76
70 106
71 75
71 112
71 104
71 132
72 119
73 76
73 99
73 123
73 74
73 80
73 130
74 136
75 91
75 95
75 93
76 84
76 80
76 108
76 141
76 88
77 134
78 94
78 149
78 143
78 140
79 108
79 96
79 129
80 114
80 93
81 96
81 146
82 104
83 90
83 111
83 119
84 138
84 125
84 120
84 139
85 113
85 134
87 111
87 129
87 125
88 148
89 93
90 95
90 131
90 120
93 135
94 96
94 117
94 100
95 104
95 126
96 139
96 121
98 116
99 140
99 139
100 118
102 130
102 122
102 111
102 133
104 143
108 120
108 138
108 124
110 147
111 138
112 121
113 125
114 119
114 117
115 144
115 138
115 147
116 146
116 129
117 143
117 121
118 135
122 145
122 135
123 147
126 140
128 138
129 149
133 138
133 141
135 144
141 144
144 146
40