90 128
1 88
1 10
1 35
2 41
2 89
3 6
3 30
3 40
4 25
4 20
4 35
4 47
4 64
5 34
5 43
6 80
6 60
6 55
7 33
8 34
8 84
8 50
8 13
8 88
9 56
9 76
10 50
10 41
10 36
10 69
10 24
11 37
11 47
11 59
12 84
13 39
13 85
14 38
14 22
14 40
14 67
15 88
16 32
16 62
16 26
17 82
17 19
18 89
18 75
18 82
19 89
19 88
19 45
19 70
20 28
21 29
21 49
21 63
21 34
22 84
22 69
23 87
24 79
25 76
29 64
29 90
30 42
30 63
31 45
31 65
31 51
31 53
31 61
32 52
33 81
33 62
33 74
33 42
34 73
35 53
35 68
35 84
36 60
36 48
37 85
38 49
39 65
39 90
39 50
41 48
42 88
43 54
44 62
45 82
45 70
45 89
46 54
47 69
48 77
50 79
50 71
50 60
51 89
52 60
52 90
53 73
55 77
55 83
55 64
60 82
61 68
62 75
62 68
62 86
63 79
64 82
67 75
67 76
68 82
70 78
72 75
72 85
73 79
73 81
75 85
81 90
82 84
83 87
28