200 399
1 126
1 157
1 119
1 65
2 25
2 148
2 6
2 69
2 78
2 151
2 155
2 196
2 52
3 170
3 183
3 15
3 49
3 110
4 16
4 95
5 118
5 168
5 67
5 188
5 110
7 87
7 169
7 29
8 52
8 106
9 12
9 79
9 14
9 80
9 192
9 67
9 180
10 147
10 103
10 49
11 49
11 21
11 25
12 130
13 122
14 89
14 77
14 110
14 33
14 120
14 183
15 81
16 72
16 34
16 167
16 46
16 149
17 186
18 131
18 24
18 199
20 102
20 192
20 82
20 69
20 172
21 70
21 63
21 129
21 148
22 72
22 184
22 158
22 84
22 91
22 126
22 88
23 119
23 46
24 89
25 76
25 34
25 141
25 166
25 40
25 158
25 178
26 79
26 177
26 71
26 122
26 69
26 54
27 140
27 112
28 156
28 153
28 56
28 154
28 52
28 59
29 68
29 39
29 174
30 90
31 68
31 161
31 40
31 168
32 44
32 162
32 108
32 139
32 111
33 54
33 106
33 82
33 145
33 172
34 194
35 40
35 101
35 60
36 156
36 179
36 160
36 178
36 133
37 88
37 46
37 127
37 40
37 143
38 154
38 145
38 168
38 64
39 84
39 47
39 116
40 186
40 173
40 156
40 130
40 176
41 73
41 120
42 102
42 121
42 86
43 147
43 176
44 51
44 56
45 126
45 179
45 51
46 178
46 139
47 82
47 48
48 59
49 157
49 131
50 130
51 63
51 181
51 167
51 169
51 163
52 174
52 197
52 93
53 91
53 82
53 180
54 178
55 133
56 131
56 82
56 81
56 192
56 171
56 151
56 78
57 64
57 171
57 145
58 75
58 68
58 87
60 132
61 194
61 155
61 93
61 152
61 72
62 93
62 145
62 157
63 194
63 74
63 86
63 65
63 149
64 192
64 102
64 94
65 120
65 184
66 185
67 166
67 139
67 126
68 171
68 79
69 71
69 95
70 84
70 176
70 89
70 128
70 147
72 138
73 78
73 122
73 168
74 125
75 172
77 180
77 114
77 133
77 131
78 95
78 119
79 161
79 175
79 124
80 162
80 91
81 133
81 95
82 94
82 105
82 182
82 117
82 140
82 175
82 177
83 111
83 153
83 91
83 193
85 132
85 128
85 95
87 92
88 170
89 160
90 120
90 195
90 125
90 98
90 128
91 108
91 103
91 135
92 165
93 154
93 158
93 173
93 170
94 142
95 114
95 181
96 111
97 119
98 146
98 116
99 170
100 157
101 109
101 108
102 172
102 193
103 166
104 135
104 182
105 181
105 186
105 107
105 177
106 143
108 168
109 121
109 118
109 163
111 171
111 124
111 115
111 164
112 123
112 172
112 180
112 163
114 179
114 138
115 167
115 194
115 171
116 185
118 184
118 152
118 151
118 164
119 136
121 127
121 189
122 127
122 125
122 176
122 199
123 194
123 168
123 181
123 130
124 192
125 157
125 188
128 143
129 135
129 145
129 177
130 148
131 152
131 171
131 167
131 165
132 156
134 198
136 174
136 171
136 184
137 173
138 189
138 178
139 141
139 187
140 171
141 194
142 198
143 191
143 144
144 187
144 198
145 173
146 168
147 181
149 182
150 179
150 151
151 168
153 197
154 193
154 184
155 197
156 157
156 159
157 174
157 194
157 193
158 170
158 180
162 180
165 167
166 197
166 167
167 183
167 190
167 185
168 171
168 199
168 190
169 172
170 184
171 176
172 192
172 187
174 184
174 195
175 198
177 195
180 181
181 184
182 187
187 193
190 194
192 195
194 197
59