29 106
1 8
1 5
1 17
1 22
1 14
1 23
1 11
1 21
1 10
1 13
2 15
2 5
2 14
2 3
2 9
2 21
2 12
3 20
3 12
3 23
3 8
3 22
3 28
3 19
3 27
3 11
3 16
3 21
4 16
4 7
4 24
4 5
4 22
5 11
5 19
5 7
5 17
5 22
5 16
6 10
6 28
6 20
6 8
6 29
6 17
7 14
7 25
7 18
7 27
7 24
8 19
8 14
8 29
9 19
9 23
9 13
9 22
9 27
9 18
9 10
10 27
10 14
10 11
11 28
11 22
11 26
11 21
12 17
12 18
12 28
12 15
13 24
13 29
13 28
14 23
14 22
14 20
14 24
15 18
15 26
16 29
16 23
16 18
16 28
16 25
16 17
16 21
17 21
18 22
18 24
19 26
19 24
19 29
20 25
20 29
20 26
22 26
22 23
23 28
23 24
23 29
24 26
25 29
26 27
26 29
27 28
3