28 94
1 3
1 22
1 21
1 19
2 3
2 18
2 27
2 9
2 4
2 15
3 8
3 4
3 24
3 25
4 20
4 9
4 15
4 10
4 21
4 23
4 28
5 28
5 20
5 23
6 14
6 8
6 12
6 27
6 22
6 23
6 20
6 7
7 15
7 24
7 26
7 22
7 28
7 18
8 10
8 19
8 24
9 24
9 11
10 18
10 11
10 26
10 13
10 19
10 28
10 23
11 15
11 12
11 28
11 21
11 24
11 26
12 23
12 15
12 22
12 28
12 20
12 19
12 18
12 24
12 14
13 14
13 20
13 15
13 17
13 18
13 22
13 16
14 17
14 28
14 21
14 16
15 26
17 25
17 28
17 21
18 19
18 25
18 20
19 28
19 20
19 24
19 21
19 27
20 21
22 25
23 25
24 26
25 27
27 28
6