100 100
71 118 13 3 122 86 32 20 28 16 33 107 0 83 77 31 82 81 7 72 50 50 87 107 47 70 111 73 0 14 73 104 76 52 36 8 8 96 87 82 39 53 83 3 21 86 20 74 87 10 50 79 119 52 61 53 6 107 20 98 99 22 19 67 40 20 103 31 95 69 30 101 13 19 108 4 89 45 3 96 38 77 108 0 105 6 19 0 74 68 0 85 103 95 101 27 52 53 102 21
9 109 27 24 22 0 46 36 105 77 14 7 65 69 114 51 16 103 97 28 51 113 68 78 121 20 66 115 59 35 93 80 87 93 26 55 118 86 79 74 44 20 68 45 17 58 125 84 41 0 50 57 12 16 40 8 95 0 117 115 0 61 33 113 106 97 106 110 76 57 86 65 56 79 91 114 117 8 40 5 53 43 45 38 10 79 95 41 67 73 114 67 64 56 63 71 37 5 72 27
74 109 62 52 25 55 10 108 59 73 35 8 59 92 23 25 60 46 59 67 61 123 43 3 19 31 3 107 115 110 54 9 83 63 93 101 12 115 71 50 47 81 85 40 66 10 98 16 34 30 59 99 110 66 25 75 91 14 103 30 67 118 2 0 99 3 57 24 16 89 60 14 51 112 36 119 112 32 121 86 69 21 96 87 31 77 106 34 25 7 71 86 24 72 81 83 125 92 16 41
84 125 85 21 53 123 34 118 75 90 74 7 26 24 85 113 115 18 35 103 121 103 116 123 39 125 88 69 89 74 23 94 57 3 114 24 2 21 65 93 64 32 11 11 66 62 111 63 97 35 30 56 106 85 3 112 91 55 10 1 8 25 55 109 61 48 83 97 52 118 60 110 90 111 121 0 110 86 86 56 41 0 84 62 114 83 125 8 24 18 38 62 47 89 17 35 107 83 92 9
119 37 80 123 33 100 35 101 39 48 44 0 0 121 112 42 73 103 78 64 107 121 49 102 63 19 48 70 62 59 75 104 110 102 47 116 16 58 47 15 17 9 42 113 95 97 40 28 100 108 1 18 82 110 65 84 6 74 7 53 107 38 0 108 0 109 35 61 25 105 81 39 91 45 66 68 11 86 12 119 0 107 0 46 64 67 28 53 42 113 101 56 0 87 118 78 24 115 55 102
38 57 80 0 0 65 103 0 15 0 71 73 0 82 34 9 85 9 64 99 122 0 93 75 38 46 117 70 0 73 0 120 35 81 13 8 101 121 86 51 51 54 0 89 32 97 23 113 56 83 4 83 30 29 61 40 99 8 115 50 32 101 27 125 2 37 87 0 1 41 54 68 120 119 56 19 38 49 9 33 89 37 56 123 117 22 35 16 19 0 12 98 102 101 96 48 0 0 65 41
117 0 93 47 105 72 24 0 113 71 21 92 18 103 54 80 96 80 55 3 103 26 91 55 69 78 98 3 86 109 0 60 0 45 48 14 65 81 85 9 22 108 24 118 74 95 92 68 45 1 67 16 4 27 0 75 85 116 101 89 33 11 96 57 102 43 14 1 86 27 21 66 71 5 111 63 14 97 94 52 63 57 0 107 20 105 75 37 62 73 14 9 14 110 53 10 111 30 25 36
98 12 67 83 76 12 46 110 71 65 59 121 32 50 96 64 12 118 39 18 29 96 9 1 122 28 71 52 5 2 70 32 4 119 81 67 82 76 79 83 0 27 0 14 55 95 42 10 81 119 46 123 78 13 0 112 19 124 16 122 73 47 7 12 85 69 36 60 93 50 16 111 89 96 61 19 58 58 16 49 89 2 90 26 52 103 28 121 19 124 123 46 46 91 29 81 15 58 45 110
34 29 29 79 112 58 91 49 85 58 103 24 76 1 62 64 110 15 85 108 55 19 86 16 66 57 60 10 45 7 8 0 38 52 75 55 75 11 121 120 81 2 98 51 54 28 117 66 92 107 33 68 61 72 81 49 46 124 79 77 2 82 0 23 20 10 39 90 86 0 81 29 0 29 17 33 85 106 38 98 0 116 30 0 117 29 81 8 63 73 9 17 36 51 7 9 73 113 7 23
46 59 0 41 74 49 125 64 124 105 44 123 56 52 99 112 104 116 117 26 105 86 38 22 94 37 52 69 119 3 97 108 104 116 38 20 59 29 83 26 34 2 39 81 8 81 6 104 90 39 117 87 77 30 76 53 115 30 25 47 4 21 66 21 40 48 9 30 83 5 123 42 50 99 34 83 9 22 56 16 64 39 62 64 99 70 77 65 46 5 94 6 121 25 14 84 31 89 10 66
50 37 44 2 1 14 58 32 15 59 92 103 69 0 28 0 41 17 63 0 51 0 104 44 72 0 51 72 43 32 125 21 52 38 75 16 74 27 0 101 106 61 121 12 0 1 0 41 81 0 117 52 0 63 33 14 81 61 24 41 8 39 8 18 11 119 101 103 121 100 67 116 16 125 33 98 0 115 102 2 6 0 28 17 2 8 19 0 51 9 8 12 114 70 16 59 0 10 30 27
107 119 68 92 109 40 71 24 17 115 35 0 0 104 21 96 35 75 30 53 92 117 0 103 7 91 17 71 94 9 28 50 124 29 106 34 61 5 28 50 125 52 33 0 12 50 88 25 40 122 70 57 38 0 108 67 45 117 22 116 11 79 113 47 78 70 0 72 8 90 103 107 26 33 74 0 49 107 21 22 91 30 90 54 38 49 30 95 68 72 71 27 78 104 28 8 0 58 44 82
110 104 60 48 12 72 68 61 44 64 52 98 40 4 58 115 78 112 19 114 66 106 59 1 63 37 58 89 70 83 41 118 107 8 96 73 75 34 54 13 99 80 3 94 50 0 111 93 64 100 50 78 38 30 98 38 86 65 118 84 73 23 76 100 24 60 25 78 21 26 34 54 118 11 50 21 91 114 29 16 0 32 32 95 64 14 116 121 27 88 9 56 47 82 91 0 52 61 17 52
11 65 62 108 83 2 123 32 19 57 67 107 50 9 83 111 15 124 97 77 68 55 94 14 125 89 105 69 7 17 40 22 53 61 8 36 32 116 92 62 114 69 6 100 77 26 16 63 92 93 30 34 109 62 118 11 86 18 20 122 104 96 86 42 106 35 79 0 89 5 13 43 83 76 89 70 104 68 48 1 60 70 51 121 5 123 112 28 40 75 114 124 40 78 37 2 45 73 96 40
24 114 33 41 123 43 125 22 116 48 92 59 124 49 122 69 79 30 124 96 97 29 63 44 24 94 60 5 12 87 69 52 110 108 61 71 58 23 81 25 87 26 118 113 103 113 109 90 105 125 61 86 86 105 12 60 77 98 19 0 82 59 35 88 113 89 52 75 12 69 65 72 125 32 32 71 118 76 89 70 67 114 53 71 88 43 75 14 14 76 101 73 105 61 31 88 38 43 43 115
3 105 50 8 58 71 104 122 49 104 122 87 13 45 0 6 94 108 0 67 58 0 73 68 101 0 64 104 43 15 67 49 61 119 43 89 108 35 99 20 18 62 0 53 59 17 45 77 4 33 0 78 16 27 60 58 24 86 121 57 100 83 61 98 48 0 29 62 15 4 93 109 93 112 74 32 115 58 0 108 104 20 75 24 116 5 20 96 0 81 12 91 119 22 52 26 0 0 65 0
104 0 19 102 0 51 105 35 53 52 124 49 14 81 42 17 87 36 120 79 82 30 0 95 103 50 73 125 39 79 98 11 20 60 62 119 120 82 48 20 99 62 67 0 29 102 42 32 65 99 100 121 20 124 25 107 22 64 72 42 113 0 35 53 25 57 13 108 39 83 11 0 50 19 49 47 0 15 104 93 19 101 59 109 103 61 0 56 86 22 52 44 47 93 96 42 60 121 53 108
5 81 3 63 65 113 80 23 83 27 2 4 0 91 123 65 91 88 84 43 39 17 5 85 40 118 46 24 99 79 113 41 0 80 83 72 101 87 21 9 62 108 113 107 67 66 27 64 124 115 113 0 117 0 7 21 101 67 70 97 70 45 85 0 32 0 48 110 75 118 95 49 87 91 64 47 19 69 67 22 55 91 74 6 61 97 0 46 50 59 36 57 28 38 125 122 87 109 73 53
91 116 105 103 0 77 71 111 64 0 71 106 60 24 38 0 80 8 123 86 0 48 36 0 28 55 117 84 46 0 80 30 62 31 41 117 120 6 45 83 37 86 0 1 33 88 0 99 0 0 0 17 5 0 49 0 12 103 105 72 0 29 74 75 0 48 0 93 96 84 0 39 37 98 95 101 42 101 0 1 125 60 88 51 56 20 0 51 69 119 90 8 0 86 0 119 109 70 12 37
83 119 70 29 37 79 121 44 64 113 41 7 39 85 93 12 47 36 101 32 35 23 79 0 32 83 74 53 88 49 118 116 40 36 12 120 76 55 104 40 59 102 20 50 48 71 83 122 74 87 68 13 102 11 86 59 76 54 16 116 7 125 38 25 8 101 51 95 32 28 79 39 61 29 67 111 29 102 39 56 96 33 30 106 109 13 32 115 76 31 51 56 64 83 58 82 85 62 47 99
16 0 30 58 40 81 25 91 17 34 77 123 49 89 6 21 93 0 60 10 104 91 44 10 28 37 25 108 0 22 83 112 106 82 89 18 85 27 60 81 39 52 2 70 124 14 74 114 58 67 16 99 74 105 56 26 98 33 101 118 0 8 9 75 49 5 92 0 20 50 56 0 117 40 84 33 53 0 47 27 93 119 125 73 112 0 59 33 82 23 114 65 80 80 115 13 25 69 105 69
68 81 68 91 55 15 61 17 45 102 91 82 94 8 71 106 123 122 16 9 27 37 29 101 9 9 4 95 59 12 28 123 13 36 43 5 2 52 26 85 125 10 9 77 22 34 12 15 3 0 65 66 76 108 97 11 104 123 112 119 5 102 11 47 0 121 61 125 36 55 97 92 99 113 42 104 45 92 111 91 33 37 93 23 88 78 58 59 80 115 37 49 75 33 93 17 21 1 102 23
42 99 51 31 99 65 80 60 91 85 104 57 95 111 81 84 99 78 89 118 8 28 106 28 30 50 95 79 98 3 96 28 10 92 23 48 44 0 53 42 19 123 1 74 103 103 123 25 56 79 58 111 0 16 94 23 31 121 98 81 59 113 121 123 49 101 40 102 27 62 39 49 0 21 117 23 72 30 48 37 52 103 76 125 5 31 118 62 54 35 32 77 95 108 34 47 8 45 34 13
27 8 83 23 100 45 3 29 109 0 110 78 125 87 120 81 72 97 118 74 13 86 33 40 56 80 116 97 4 123 62 75 61 95 91 15 44 28 19 114 100 85 32 62 116 27 62 29 0 59 40 65 124 0 42 28 34 31 56 82 18 2 9 110 115 61 80 9 112 90 17 20 12 125 0 3 12 26 75 34 74 78 68 100 28 94 55 99 38 51 35 71 24 100 48 27 24 87 68 37
15 23 39 83 4 2 29 50 111 62 59 0 30 41 83 11 69 24 50 107 109 55 12 62 41 32 72 79 0 106 106 26 57 113 106 2 59 3 120 83 43 108 78 53 113 23 0 18 27 74 96 52 29 41 121 0 28 41 8 40 65 123 69 11 75 64 96 124 100 117 0 106 85 92 62 109 38 121 58 115 105 38 42 125 55 124 108 73 107 32 77 20 50 0 0 95 67 73 30 35
39 0 107 38 71 84 110 85 123 89 103 87 117 41 32 23 77 64 31 7 93 32 94 20 9 80 8 47 37 57 8 82 7 123 114 24 57 30 101 34 13 112 30 63 89 69 27 79 29 8 119 60 17 71 29 123 73 107 95 82 39 38 80 55 83 40 85 81 106 48 70 0 44 41 76 4 9 7 59 124 47 56 123 25 6 16 109 39 91 58 60 24 117 66 74 116 66 122 24 83
99 101 74 4 104 36 63 27 91 25 3 23 65 71 42 14 31 72 30 27 41 62 68 29 42 85 25 23 68 111 1 57 103 53 68 89 46 1 11 4 1 52 120 59 31 12 113 119 21 66 17 114 85 41 32 105 31 43 1 64 20 17 97 25 51 65 94 81 72 9 18 33 111 64 56 116 0 23 87 116 88 17 66 18 23 110 87 119 105 33 92 91 55 108 118 42 14 30 81 122
6 32 45 102 96 95 102 90 105 24 8 99 0 3 30 116 93 24 58 0 54 49 25 89 112 0 41 85 124 36 97 118 121 5 90 25 0 55 15 35 59 86 6 24 0 108 123 38 68 97 107 116 17 95 80 48 102 114 125 37 26 2 31 53 0 38 0 123 93 82 82 55 39 54 0 10 46 25 32 39 42 119 0 40 79 7 76 113 55 36 19 88 0 121 113 121 34 82 46 111
97 95 56 76 66 67 14 111 88 0 8 0 71 1 98 101 0 52 122 92 69 63 87 72 69 32 65 8 119 19 68 23 40 52 0 57 55 86 40 17 35 93 25 78 0 25 19 118 24 108 97 120 107 104 17 79 54 123 40 35 35 7 86 86 0 73 19 116 14 66 37 99 94 23 69 101 18 0 43 84 8 98 94 17 27 84 62 84 106 99 42 117 103 2 100 60 87 29 14 49
37 124 32 28 86 79 6 2 71 37 16 76 68 3 45 69 117 98 83 93 23 10 67 92 102 40 90 72 83 84 2 107 82 38 124 47 97 125 117 95 86 66 74 15 57 39 97 33 37 91 59 17 30 113 23 125 116 71 36 48 28 92 35 69 7 0 87 56 7 9 120 72 70 0 104 69 7 50 105 1 111 31 56 112 42 102 19 25 90 77 2 102 111 36 77 22 31 45 113 78
122 4 53 58 35 114 121 85 110 40 83 16 55 81 73 58 95 33 67 40 76 81 48 90 76 4 78 6 13 65 103 82 86 31 18 84 45 112 93 67 116 2 69 22 97 112 58 57 63 62 27 21 43 48 54 57 69 58 30 42 69 10 85 44 41 48 97 51 81 0 44 74 88 111 85 42 57 50 74 114 52 23 47 108 19 45 116 34 62 82 117 5 49 58 77 83 39 74 85 83
125 43 70 118 48 8 119 91 69 44 94 63 60 30 123 94 23 19 24 98 55 48 4 92 119 103 81 58 110 108 66 0 89 29 48 86 12 2 119 45 16 23 91 6 63 17 14 61 87 47 47 71 117 56 99 90 117 3 76 54 79 61 81 101 20 74 102 75 88 105 74 52 115 54 113 96 15 119 25 43 54 119 103 103 16 6 0 37 71 0 90 31 69 74 116 26 9 66 0 51
118 110 108 20 7 88 63 75 27 124 22 8 26 36 35 0 14 86 15 75 116 120 0 70 108 122 21 67 96 33 29 83 40 94 70 25 121 79 96 36 54 24 20 2 35 118 95 63 0 102 54 23 50 110 4 124 39 82 44 77 76 42 4 5 92 42 114 80 125 105 7 91 61 75 46 107 55 71 105 75 75 6 120 0 13 70 35 70 48 98 92 41 0 1 7 68 91 37 40 89
0 19 124 48 80 17 56 5 118 59 124 37 7 19 8 0 61 72 25 23 87 79 59 115 27 103 76 64 4 91 62 58 97 0 111 26 85 89 104 88 83 91 116 6 101 111 82 84 48 12 92 101 104 45 0 25 95 20 124 108 91 91 104 30 90 0 0 0 105 0 81 122 73 97 75 105 32 116 46 60 120 54 1 118 0 10 0 83 78 0 99 61 66 91 118 11 47 54 71 0
60 101 51 66 0 106 23 105 86 120 65 95 42 30 20 7 2 68 65 98 57 78 21 42 0 63 102 94 40 116 84 15 36 61 43 65 72 22 30 89 36 30 110 118 107 110 109 31 53 118 86 122 85 0 0 26 12 95 62 93 87 106 34 111 102 12 23 110 7 61 26 25 118 111 0 103 96 23 20 6 11 79 43 114 98 0 121 120 94 40 34 13 3 7 115 115 18 73 0 25
104 69 47 0 99 75 115 90 0 12 98 17 1 30 63 43 2 110 59 55 112 0 65 43 92 125 54 125 118 73 74 83 87 2 45 9 29 10 105 116 15 20 89 8 87 75 85 100 32 21 35 42 40 100 47 0 64 50 36 91 61 103 66 37 125 119 88 7 113 53 100 48 34 118 67 12 32 119 98 43 56 47 28 114 8 66 59 124 45 50 12 40 111 32 50 44 103 40 125 38
85 75 32 13 29 72 95 47 0 82 62 113 32 117 123 60 77 81 2 75 3 41 86 65 78 21 34 120 0 100 60 80 84 55 67 25 4 80 99 20 47 45 24 102 23 11 11 103 20 84 50 96 31 85 30 61 100 61 108 18 119 40 40 97 12 43 110 55 106 91 0 30 76 101 78 2 8 83 96 8 81 75 57 1 99 108 102 100 33 23 18 81 105 75 28 8 25 0 8 88
85 4 64 48 80 67 123 52 76 61 117 120 42 124 35 59 96 32 112 38 102 77 114 42 85 125 108 77 13 75 16 9 26 87 54 63 48 58 107 36 56 68 95 23 80 0 68 79 60 101 11 122 94 6 113 46 3 2 49 59 7 112 123 4 111 107 8 89 7 93 47 78 80 37 121 15 74 33 35 7 62 106 110 120 20 125 108 121 58 51 105 118 81 50 107 1 110 111 29 44
102 84 70 30 86 0 104 117 73 22 83 25 48 74 74 26 89 22 80 52 55 105 115 44 48 89 37 59 0 111 96 64 76 41 10 29 13 8 73 123 73 90 5 111 110 38 38 103 111 81 47 64 24 2 117 21 91 99 99 95 108 9 58 110 106 8 69 55 8 12 122 16 63 45 19 14 102 52 44 112 119 36 15 20 85 16 13 103 115 46 108 8 32 90 57 59 105 15 116 22
116 52 6 124 99 80 96 83 112 117 7 97 100 29 91 100 23 69 37 55 98 75 77 111 121 85 37 122 50 86 117 95 57 88 15 80 87 54 80 115 73 2 0 84 42 53 9 76 86 30 24 54 93 42 82 7 0 1 17 5 82 124 112 104 80 25 108 3 37 11 9 42 18 56 33 13 95 103 86 29 50 116 33 55 77 112 119 11 21 43 88 43 119 108 104 58 25 90 91 20
31 62 118 119 101 119 108 125 1 108 30 86 115 0 69 114 0 11 11 16 9 53 58 46 7 72 74 19 60 105 86 52 40 67 107 19 30 76 61 63 43 12 125 14 91 46 37 120 34 96 21 99 123 39 74 33 53 118 81 89 39 123 104 63 30 110 120 26 69 0 25 12 39 120 43 110 6 102 16 19 25 103 75 122 113 124 59 26 18 114 72 32 26 63 72 35 39 95 65 99
85 73 77 64 9 36 0 42 123 73 104 62 85 56 89 90 46 2 54 12 121 102 90 49 64 27 97 20 28 105 55 95 0 68 73 23 6 125 9 24 121 108 11 31 78 108 0 91 66 50 42 59 95 25 43 82 58 101 81 38 31 29 29 15 65 124 115 0 37 106 119 100 70 15 98 20 57 26 76 63 98 7 87 66 40 75 56 74 112 38 52 112 121 74 4 72 34 68 0 122
34 105 107 27 119 105 13 23 24 24 46 56 0 80 29 33 57 83 40 85 66 105 59 80 122 35 63 53 50 86 28 80 22 123 105 1 44 65 53 5 75 46 61 81 115 97 73 112 8 111 19 18 46 40 90 102 41 78 47 15 1 65 50 119 19 50 106 66 47 36 38 6 119 45 48 94 53 123 44 24 41 73 62 104 28 98 50 116 70 14 71 11 96 17 82 20 47 2 101 124
76 123 111 110 112 103 20 124 3 113 32 0 10 105 48 62 28 67 36 36 70 0 0 0 4 110 97 51 25 2 42 3 42 19 42 30 14 16 125 125 111 22 90 88 123 14 63 55 41 54 109 66 57 25 91 0 99 0 107 90 44 100 41 28 109 61 34 10 3 22 56 86 27 46 4 67 63 107 123 84 68 17 92 81 42 45 20 36 50 12 70 0 87 0 33 114 70 56 125 74
46 33 31 125 76 45 115 30 104 91 30 121 51 72 85 39 61 0 0 65 0 2 85 0 83 15 26 75 124 12 0 100 55 117 61 113 21 53 0 0 32 100 25 89 87 54 0 107 72 17 30 0 0 70 0 37 93 0 44 0 60 79 0 20 61 0 0 21 39 118 0 111 0 0 29 74 60 0 111 12 66 0 28 0 102 67 6 21 0 59 125 0 28 88 0 55 0 29 0 59
57 113 77 104 28 39 42 57 40 0 45 95 64 38 93 57 114 11 14 64 11 112 33 4 45 33 87 41 24 28 70 83 113 21 35 81 48 22 116 0 65 83 104 61 103 72 32 55 20 32 17 105 0 35 78 33 38 82 0 44 12 46 9 95 91 115 34 75 11 11 7 69 64 54 53 115 119 0 63 112 19 22 123 119 92 115 69 58 123 12 0 113 59 23 0 124 71 105 18 1
53 28 44 106 18 52 54 89 51 16 2 96 28 92 55 45 66 98 49 14 98 8 6 8 44 56 4 62 95 98 67 121 60 78 101 85 54 64 75 21 103 92 0 0 27 46 59 3 87 7 67 34 71 117 113 9 112 79 32 2 106 112 11 70 14 98 67 75 14 83 11 12 88 51 64 56 91 51 118 33 46 59 84 18 47 21 66 89 5 78 67 7 76 110 117 45 86 84 0 5
115 97 4 16 92 99 101 0 123 29 85 108 38 56 29 67 49 23 108 37 43 59 100 30 97 0 88 105 51 116 113 29 81 68 19 116 26 71 122 0 24 48 101 52 114 88 114 123 57 100 0 1 10 42 22 22 119 39 52 36 4 74 93 94 12 0 0 124 14 59 113 88 122 0 0 105 121 68 59 89 4 86 25 0 86 30 0 62 0 28 19 111 5 119 71 0 68 14 96 35
39 13 39 96 122 57 117 103 3 14 124 69 25 0 30 28 91 47 125 0 1 89 11 66 48 0 2 45 0 21 35 78 45 116 17 68 67 48 13 14 13 97 18 104 92 39 47 114 91 9 11 52 78 99 61 120 118 104 118 17 26 123 103 88 70 112 101 52 39 57 103 52 7 17 44 74 83 56 20 0 75 5 4 70 4 18 123 114 97 0 28 119 68 6 54 122 80 16 17 85
83 112 54 75 94 14 73 36 65 46 30 84 120 104 114 39 49 9 116 125 110 15 38 92 54 123 62 52 43 69 51 19 50 124 82 40 110 99 87 68 75 110 125 7 18 78 45 116 32 123 41 58 119 120 65 84 9 85 6 1 7 7 3 3 41 121 69 66 95 120 1 10 36 29 110 34 12 43 99 124 113 13 71 47 74 7 19 119 117 0 15 1 63 83 104 119 68 107 51 84
21 15 95 14 3 51 115 2 51 85 73 25 108 60 20 115 107 20 114 66 70 119 97 33 84 64 3 98 58 113 110 65 17 76 85 107 76 6 91 65 71 14 34 36 78 47 76 102 33 52 74 21 58 16 119 118 102 80 58 41 120 106 0 46 9 112 68 90 9 32 105 35 111 118 13 123 96 10 54 99 111 114 33 3 120 30 122 27 34 114 109 91 24 78 104 48 11 40 5 52
92 66 108 0 8 55 62 66 78 57 123 0 0 90 0 114 17 0 17 65 37 67 37 97 0 87 51 112 31 32 23 57 0 17 116 115 103 26 68 0 27 87 0 93 122 75 0 119 72 18 18 36 116 0 0 0 57 122 0 91 63 122 0 4 0 0 30 11 0 65 0 0 0 0 35 120 5 0 0 42 50 0 11 51 87 81 0 0 25 0 108 76 69 68 14 2 105 0 30 0
95 82 76 63 91 64 104 37 80 49 42 38 117 38 66 0 92 82 69 80 29 65 54 106 39 50 37 113 88 113 100 0 91 34 20 118 0 56 11 36 37 35 12 7 1 117 27 25 83 67 9 0 48 119 65 92 41 111 118 116 125 107 66 66 125 46 20 122 75 59 29 76 39 55 13 3 61 2 41 85 88 115 0 94 20 81 44 45 94 2 11 1 11 116 32 36 50 108 23 110
37 97 13 48 31 46 11 82 0 62 101 57 5 50 113 35 16 41 82 112 35 9 37 63 93 110 88 28 69 84 87 54 42 111 32 76 46 47 107 118 100 125 50 66 65 122 81 47 16 22 57 46 84 42 55 1 14 78 40 56 18 22 54 81 92 89 108 54 17 109 105 33 13 115 71 29 47 30 74 75 32 88 39 71 66 108 79 90 26 45 118 27 92 85 65 77 76 31 90 12
55 106 122 35 18 74 2 66 40 36 52 28 120 57 0 94 2 83 15 18 95 118 50 27 94 25 82 108 8 82 101 31 92 78 97 28 46 60 102 12 117 91 63 51 39 50 99 21 1 72 51 4 90 36 72 29 46 54 99 40 106 32 2 23 27 56 80 108 74 20 96 80 15 26 85 17 77 41 120 13 95 92 41 71 10 8 76 100 49 98 32 10 26 17 13 22 23 78 66 1
18 52 24 2 50 2 125 62 95 63 15 89 71 106 83 113 54 7 78 102 125 0 89 63 104 31 46 120 80 106 26 56 125 55 24 106 80 123 67 87 76 91 95 77 67 2 70 82 82 79 60 95 121 123 19 5 37 52 114 34 31 41 89 0 76 0 95 30 95 45 76 115 27 48 121 96 16 7 33 116 13 113 68 10 27 35 93 87 27 25 19 103 72 81 52 9 37 76 23 86
17 113 67 92 123 55 96 62 58 64 0 95 93 57 103 25 0 57 92 83 99 95 80 117 7 39 53 73 123 92 100 49 44 67 30 87 21 33 41 90 106 15 111 49 37 29 67 113 109 36 67 42 110 82 110 23 124 0 77 25 84 37 81 107 23 27 113 4 48 88 33 100 23 92 59 85 47 76 105 111 72 7 86 55 74 54 22 74 10 76 102 44 73 30 42 49 12 9 26 116
61 73 39 59 43 114 44 100 41 125 75 40 71 64 44 14 6 2 109 24 56 79 0 58 96 95 96 84 50 40 91 96 55 80 100 114 17 49 37 69 115 95 68 1 93 60 17 33 95 27 64 26 35 21 125 62 2 116 118 111 63 42 21 64 42 93 53 65 15 72 80 38 39 22 1 46 22 20 123 106 76 41 123 112 26 67 15 117 35 72 97 63 11 30 107 11 2 30 45 114
19 14 16 90 20 73 14 54 28 42 0 71 29 111 88 107 108 107 57 1 63 49 103 5 64 100 4 33 112 66 15 75 13 30 68 77 0 5 94 53 115 29 45 47 113 80 37 79 85 113 88 122 74 31 107 50 85 87 105 68 68 10 119 71 30 4 114 3 124 3 117 82 102 118 57 120 27 94 13 24 54 26 21 6 84 119 116 49 73 73 46 41 53 80 81 69 3 3 41 97
68 96 125 84 57 6 56 36 23 95 52 114 110 25 120 119 77 85 54 10 2 119 66 26 40 28 103 110 71 60 57 0 18 62 20 123 7 53 95 115 94 91 38 13 5 28 53 18 61 7 45 119 69 89 122 46 99 101 82 15 67 19 21 13 84 24 65 77 2 84 45 23 65 23 124 35 18 16 0 68 91 109 104 98 83 12 40 23 28 50 34 62 58 48 61 115 112 33 39 111
44 56 66 14 23 104 17 40 7 41 45 0 49 81 3 68 81 76 43 116 120 96 55 34 90 55 61 84 90 64 17 19 82 15 110 49 75 105 64 3 67 96 61 80 35 109 89 94 111 44 32 17 97 70 23 61 85 86 51 9 92 9 79 13 80 56 24 44 34 120 41 31 38 28 88 89 9 98 77 42 12 70 44 101 56 20 101 41 60 7 82 124 61 62 0 5 84 123 119 65
8 31 22 0 58 67 61 32 33 34 70 37 41 102 40 80 75 93 91 33 82 20 80 8 86 59 3 23 64 106 60 67 115 74 85 11 63 119 62 87 82 79 86 90 122 78 67 105 74 10 24 17 49 93 74 12 31 103 69 41 34 44 14 51 66 15 106 28 106 104 116 20 120 62 113 0 7 118 62 80 16 98 77 110 40 22 24 10 111 85 83 0 83 54 75 62 98 75 77 2
7 64 72 112 32 11 67 43 56 72 23 77 48 88 87 74 101 42 78 84 124 65 64 37 0 24 18 45 63 38 106 19 39 31 56 85 29 22 21 44 60 74 8 39 75 28 61 55 111 11 90 57 76 85 76 107 80 50 12 99 54 43 120 11 87 55 116 54 102 0 121 26 31 77 49 124 6 38 95 92 25 82 103 74 82 85 100 96 13 17 114 29 90 95 6 105 74 64 23 47
0 43 67 0 68 90 0 1 125 59 74 121 114 120 47 83 27 19 74 0 86 7 32 64 0 0 69 103 10 77 90 3 67 1 0 10 28 109 85 3 37 51 53 96 55 32 28 0 90 0 53 79 109 108 56 92 15 36 76 122 111 36 62 0 115 97 26 35 116 1 102 79 48 121 111 113 105 0 100 106 0 37 25 74 102 6 94 0 87 90 107 0 12 62 34 96 84 0 24 28
72 38 20 76 116 112 72 48 9 110 41 64 21 0 99 35 94 83 69 119 76 97 115 117 115 85 63 75 53 36 37 109 105 9 81 78 22 26 81 81 9 63 2 82 14 125 70 89 56 38 23 22 118 9 86 121 120 84 80 89 56 95 16 5 71 26 39 73 96 22 44 124 12 96 53 29 96 54 6 119 73 29 68 108 12 24 12 59 21 96 38 99 41 80 6 16 36 123 77 87
113 111 28 87 59 0 0 31 0 19 4 55 86 25 49 71 106 7 8 68 0 12 50 115 0 33 12 43 6 78 98 1 56 48 115 39 125 11 12 34 59 81 97 60 54 33 104 17 123 3 26 20 35 15 63 24 16 1 22 31 80 23 38 118 30 4 26 42 121 36 98 125 0 102 7 54 106 2 14 44 50 103 34 35 62 62 61 109 92 38 0 90 65 42 60 80 40 68 115 33
39 111 63 108 119 94 0 97 63 51 82 105 40 114 47 0 17 4 39 118 83 84 55 91 112 103 66 98 83 91 32 5 81 5 11 6 85 111 72 59 23 68 25 0 79 118 69 125 98 117 16 45 35 28 59 27 54 61 65 57 39 20 98 20 77 91 114 100 67 36 0 13 35 12 65 122 17 8 94 112 12 66 46 0 37 89 75 66 121 22 71 30 0 42 0 97 2 88 49 13
26 4 12 44 17 120 66 103 63 105 9 7 123 32 98 28 2 81 18 25 25 87 39 61 47 64 92 84 93 39 27 9 10 124 14 15 107 42 6 74 25 77 81 25 4 96 85 54 21 5 5 39 105 17 107 84 33 70 100 6 30 4 100 17 84 32 26 52 91 114 53 67 6 58 22 111 41 35 92 72 65 49 107 27 49 78 114 105 106 36 0 78 41 9 124 96 28 70 74 122
82 78 123 18 80 16 28 45 50 83 10 95 73 61 106 91 114 75 104 42 74 98 39 31 110 43 84 109 103 72 104 17 11 5 115 3 19 38 83 22 16 94 87 99 12 59 65 72 17 64 26 87 59 118 73 0 114 95 115 0 73 72 38 72 65 6 102 55 70 40 48 53 7 76 99 44 11 94 92 1 106 9 29 52 64 86 97 104 69 14 110 76 79 47 108 22 92 64 63 116
62 101 121 73 78 113 73 35 48 80 34 24 69 89 122 88 45 5 49 94 107 76 102 98 69 79 119 68 57 111 10 69 72 95 13 101 58 19 77 29 43 54 59 117 41 75 63 106 72 61 85 47 23 117 1 0 25 80 90 17 65 99 114 41 17 97 42 27 14 109 121 3 90 53 69 49 72 96 119 27 95 7 2 31 35 47 91 76 72 45 58 12 62 72 70 28 54 48 37 45
118 101 37 97 50 52 43 97 120 32 21 125 71 27 94 85 12 68 31 42 0 75 103 100 100 62 44 110 96 104 18 87 23 64 82 0 29 0 36 107 63 104 5 17 57 114 39 19 6 10 37 85 108 2 0 12 64 5 13 111 68 44 47 82 0 15 111 0 104 28 93 18 55 89 102 93 13 58 85 48 63 120 72 98 84 37 27 47 120 74 76 71 0 8 41 37 37 56 112 1
77 124 26 20 0 0 44 58 15 107 94 111 106 14 49 88 56 20 72 31 29 56 24 89 40 39 0 92 86 84 99 9 96 95 4 8 34 7 68 1 41 104 12 73 92 97 79 41 50 36 90 83 64 81 0 16 31 71 90 0 54 10 21 124 36 20 18 19 93 31 9 50 98 32 27 43 16 16 106 108 22 12 70 91 1 2 106 0 106 68 33 13 93 58 79 56 0 63 49 124
2 91 118 76 116 9 63 28 8 0 16 56 104 69 20 62 72 51 102 4 72 64 109 17 55 115 111 89 111 108 36 41 71 40 114 63 78 61 57 95 5 33 0 27 15 84 69 106 15 96 109 101 87 56 106 40 45 94 96 66 28 79 119 43 86 100 93 63 111 51 72 100 9 24 49 108 22 69 85 17 67 59 98 19 13 44 38 20 65 51 94 111 0 42 64 77 62 85 28 47
124 23 104 24 13 86 39 61 75 6 66 81 121 19 64 48 41 32 53 48 69 105 123 19 32 76 100 30 121 58 49 2 80 28 69 7 7 105 34 15 110 28 58 92 79 81 29 52 71 55 94 11 65 29 93 56 81 0 102 121 57 95 103 13 121 9 23 80 29 72 107 30 88 71 68 59 50 45 38 16 55 119 73 14 8 92 125 124 77 81 114 51 64 110 38 28 113 121 51 111
0 68 69 0 83 58 7 83 0 2 28 70 120 64 0 73 101 81 71 105 24 44 73 123 0 0 107 0 95 0 0 43 0 0 76 0 66 118 113 0 2 41 38 31 68 44 36 48 94 93 114 41 0 5 0 124 0 47 0 72 85 116 33 0 20 90 120 0 0 21 110 59 56 96 94 76 74 0 0 13 68 103 42 95 35 0 70 48 29 0 117 68 45 108 116 7 76 0 29 30
0 0 39 1 37 32 44 101 73 100 69 34 48 0 117 31 0 105 88 0 106 114 5 22 14 23 109 78 72 108 124 22 64 5 80 112 47 37 34 96 84 15 125 109 58 22 86 3 0 39 0 55 59 90 56 67 39 63 116 113 31 33 107 87 64 0 0 92 3 103 81 0 0 42 38 5 82 106 0 48 0 72 71 94 106 79 33 44 3 0 105 0 15 90 44 23 86 37 0 85
64 65 88 117 82 0 13 98 98 47 29 0 12 43 92 66 56 0 37 39 37 0 0 44 7 122 64 36 21 70 43 55 81 65 105 0 4 46 76 0 0 105 0 56 88 100 90 33 113 117 0 50 66 0 116 17 7 5 75 45 119 102 0 111 116 71 0 0 0 12 0 31 46 91 80 97 0 0 56 63 108 53 76 29 56 47 0 15 88 14 0 46 105 5 0 41 74 86 65 120
84 112 11 52 123 124 64 66 17 11 102 56 28 69 0 21 53 42 73 0 122 124 60 109 80 51 96 4 114 0 106 70 0 68 63 54 37 46 83 48 33 60 83 57 115 76 115 94 103 60 6 18 63 90 32 100 93 22 23 80 97 84 70 6 66 11 103 86 80 4 59 94 57 0 44 91 119 106 112 72 8 124 36 5 3 0 7 24 63 104 73 122 28 62 54 86 109 87 90 23
47 40 80 96 70 34 105 0 82 33 50 63 7 98 54 82 122 103 62 16 51 1 0 36 79 75 33 113 62 101 43 116 106 109 101 114 116 32 54 1 51 52 20 89 0 81 120 42 97 57 87 99 114 63 59 59 106 33 35 119 91 121 91 42 36 104 10 2 38 111 75 77 66 101 118 56 17 104 30 4 79 26 15 47 32 74 66 18 103 36 119 30 58 24 72 42 28 51 108 44
0 13 47 97 20 49 73 55 107 123 28 97 102 42 44 124 39 107 14 88 84 71 47 120 1 6 48 15 107 20 1 120 26 106 34 109 37 49 114 80 42 114 104 95 66 114 3 118 99 13 78 27 3 87 65 94 22 16 17 7 109 4 63 111 119 67 60 125 27 103 42 104 20 118 67 18 15 34 64 22 36 65 76 114 102 72 97 91 66 73 114 27 47 66 116 81 44 20 43 34
28 58 22 68 83 78 76 49 55 80 121 111 43 85 41 63 73 62 62 4 23 29 85 97 121 115 43 50 67 110 4 24 113 15 105 31 51 53 31 69 8 15 89 116 66 69 54 35 93 36 34 64 65 84 32 35 16 95 113 51 69 9 10 77 100 42 98 2 67 77 1 5 69 107 17 1 117 24 120 88 59 110 45 91 0 97 59 124 111 44 112 53 104 78 102 21 24 89 5 50
66 90 6 67 0 30 62 32 108 14 38 8 119 96 1 75 23 64 37 0 1 103 57 1 93 85 43 61 121 107 65 50 0 98 105 18 99 84 87 28 49 121 94 10 58 85 68 32 11 7 14 89 23 34 123 67 54 117 113 93 44 72 9 54 60 109 54 8 91 11 37 10 43 117 120 97 38 29 14 64 78 117 10 98 18 91 111 46 57 4 77 30 115 13 86 83 105 71 20 0
66 66 88 99 3 83 98 6 52 33 57 95 116 41 49 95 21 51 108 89 82 109 72 109 107 124 83 14 54 33 0 32 76 116 13 116 109 80 118 20 116 92 110 25 81 90 101 112 118 69 78 108 86 67 25 84 30 2 15 107 23 36 71 7 34 75 50 32 9 42 122 112 46 99 72 21 22 101 112 117 53 13 69 13 46 103 97 6 35 89 47 94 116 20 125 41 6 70 104 69
53 0 120 31 83 27 17 50 26 104 53 19 108 91 106 58 51 63 90 22 54 114 62 48 19 11 1 84 20 113 117 117 58 28 46 45 71 45 27 57 78 28 20 113 119 52 73 48 98 83 90 46 53 8 125 100 33 109 52 18 3 26 65 91 7 124 117 109 52 85 91 10 80 69 52 92 81 78 70 82 59 73 71 60 115 106 21 86 12 9 62 43 82 124 33 6 28 83 57 76
22 92 25 25 122 58 38 50 65 21 11 42 75 42 84 90 13 21 40 105 31 123 49 27 100 32 71 104 43 5 24 121 49 4 16 107 120 44 102 85 16 22 75 64 46 74 81 67 100 82 0 74 114 60 30 32 50 29 37 112 74 90 50 102 72 13 18 66 9 106 115 71 125 29 55 57 39 18 81 7 35 19 79 88 69 41 117 72 88 117 77 9 72 108 39 4 17 11 110 105
3 101 91 82 27 48 22 21 25 9 3 63 60 75 23 80 74 111 31 32 9 63 2 116 87 100 7 76 35 30 2 57 27 60 115 54 24 120 47 93 4 110 96 0 74 17 6 57 74 8 108 16 100 23 26 103 34 55 115 101 113 9 76 30 85 69 14 80 22 10 116 92 24 72 66 66 26 53 94 35 54 112 8 109 44 54 66 112 42 42 68 35 27 98 7 118 11 23 113 5
79 62 17 59 85 72 66 50 40 110 48 85 60 77 92 56 28 123 9 33 56 117 57 56 61 124 115 26 114 20 22 61 11 26 77 96 39 48 83 13 76 114 101 87 72 116 76 88 46 28 46 86 58 42 83 75 22 84 106 81 37 5 62 22 69 81 103 70 64 60 85 119 85 107 85 59 93 122 16 69 5 88 100 5 105 41 6 79 6 35 2 0 113 44 86 83 67 90 122 45
105 46 57 45 122 2 71 1 12 104 19 124 89 74 101 73 115 82 33 6 28 0 57 66 121 3 118 96 74 105 66 19 35 2 94 114 74 94 37 81 37 98 114 47 98 48 23 109 65 48 0 22 58 111 74 57 22 22 9 0 60 92 87 121 49 3 43 53 71 125 111 54 78 54 89 22 31 102 110 89 46 71 38 91 124 6 43 92 35 9 120 7 27 103 125 32 98 53 91 108
8 32 40 83 88 24 80 121 111 82 111 100 4 110 101 78 79 113 67 102 81 81 97 28 109 13 39 30 56 37 117 8 89 49 38 0 98 95 87 96 46 79 36 14 23 48 75 0 57 31 48 24 45 47 51 34 34 88 65 25 59 72 59 40 102 56 26 55 42 59 52 45 59 47 115 111 60 54 24 103 87 21 49 116 43 53 46 50 65 8 88 76 103 92 15 86 114 91 47 30
0 98 0 84 27 55 9 26 0 0 38 0 0 83 80 46 0 82 59 0 6 29 114 0 44 0 0 119 4 0 13 0 0 0 21 0 20 124 96 73 107 41 61 22 90 0 0 35 0 112 116 0 100 11 37 104 0 75 0 0 80 0 66 41 0 101 89 0 0 0 0 0 68 0 15 0 0 51 118 21 99 0 0 0 14 0 97 0 92 74 107 0 25 0 0 115 93 0 24 19
0 92 17 116 20 80 91 78 91 25 121 12 0 112 122 71 44 3 121 81 27 48 0 5 96 8 85 7 12 108 63 109 3 42 78 88 23 51 53 120 120 0 88 113 58 10 37 63 58 19 55 81 19 45 92 22 29 125 0 51 32 60 59 2 124 100 77 31 2 47 0 103 73 13 48 39 48 61 50 67 87 77 13 50 37 124 61 76 34 97 72 96 33 122 100 9 34 30 95 7
121 85 7 109 103 27 17 9 0 18 50 79 91 123 19 99 65 125 108 91 117 33 11 119 115 48 2 0 32 0 45 76 16 102 23 1 66 74 111 0 15 91 30 26 100 31 108 0 46 47 76 23 84 14 105 79 32 0 61 78 106 3 28 74 10 107 105 74 39 13 113 73 119 74 62 43 42 79 96 32 92 22 77 78 78 112 45 83 119 56 9 19 60 0 40 3 71 72 44 80
125 93 86 0 0 19 33 0 113 82 55 40 96 8 56 111 125 43 34 23 93 101 103 64 0 110 29 125 59 60 32 18 57 55 88 60 5 4 0 40 0 106 0 99 99 0 9 66 95 0 86 100 71 31 4 108 100 37 80 26 40 106 0 60 22 0 31 83 116 0 118 0 53 0 115 0 74 112 61 89 53 105 120 98 70 44 46 35 14 90 100 65 18 111 75 121 60 68 85 0
10 16 99 51 22 97 67 19 111 17 59 26 79 43 25 114 34 95 48 6 82 93 93 16 40 44 87 80 14 83 9 113 95 108 36 119 17 10 102 108 122 123 87 28 57 48 2 73 125 61 36 105 28 12 82 22 79 103 24 43 97 121 118 120 37 44 64 53 62 125 5 64 120 34 57 107 0 20 29 76 84 64 61 67 97 50 0 26 115 0 4 34 6 90 19 75 32 14 97 9
115 100 75 113 0 18 55 0 45 63 121 64 57 0 0 91 76 30 72 34 112 53 20 0 88 5 0 76 37 0 47 56 113 125 0 18 65 47 122 44 102 10 0 91 73 64 59 58 16 32 70 121 82 89 82 34 60 100 115 30 112 105 69 9 123 36 113 29 79 0 115 42 107 59 55 64 22 113 40 79 37 29 117 102 72 50 45 88 43 31 96 32 0 4 96 57 17 125 19 92
13 63 122 114 87 65 101 42 86 18 124 58 120 58 47 67 29 3 9 29 121 12 111 49 79 40 109 43 79 100 108 36 109 6 57 72 53 51 70 37 72 35 18 37 42 29 0 47 50 14 0 26 21 94 83 90 84 7 25 22 0 109 50 6 0 58 5 101 59 64 105 76 115 50 24 117 94 58 102 44 40 11 40 17 20 71 69 18 79 42 103 32 52 121 54 2 90 15 11 22
53 19 118 17 51 10 39 97 124 21 32 40 105 114 0 50 46 73 37 17 89 123 101 120 56 79 17 39 76 24 100 35 110 19 94 99 66 72 20 59 28 121 92 72 125 83 40 69 71 0 57 0 22 117 37 116 51 0 103 96 113 47 78 92 53 81 51 92 43 21 92 98 92 68 18 88 5 75 61 85 89 47 33 35 28 107 27 107 61 37 35 4 22 90 120 90 7 119 18 37
5 9 99 83 35 19 67 68 73 62 43 110 45 90 78 96 59 43 12 2 121 94 89 99 69 103 83 48 26 3 53 111 66 113 42 109 75 105 45 97 75 114 71 44 50 3 84 55 61 80 120 77 92 90 74 10 110 118 27 68 23 118 74 63 83 64 116 120 38 8 15 10 46 63 69 46 8 72 28 117 61 7 45 65 1 63 2 125 96 57 0 109 5 70 89 40 84 112 25 15
112 118 50 121 108 48 125 1 62 12 6 72 78 112 15 90 119 93 34 74 111 53 79 30 84 55 103 5 74 90 47 102 112 23 74 21 6 50 96 21 24 112 102 61 21 12 99 94 113 35 32 2 124 103 118 98 67 117 87 105 32 28 73 83 111 88 96 78 24 14 61 86 42 84 42 4 11 33 0 66 63 103 90 101 17 85 75 121 59 102 8 16 125 119 120 79 99 28 7 55
0 124 70 104 88 17 73 72 0 95 32 61 92 81 0 121 47 92 9 3 30 6 97 71 112 36 0 50 120 80 13 13 123 112 3 99 0 23 39 45 119 33 0 44 78 80 13 4 69 77 70 109 99 106 13 47 0 63 82 100 48 96 102 0 109 19 104 0 59 36 85 14 24 109 18 2 0 113 67 60 30 56 6 118 18 42 43 18 88 65 103 0 85 72 45 103 80 7 90 11
