100 100
86 43 84 20 104 45 0 0 120 49 25 73 62 86 34 110 88 105 0 63 21 68 107 0 40 7 90 8 9 23 0 28 104 30 91 108 98 27 92 88 94 4 97 91 6 59 86 108 94 117 77 0 0 97 99 46 0 79 0 121 92 75 115 68 38 62 119 75 124 18 0 67 105 48 85 62 56 8 87 74 113 80 95 0 13 52 0 51 104 0 9 0 84 0 70 56 118 66 60 0
106 106 123 45 111 82 8 0 34 16 88 2 21 33 46 22 63 7 122 0 0 65 81 107 96 60 11 103 64 125 36 12 40 93 89 24 76 32 8 55 98 56 1 79 61 9 52 112 44 119 76 94 76 123 91 27 75 73 94 71 40 8 103 62 1 89 11 107 22 29 61 29 32 61 15 88 7 122 17 25 22 73 99 28 16 98 46 7 73 109 95 41 89 119 35 8 104 14 97 57
69 34 46 72 64 115 33 12 122 55 122 102 119 62 14 8 9 4 41 83 12 75 79 50 6 7 115 68 96 82 119 5 23 27 114 14 10 98 7 67 90 77 78 24 77 75 37 34 81 24 27 106 57 52 109 120 71 47 68 109 15 30 5 49 22 73 22 84 108 86 109 69 0 45 87 103 4 48 121 45 113 2 85 59 37 37 38 2 121 81 106 120 87 86 72 42 33 93 83 91
82 15 42 115 34 34 97 95 55 78 106 85 43 40 42 21 60 70 85 124 32 116 81 56 16 49 88 30 8 108 40 119 78 92 48 42 105 18 30 56 6 120 5 33 107 60 29 68 50 121 112 84 102 19 36 55 36 22 22 0 76 67 113 45 71 22 39 86 55 40 69 94 40 89 24 94 6 66 104 125 110 107 22 43 16 67 39 34 7 11 8 84 117 96 46 113 91 1 69 109
35 118 5 85 31 87 0 20 81 66 104 100 53 78 43 48 34 85 68 95 106 80 80 66 31 87 76 22 51 101 73 122 99 22 79 13 72 12 59 98 41 0 0 108 72 88 17 0 45 12 27 107 76 0 41 21 101 78 87 39 29 71 72 57 24 68 90 82 99 54 45 83 42 47 81 102 28 52 49 106 96 14 99 83 59 98 27 120 17 6 14 63 31 99 38 62 12 58 37 15
117 49 0 21 35 84 60 76 2 95 67 98 28 84 37 102 39 33 87 30 125 69 88 22 9 22 112 71 6 26 12 118 10 4 49 33 73 6 17 76 39 66 63 70 102 25 110 9 116 40 111 125 112 0 62 76 2 118 2 11 31 29 118 40 35 106 56 5 22 47 76 28 46 44 86 110 105 66 20 17 77 108 25 3 4 74 37 0 37 33 22 32 124 41 47 58 69 0 57 85
106 8 37 55 12 91 55 47 36 7 39 14 100 86 11 49 96 56 28 113 88 65 79 11 0 113 11 110 26 7 123 58 97 8 46 0 15 50 11 120 101 92 82 36 33 33 4 18 92 4 14 73 2 113 85 5 69 24 26 35 112 13 89 23 43 17 81 58 16 125 17 58 1 34 81 7 69 54 88 9 33 56 100 93 76 61 45 31 111 29 19 116 67 26 120 35 112 71 69 31
106 20 2 90 44 21 6 65 67 74 102 95 85 3 38 79 95 74 2 63 0 120 14 25 42 47 82 121 87 24 50 125 47 18 0 119 63 10 92 86 17 103 121 121 70 76 101 57 74 108 41 0 26 41 7 3 53 48 36 41 64 98 22 50 100 85 96 88 88 31 83 81 54 48 54 72 7 9 31 100 5 20 123 45 38 85 56 4 17 73 114 8 3 82 61 11 15 62 55 121
45 39 42 88 12 71 58 85 64 107 32 120 1 0 57 33 6 16 95 36 53 67 76 106 72 96 68 26 107 53 104 24 82 86 50 111 39 39 53 60 116 62 55 58 86 117 45 81 79 88 14 79 18 37 121 17 30 102 48 121 31 15 68 123 93 96 69 2 124 75 78 62 91 107 4 68 120 88 32 123 70 75 84 71 5 39 124 118 123 122 84 60 38 5 120 27 17 113 64 120
19 0 19 93 61 84 74 65 45 31 16 57 0 30 28 0 102 78 29 91 66 93 111 91 66 70 117 56 3 98 81 27 90 101 47 63 72 5 6 73 0 116 59 97 90 83 80 110 90 29 7 98 28 113 107 22 0 88 36 76 99 48 23 17 119 48 122 55 119 116 112 117 41 115 56 38 113 20 55 33 88 42 104 12 117 56 31 38 53 70 125 109 122 80 108 120 32 36 70 69
123 18 50 90 67 0 84 87 0 38 42 79 55 47 84 87 112 88 71 10 5 13 12 102 2 87 90 7 35 19 12 49 52 103 45 28 29 19 78 12 7 122 41 122 61 114 32 99 117 24 115 22 112 125 0 41 6 101 29 9 108 82 92 3 40 45 45 89 114 106 23 81 101 28 104 77 87 77 22 6 94 53 36 16 3 14 61 23 116 83 59 63 6 1 113 123 48 120 109 104
45 114 74 85 8 62 83 43 28 99 24 41 17 44 9 80 58 41 78 112 26 103 105 17 125 30 24 50 73 5 23 83 3 78 0 124 99 121 28 47 9 46 122 34 6 83 40 27 116 47 77 38 110 109 106 59 92 1 67 2 82 75 94 35 114 91 53 39 89 56 52 32 2 68 114 10 0 19 47 8 25 89 24 27 41 57 96 49 43 48 21 58 29 10 122 105 82 53 29 72
66 13 58 100 39 110 99 107 23 19 46 89 39 32 93 121 125 10 15 102 98 0 47 114 113 34 26 60 68 61 11 63 56 11 80 4 61 0 73 68 39 78 64 66 124 25 0 77 116 103 12 55 119 94 90 45 63 57 75 57 76 83 46 45 59 108 31 39 89 2 11 60 68 23 106 1 85 17 101 1 13 80 40 29 8 32 77 17 50 0 32 57 88 22 97 45 2 0 9 22
44 50 34 90 81 77 0 106 81 58 15 27 81 50 10 43 98 60 90 85 120 42 0 11 103 12 31 17 13 92 0 21 86 63 15 82 17 16 1 111 122 52 97 33 41 19 49 72 73 17 82 30 111 5 21 94 22 14 19 70 110 22 26 1 92 79 22 16 0 24 112 100 38 0 88 42 0 57 19 75 3 75 0 0 90 79 36 27 71 83 29 56 67 74 69 0 16 120 92 110
57 0 38 101 114 93 103 104 77 40 106 124 13 52 10 7 72 40 84 62 28 29 0 62 108 62 68 102 2 2 117 0 4 91 77 95 113 2 16 61 49 70 104 28 113 80 0 55 72 95 28 77 98 90 124 45 24 6 68 28 112 121 0 86 88 119 53 33 46 19 31 25 4 23 31 60 86 114 27 0 102 81 108 65 0 32 39 111 105 55 0 96 103 25 47 125 33 81 81 69
105 76 90 19 89 93 46 22 5 117 81 65 81 116 113 100 23 61 91 115 36 26 65 22 36 90 116 90 108 87 34 20 17 104 117 35 1 123 42 11 0 23 44 78 61 22 46 110 38 105 115 90 3 74 117 15 34 29 8 94 13 7 61 36 22 2 125 45 4 44 36 17 57 55 53 30 60 80 80 7 16 36 19 1 107 94 66 0 83 1 58 35 75 11 73 18 46 40 88 79
119 30 0 43 111 44 0 93 53 32 82 8 0 51 121 20 10 68 105 91 91 32 55 67 92 0 24 72 73 0 17 115 30 47 81 21 90 106 4 40 36 99 42 87 72 77 39 86 123 90 0 89 49 0 0 0 67 93 107 0 28 38 35 33 81 37 13 89 112 33 92 80 78 0 94 117 44 37 104 18 77 38 89 109 51 117 72 104 41 0 93 76 72 67 121 100 0 0 91 12
70 42 94 42 72 96 53 26 28 118 56 123 43 9 10 52 103 7 121 80 108 64 107 35 120 39 122 72 30 94 114 41 72 83 113 9 47 17 29 120 106 9 22 67 120 10 120 4 54 53 48 47 104 36 43 123 122 77 50 13 76 48 24 81 95 86 121 8 79 61 73 81 73 99 11 52 18 76 88 63 0 8 78 43 31 77 114 27 58 41 87 9 14 86 94 31 31 4 106 59
13 57 98 35 89 83 41 101 120 7 17 0 64 33 65 103 91 73 105 81 9 17 0 68 27 37 75 94 12 22 34 7 19 94 37 64 26 83 3 6 32 99 77 81 10 41 0 124 14 33 76 104 117 29 22 57 84 36 0 108 8 47 103 15 96 67 35 91 88 77 116 14 19 46 116 55 76 117 109 121 41 80 121 122 2 60 117 81 62 105 63 48 7 30 19 13 35 74 102 14
87 54 42 8 0 114 0 74 63 0 105 30 36 16 56 58 18 85 28 93 44 16 0 48 55 57 103 0 100 104 0 95 70 4 102 111 47 0 110 21 48 47 29 14 115 101 0 112 75 35 0 61 108 41 47 84 30 95 20 0 72 27 61 102 36 6 82 105 107 55 53 98 72 121 27 104 10 62 103 69 25 0 78 17 5 16 76 95 27 65 0 29 2 98 82 53 18 1 0 6
124 7 67 32 51 93 29 59 70 11 106 25 104 86 64 95 15 105 5 99 102 45 75 16 2 70 23 35 14 94 58 61 6 21 84 119 119 80 115 107 24 109 67 22 37 89 20 56 76 75 116 55 76 34 79 1 93 89 99 104 75 33 21 62 1 99 83 52 17 122 23 55 0 122 2 84 56 25 14 77 123 68 56 89 122 3 66 48 96 3 94 43 79 57 123 97 98 58 108 14
105 36 81 20 30 5 94 40 35 77 72 14 23 96 92 69 92 8 103 6 75 67 115 93 52 76 29 86 104 102 118 29 32 33 100 81 6 52 3 10 34 110 92 86 52 104 50 101 78 18 107 37 95 0 55 83 36 6 124 9 78 119 72 75 61 94 23 62 111 80 24 92 93 79 57 13 15 70 60 60 69 39 18 31 16 4 13 79 58 75 16 86 35 67 91 85 38 15 88 108
53 61 73 88 109 104 27 6 0 124 86 89 66 13 91 107 43 86 74 0 0 14 110 1 0 0 119 75 59 77 57 64 45 93 99 97 125 87 118 49 0 68 22 59 113 49 10 50 68 88 30 107 33 44 48 19 90 1 47 28 67 11 102 52 69 35 65 21 73 40 105 1 71 85 44 48 32 94 68 30 25 90 53 76 69 0 83 84 65 37 82 79 1 67 87 45 6 98 100 63
86 125 10 21 70 40 0 18 111 83 85 66 17 96 52 7 101 115 0 44 66 54 12 111 85 76 39 83 7 89 75 21 51 62 2 80 105 77 4 21 0 88 22 90 120 98 45 11 0 119 47 98 125 115 38 70 90 77 27 44 121 0 38 51 48 72 67 21 74 80 10 84 62 55 0 0 16 13 64 93 29 43 55 70 114 93 11 57 80 70 42 13 85 119 34 108 98 19 123 49
17 9 83 30 96 53 86 86 50 13 119 111 0 60 124 54 45 46 105 12 124 109 119 120 65 17 93 59 74 30 56 0 32 107 88 33 124 107 51 111 116 120 125 103 21 119 78 2 89 97 53 0 116 113 120 61 42 53 76 44 35 113 52 121 30 124 84 44 98 123 104 54 45 9 83 76 77 85 94 32 104 60 52 81 0 12 103 73 87 124 65 14 125 121 89 86 93 23 30 114
87 31 103 76 61 92 45 43 0 6 117 104 103 118 39 18 119 33 18 27 56 0 119 121 45 43 93 0 25 108 13 2 12 57 92 27 104 58 82 39 53 85 33 30 113 82 0 117 27 125 14 73 17 7 45 0 0 50 45 77 38 46 64 8 18 110 48 56 0 86 23 0 9 17 69 6 116 10 113 122 46 30 105 82 114 28 123 33 9 12 33 55 69 96 3 85 120 120 18 21
6 37 98 55 25 2 119 38 36 62 109 45 7 99 3 22 0 19 75 74 6 79 0 65 117 79 0 55 94 110 53 62 97 0 0 49 116 60 10 21 88 0 0 122 116 97 20 2 90 101 58 98 88 70 62 103 74 63 122 87 53 34 27 34 17 97 92 51 62 44 98 48 75 83 27 46 113 63 57 0 108 39 54 120 11 119 94 42 8 0 106 69 67 69 116 60 117 79 52 57
22 89 0 0 0 24 85 116 92 17 59 81 119 56 0 36 4 62 0 113 60 98 0 83 112 0 7 0 66 0 106 104 0 52 0 79 31 0 3 96 92 91 0 3 30 47 80 55 0 86 16 21 1 8 106 72 45 0 110 71 116 107 55 33 4 31 43 79 4 119 85 114 93 39 0 120 0 15 56 91 79 2 2 125 34 104 30 0 83 101 70 72 115 0 12 79 39 92 96 35
73 25 18 45 102 7 53 6 71 47 2 26 116 56 69 28 99 52 70 56 14 21 119 97 1 1 54 123 78 103 101 17 80 32 30 68 51 12 16 24 96 24 109 114 107 29 25 6 32 84 115 35 65 18 76 31 113 65 98 84 0 104 41 16 100 1 0 20 45 42 45 65 12 97 67 74 43 39 59 7 91 19 32 35 31 109 47 107 108 102 46 84 24 83 3 85 47 54 96 65
0 38 101 108 0 47 97 28 0 76 15 89 118 60 82 102 74 24 97 116 0 57 0 76 0 59 0 11 53 31 109 0 0 0 0 0 0 92 34 0 0 70 125 0 0 49 0 58 104 38 120 86 52 0 0 0 59 79 24 0 115 28 79 109 80 29 0 17 78 39 63 64 10 1 97 125 12 103 0 0 35 0 24 33 0 48 96 0 0 0 46 53 98 88 0 0 31 7 18 91
32 59 53 15 0 6 31 79 43 78 93 105 108 85 70 123 57 100 17 26 105 110 54 21 25 90 2 49 31 26 0 16 48 71 9 61 111 0 81 93 47 122 122 17 38 29 95 121 8 72 18 33 52 74 76 80 109 45 116 18 56 123 71 64 67 100 36 113 27 71 61 60 56 74 92 48 9 81 17 33 95 12 47 55 5 42 70 41 123 86 96 45 52 93 52 114 71 84 119 32
0 108 12 34 74 49 116 93 0 110 90 122 122 63 26 26 125 7 76 62 46 4 107 75 2 102 100 119 104 116 112 17 21 47 86 11 94 0 68 70 52 4 74 98 5 96 39 39 49 120 43 122 69 0 41 110 73 47 53 108 32 58 1 57 0 64 114 48 113 53 92 20 79 94 73 99 103 40 66 67 116 55 76 69 123 93 123 123 100 99 79 88 104 4 56 20 44 109 66 101
59 42 66 1 0 48 79 118 102 0 1 116 57 74 2 57 45 62 89 51 29 101 0 86 81 22 89 74 62 19 65 84 86 9 10 120 107 25 112 43 60 46 76 54 42 25 80 68 54 28 59 27 0 0 75 25 33 47 72 3 32 99 115 47 49 67 49 98 0 21 23 101 40 20 110 0 14 73 6 9 58 2 25 23 114 68 117 7 26 116 24 49 41 87 71 17 85 34 55 19
0 58 72 56 81 8 13 25 27 0 34 0 74 0 95 123 0 74 0 96 0 14 62 0 0 124 11 61 95 34 0 116 114 104 21 0 82 0 4 101 47 97 90 0 64 55 0 0 0 34 104 1 47 54 101 34 0 32 63 0 122 0 0 72 32 60 17 0 0 6 0 0 47 31 0 115 0 96 17 113 41 90 18 72 0 0 112 0 0 0 0 6 0 20 123 29 115 108 0 0
50 47 20 34 6 14 42 69 119 0 11 19 71 39 85 50 74 8 6 7 48 42 95 41 86 56 3 11 119 11 103 9 32 19 99 13 117 50 28 72 9 121 121 50 123 32 122 29 63 102 19 114 20 0 21 93 54 19 119 51 27 120 68 122 19 22 113 41 62 36 53 17 29 20 100 84 104 71 48 13 16 116 41 62 105 87 24 4 122 49 55 41 51 61 0 26 51 22 88 96
28 30 25 41 25 68 37 4 117 46 111 30 120 94 85 42 94 25 123 35 95 42 125 100 34 11 23 123 62 66 6 22 36 59 66 37 99 40 105 14 19 113 125 66 124 1 34 99 6 46 29 112 15 0 121 8 56 31 101 3 60 74 66 83 94 13 115 114 9 68 84 35 39 80 10 105 21 113 2 90 84 52 74 123 39 95 86 43 21 21 3 119 41 95 61 59 17 4 6 0
99 8 61 22 48 50 95 82 57 78 70 114 20 109 32 65 117 18 17 74 42 110 57 66 28 97 59 75 104 8 0 54 89 122 94 85 121 45 28 9 52 50 44 57 7 95 11 96 12 92 30 93 19 44 27 5 65 45 56 56 103 32 13 38 0 82 30 70 32 11 55 89 111 8 106 119 6 16 18 24 73 79 16 100 13 123 4 13 115 0 91 84 116 18 39 58 74 84 15 46
111 0 93 95 21 24 56 0 100 2 24 8 29 11 0 95 50 0 67 119 0 115 67 0 92 98 55 0 85 15 45 4 50 50 63 42 4 49 110 30 0 123 3 0 0 93 62 40 23 36 53 29 0 69 74 82 0 74 117 0 36 38 0 100 36 5 100 57 10 0 38 112 102 85 111 63 123 9 2 59 58 80 49 30 52 0 119 72 0 122 39 0 46 66 108 93 75 26 65 79
4 95 71 91 0 0 47 50 0 5 21 124 107 8 70 114 80 84 120 20 40 0 78 112 79 73 0 71 0 0 57 22 50 15 118 14 0 0 32 83 6 62 69 84 51 41 123 0 25 0 95 98 11 106 8 21 79 108 89 56 2 85 77 125 0 14 37 94 5 101 25 114 46 98 3 16 59 4 82 0 13 99 84 90 19 68 80 0 71 86 14 72 109 10 1 81 34 51 44 115
33 0 5 71 84 101 94 8 14 53 82 4 123 98 0 101 123 12 29 24 4 40 94 45 2 93 17 0 78 105 84 71 112 123 69 85 78 8 48 115 109 111 18 23 81 50 38 41 2 34 43 58 7 67 65 104 2 67 57 15 8 46 0 73 81 49 111 119 3 85 4 0 69 23 98 124 69 37 115 31 16 0 56 71 11 98 82 46 109 7 123 113 93 99 23 45 83 34 41 16
28 3 16 36 98 57 44 14 22 97 25 114 105 0 64 26 19 124 115 36 53 42 25 33 65 93 42 43 68 28 108 72 4 73 2 5 16 124 113 105 116 23 91 100 43 91 3 59 92 56 93 36 98 123 76 0 18 29 123 5 104 54 13 18 55 87 33 105 53 59 113 84 4 92 53 34 24 19 100 0 63 53 75 103 75 99 88 36 38 44 23 51 92 25 8 1 99 125 75 17
10 54 67 31 109 78 72 0 121 94 0 26 69 90 60 50 85 43 74 26 34 103 9 54 27 20 18 19 2 32 39 4 114 0 4 42 35 125 91 20 75 40 66 122 17 123 71 13 71 23 3 40 122 90 105 18 0 83 81 23 33 21 26 48 117 86 95 23 109 34 75 86 110 0 1 15 122 114 54 0 75 80 120 78 114 91 84 46 61 28 46 37 77 37 83 32 112 118 85 71
101 62 124 56 82 51 54 107 123 68 124 30 61 57 55 30 67 108 82 104 40 11 52 28 25 92 88 94 87 46 82 17 122 59 45 16 80 18 0 48 12 57 0 20 19 103 57 25 86 14 16 30 78 60 69 58 0 21 83 72 75 1 124 65 101 5 6 25 0 34 106 48 1 0 41 99 31 116 65 82 124 39 66 91 0 27 47 119 53 53 83 56 18 84 18 55 72 72 24 107
76 23 0 32 67 55 10 0 26 78 86 92 8 69 54 61 44 61 124 49 114 122 115 70 40 109 40 18 41 103 0 97 41 114 91 125 109 19 54 116 16 106 113 58 111 87 42 110 6 65 51 12 42 110 65 78 31 79 17 37 55 43 94 11 35 55 54 53 84 31 1 91 12 59 98 90 100 41 117 35 21 31 57 92 90 84 80 91 123 21 9 113 111 98 102 56 46 11 32 102
122 31 8 0 0 47 58 115 17 107 35 2 93 78 118 63 104 115 0 28 29 106 78 59 76 61 108 101 48 65 41 125 119 65 120 51 36 55 38 6 31 91 16 35 96 77 81 50 76 59 120 123 76 38 92 116 108 84 8 100 96 16 6 114 106 107 3 1 33 62 5 99 102 78 65 117 63 65 28 91 83 0 26 122 69 6 64 48 31 48 75 108 82 35 0 95 0 54 66 0
88 0 101 84 12 88 75 7 117 52 23 90 98 59 86 122 35 91 92 39 5 69 120 44 40 26 7 96 12 52 84 98 6 107 68 22 48 108 59 40 110 89 46 55 100 123 0 0 100 61 66 31 32 80 48 18 64 114 99 0 87 24 83 121 76 67 30 48 27 30 97 10 79 88 75 25 51 78 70 49 102 79 92 13 15 125 48 13 57 107 110 65 63 81 90 74 15 80 24 79
59 7 34 112 69 7 34 61 90 124 115 83 90 100 61 110 33 46 76 0 14 68 90 52 109 17 41 41 95 97 45 34 37 36 58 116 20 64 86 0 57 4 0 28 88 102 120 25 115 78 109 56 82 82 32 76 60 24 4 54 98 104 14 83 35 48 112 114 10 107 100 77 10 54 42 108 121 60 90 0 16 37 15 0 29 56 90 55 105 35 48 110 0 103 13 107 63 81 42 29
0 96 35 0 19 108 104 0 19 35 82 34 29 78 96 5 114 83 4 125 93 66 118 23 95 109 14 103 94 55 42 0 0 71 53 0 0 47 46 124 0 105 108 2 5 15 14 51 31 97 68 51 106 0 106 98 55 69 84 61 32 25 65 11 125 36 40 42 86 48 0 59 102 70 118 23 15 0 54 57 1 42 17 25 42 55 19 41 114 16 76 40 116 77 0 70 71 57 23 4
55 35 119 89 86 74 3 61 49 103 0 45 76 102 75 30 0 74 113 52 0 101 3 21 46 40 124 124 67 108 54 18 13 97 76 17 14 107 0 67 20 24 54 112 56 61 11 13 1 34 59 33 34 95 94 57 87 18 82 80 39 18 43 113 78 56 100 10 40 5 21 54 77 38 106 0 122 125 48 83 15 118 65 72 84 11 78 52 83 35 30 45 59 99 44 123 23 55 68 105
42 45 75 53 74 0 68 9 90 29 0 86 83 88 45 0 6 123 51 20 37 0 10 62 11 106 72 44 59 52 0 53 114 99 20 2 85 61 9 68 1 13 29 0 115 0 108 0 118 21 82 83 0 4 54 21 20 39 51 124 58 71 0 62 6 81 87 0 0 0 0 103 33 115 42 39 36 29 98 117 80 3 83 44 67 9 75 50 77 64 100 11 0 10 29 37 113 25 0 124
27 53 4 51 59 0 91 86 83 34 0 39 20 82 42 76 75 3 83 30 0 94 38 62 42 24 39 98 21 81 108 17 52 28 0 6 49 0 0 59 70 16 16 117 42 71 120 44 21 5 67 107 52 90 27 110 83 121 103 50 33 124 88 17 26 61 9 89 117 58 102 113 103 125 16 6 101 31 48 118 33 75 75 113 122 79 14 37 9 88 62 59 120 59 67 41 119 98 71 33
49 75 0 0 45 92 45 4 96 83 70 95 0 93 0 66 44 0 89 68 124 19 120 0 96 0 2 63 25 81 92 70 85 25 85 29 42 0 22 48 111 8 46 53 39 16 30 70 87 54 61 78 65 125 16 77 13 11 0 17 120 0 35 82 124 119 98 75 4 99 119 120 31 37 95 94 76 48 70 118 20 64 104 0 110 0 65 46 76 3 27 0 104 44 71 36 106 0 113 110
6 33 12 2 0 106 55 6 26 117 92 41 0 111 11 25 50 10 95 114 62 102 116 66 22 17 29 33 105 114 17 55 86 33 75 65 11 65 42 17 11 97 82 30 86 107 59 75 121 106 104 53 9 118 61 123 29 34 22 45 75 19 49 89 0 82 106 40 104 57 60 52 26 50 105 116 52 11 27 76 59 65 21 51 0 22 105 108 1 78 29 97 44 9 83 2 105 96 107 0
25 117 46 70 120 0 102 120 105 113 77 99 2 29 110 65 89 41 21 100 46 72 29 7 98 102 74 122 73 103 1 84 47 49 0 123 7 11 75 82 0 56 86 11 70 122 10 9 6 76 105 83 28 0 17 66 114 71 99 112 107 63 112 0 86 29 0 124 0 65 25 18 71 30 88 109 86 18 66 78 104 118 54 119 84 30 55 12 48 28 5 49 69 27 67 108 18 59 0 46
118 48 31 90 104 65 35 70 66 83 53 124 50 77 106 118 51 124 23 87 6 103 72 112 95 7 107 101 61 25 18 72 38 62 121 124 61 15 17 10 17 87 58 18 5 17 29 122 75 81 13 8 55 16 5 100 91 16 121 92 53 96 71 111 35 76 21 71 6 39 7 0 10 56 75 111 41 76 66 69 27 82 6 24 27 23 105 89 105 17 64 63 102 36 119 97 62 54 43 108
0 82 0 0 107 110 82 103 0 20 61 61 52 111 79 53 44 37 21 122 117 69 77 0 5 100 122 125 111 41 125 22 0 24 0 5 8 33 48 10 28 47 56 111 0 40 44 66 0 40 53 0 0 14 113 8 68 45 80 115 112 3 31 94 108 99 95 29 5 30 100 41 113 0 88 34 0 1 70 71 106 49 122 3 98 0 83 25 113 47 54 90 90 11 119 107 96 82 16 107
50 12 28 10 81 102 114 62 125 70 5 94 30 92 121 51 112 89 89 21 78 86 7 88 52 45 63 78 99 28 14 59 50 115 104 110 76 29 124 19 122 18 100 45 79 71 44 20 57 111 66 89 80 117 114 22 86 73 114 11 28 9 58 42 112 52 57 8 85 73 93 44 0 102 91 51 85 12 113 5 0 32 32 72 33 122 28 73 105 85 43 44 69 13 27 6 73 33 108 107
89 5 33 26 8 71 107 29 3 108 0 48 113 32 119 55 49 50 37 92 96 0 74 99 90 59 84 20 30 105 105 6 113 36 9 86 116 29 95 17 68 32 11 40 0 77 91 19 87 66 40 22 57 0 23 107 64 84 65 28 87 118 33 15 61 73 8 59 5 31 21 107 107 78 50 104 68 90 0 110 18 92 125 37 114 35 73 108 57 75 74 87 33 104 118 46 102 51 58 27
88 74 41 36 111 74 115 71 90 49 67 64 123 93 104 25 71 107 5 0 87 24 62 3 46 6 47 6 74 88 9 16 20 22 86 65 109 63 81 4 37 54 48 23 8 117 59 67 110 42 64 19 54 31 82 0 61 42 114 123 48 120 4 116 95 71 41 24 53 58 18 69 49 96 4 90 96 89 87 59 0 107 34 19 13 66 17 49 36 9 109 90 69 19 114 33 55 88 2 22
110 122 121 66 63 65 19 97 12 16 66 109 0 124 15 80 125 48 40 28 116 95 118 122 106 81 17 5 15 69 81 40 65 45 55 0 6 0 25 125 104 100 59 32 86 32 11 81 50 8 85 99 7 22 89 23 12 119 114 67 92 0 38 109 119 55 52 119 64 6 35 67 37 90 96 68 19 73 75 5 37 26 24 22 35 53 124 109 22 2 0 38 74 61 122 17 46 74 2 124
31 4 80 73 86 124 36 7 106 41 23 9 46 5 32 10 6 49 75 21 37 52 119 88 125 0 33 118 120 73 54 64 97 93 43 68 92 96 123 93 45 37 0 85 68 41 12 42 40 28 35 57 125 31 24 101 13 20 75 43 47 122 112 98 36 5 59 121 70 32 112 55 95 99 80 57 50 82 68 74 29 100 4 64 33 64 119 73 72 117 118 39 67 64 89 86 66 95 48 64
14 52 35 80 73 80 94 73 14 35 108 10 124 116 33 88 14 0 105 79 42 85 73 30 82 94 101 1 0 104 0 92 68 88 0 125 44 26 67 89 59 33 0 0 46 110 117 18 41 12 61 35 49 100 92 111 0 102 111 0 40 97 92 36 28 58 118 107 28 71 76 109 8 69 109 61 0 93 113 49 13 2 24 87 31 38 77 23 17 102 42 47 90 84 0 85 87 18 105 48
101 89 44 71 57 32 3 13 110 47 26 47 29 87 80 0 39 28 61 20 105 73 112 23 54 70 65 50 27 53 71 14 3 30 105 11 109 33 104 21 14 62 90 14 26 75 68 93 89 34 107 98 24 21 16 55 33 69 88 58 110 24 61 12 107 71 62 42 120 85 22 79 121 118 85 58 58 113 104 1 118 125 20 4 58 99 94 20 63 94 31 103 84 15 89 93 101 83 98 110
107 40 90 49 59 65 83 0 88 104 0 0 0 97 0 35 98 0 22 122 0 26 25 53 105 43 30 0 47 0 44 0 0 121 0 40 0 0 0 121 32 75 121 0 68 92 42 91 6 0 0 0 55 0 98 78 0 40 56 112 102 100 110 64 111 53 22 0 67 10 47 11 103 26 67 21 1 0 99 0 9 67 98 18 45 115 37 0 39 1 0 73 82 45 104 104 92 54 55 118
80 1 68 22 33 78 72 72 122 65 60 68 108 122 123 39 108 114 66 125 51 10 114 107 42 17 12 112 78 23 38 43 116 89 88 70 124 40 57 14 89 93 60 92 81 17 40 34 105 105 115 47 16 34 6 40 90 95 69 19 31 44 54 89 122 109 21 37 64 97 100 31 14 59 101 118 46 64 111 40 19 53 15 100 94 55 87 60 31 21 87 30 59 41 32 34 38 114 0 5
0 40 86 118 63 34 118 0 109 76 82 0 110 64 48 0 38 87 0 68 101 61 0 18 63 49 20 115 12 0 0 0 118 65 75 0 19 0 123 102 91 0 108 59 70 5 25 116 42 35 98 42 0 49 22 93 54 0 0 87 47 0 93 43 32 31 5 50 56 99 59 125 0 121 55 0 58 107 95 69 0 0 0 73 18 24 71 0 7 112 101 0 0 0 40 39 0 112 61 18
69 21 70 8 82 107 69 86 46 6 8 2 3 66 25 64 115 113 79 2 42 53 28 17 109 72 122 123 57 18 14 77 42 60 86 8 87 16 12 6 107 20 47 25 63 84 42 26 75 18 10 27 71 92 114 100 8 26 39 110 90 22 31 88 26 74 12 42 99 55 84 102 112 3 78 71 124 102 81 91 122 15 56 70 118 2 113 111 26 110 70 2 87 92 0 75 90 34 53 98
45 35 88 0 58 111 56 0 0 37 66 114 0 29 57 53 15 52 60 102 50 0 0 0 57 92 125 52 41 22 115 22 24 51 110 55 110 91 0 73 6 37 118 76 42 4 86 68 124 5 92 96 31 108 83 56 46 0 0 45 43 125 115 90 72 50 71 47 37 0 61 74 44 98 12 106 0 13 0 45 57 11 67 120 89 8 83 34 36 106 6 12 70 53 88 41 19 102 18 17
82 56 115 123 106 118 27 38 25 92 88 110 118 73 7 54 0 11 89 13 23 53 18 101 51 113 39 123 16 110 87 34 77 104 125 63 4 18 10 50 120 10 104 16 24 0 116 43 48 22 99 34 67 2 55 51 41 46 79 16 40 29 118 115 0 94 55 121 0 29 86 99 105 18 122 74 91 118 1 0 36 66 12 59 63 58 93 100 0 7 10 0 42 82 52 51 90 9 0 97
18 92 79 75 20 3 108 45 78 124 112 0 89 40 122 46 56 73 65 45 122 101 25 49 27 108 85 85 95 79 48 116 74 103 41 114 89 48 49 54 54 26 57 41 7 31 101 81 103 30 13 93 112 45 62 19 105 95 29 57 6 28 96 6 34 68 7 41 69 17 73 86 15 50 85 12 12 26 121 100 52 66 93 122 21 30 4 89 91 2 88 90 67 103 29 46 4 34 44 98
59 25 91 12 0 61 39 120 28 15 46 47 95 21 72 96 80 114 98 125 0 4 83 0 82 63 40 14 102 10 114 35 93 98 43 43 100 0 20 16 9 98 26 4 38 102 2 95 0 20 39 110 119 6 100 3 93 30 72 97 53 102 82 78 35 45 24 115 22 63 57 49 29 61 115 33 35 0 97 83 17 53 72 120 75 0 12 16 62 113 113 75 46 45 6 89 102 121 74 93
9 92 120 9 0 62 50 68 9 5 86 93 12 93 109 0 81 0 85 99 120 89 75 1 109 47 41 112 14 125 87 44 48 0 0 1 83 120 66 10 105 90 29 23 0 2 119 27 81 0 57 10 15 39 0 0 0 68 64 25 69 31 0 4 117 38 0 0 2 49 0 35 0 74 116 66 30 23 96 108 64 36 24 59 53 14 4 25 4 95 86 65 0 82 0 49 53 79 83 39
11 33 8 84 21 122 100 103 114 95 67 19 85 65 72 104 50 67 63 113 42 19 0 29 5 25 108 1 102 93 121 66 51 124 61 50 120 3 5 69 10 89 2 63 122 97 120 35 41 98 62 88 119 26 108 113 29 94 57 57 17 49 24 39 57 31 119 68 14 51 10 95 48 95 94 120 94 121 71 30 12 73 31 29 56 43 80 4 35 84 10 63 35 115 120 90 116 10 111 3
65 0 125 12 33 120 8 22 14 92 3 58 116 104 74 43 17 108 98 37 4 120 0 83 61 106 5 92 5 97 108 113 43 46 81 33 53 0 99 85 60 53 76 72 70 0 95 74 1 123 113 0 1 24 30 0 61 1 24 37 97 44 121 8 0 102 0 84 96 45 27 89 38 45 75 51 3 123 50 60 101 49 78 0 0 36 27 105 0 44 119 54 71 62 104 92 16 14 42 9
103 97 41 75 53 85 60 44 25 0 49 113 57 85 108 108 124 70 56 119 33 43 99 14 90 0 76 119 30 69 7 82 46 0 104 31 98 119 35 74 11 125 43 45 37 4 11 78 0 74 5 44 51 31 104 101 52 21 39 71 95 85 72 0 2 66 110 15 29 22 64 3 76 31 28 76 0 25 94 19 114 5 98 33 103 83 42 81 116 13 22 121 118 111 103 65 81 0 40 13
35 66 62 12 11 64 23 64 39 39 3 21 101 0 19 83 124 32 39 38 66 40 123 109 117 79 7 18 44 59 35 86 81 74 2 48 85 99 120 2 69 119 49 38 15 69 124 46 80 17 0 0 84 86 40 44 29 95 104 5 74 23 25 30 50 97 107 91 101 90 55 90 57 115 43 74 33 22 0 97 50 94 76 60 13 91 1 102 87 78 64 60 37 5 47 101 69 18 48 67
62 19 0 4 60 21 40 47 8 0 49 112 0 55 43 50 0 124 27 116 80 115 81 68 0 0 76 16 0 47 44 72 0 74 5 0 0 76 0 51 12 105 48 117 107 119 73 93 117 44 30 60 117 82 44 59 45 82 91 44 23 108 124 102 35 123 0 86 74 100 64 94 95 71 0 97 124 91 96 51 9 25 57 10 107 23 48 11 85 69 0 67 12 4 74 70 105 0 73 116
97 95 73 78 82 1 41 3 0 0 42 114 6 46 38 109 0 5 80 89 101 91 91 91 42 97 102 0 54 2 0 0 110 36 46 81 0 56 47 34 43 36 0 6 0 41 32 84 124 74 101 111 37 28 11 0 116 78 87 31 43 70 0 19 32 61 19 106 45 62 46 57 67 66 91 116 76 115 106 125 118 53 24 0 0 62 69 120 96 101 91 103 0 54 39 14 45 75 10 82
0 12 62 41 81 87 114 81 101 117 49 25 15 96 94 122 42 5 55 43 115 30 37 60 95 124 14 36 20 25 13 16 115 108 48 78 37 37 57 34 49 95 109 53 103 59 123 26 114 109 69 9 120 64 47 62 25 23 101 104 63 70 78 4 62 94 107 29 87 54 32 99 18 103 77 57 26 104 56 83 53 51 80 106 66 124 110 82 66 53 92 91 118 105 11 51 70 116 69 45
46 43 97 7 35 40 12 121 63 119 115 0 64 54 0 27 65 77 119 109 22 120 117 63 50 81 2 95 48 61 0 58 38 3 21 0 122 46 124 0 27 118 37 125 93 61 89 108 107 87 38 89 0 89 14 11 121 62 121 24 101 69 67 12 117 2 6 87 0 58 0 124 71 3 124 106 104 25 81 100 64 14 115 78 114 34 57 4 31 35 122 44 21 81 36 98 10 97 32 16
44 15 83 10 0 0 0 0 111 20 117 0 93 54 53 0 76 67 111 44 40 118 0 0 0 0 68 0 117 74 0 0 69 69 68 71 46 92 122 16 11 8 0 20 53 23 42 27 9 104 113 51 54 117 109 80 9 0 90 112 110 7 73 32 33 68 50 1 91 38 29 83 47 102 63 0 21 100 84 19 10 47 49 0 0 3 0 18 52 58 68 25 46 30 87 50 118 85 15 19
97 43 78 105 124 116 125 18 110 28 31 42 45 39 121 33 14 96 75 30 102 55 59 70 75 59 59 32 32 91 99 0 101 98 79 5 0 64 19 105 38 91 65 30 22 64 0 96 108 98 12 48 103 83 0 27 119 31 67 20 45 54 99 0 104 43 103 0 74 13 16 64 59 106 36 10 7 68 91 110 82 62 87 121 5 48 51 65 27 95 65 57 84 118 90 51 67 84 1 96
11 76 0 80 0 0 124 102 0 90 0 0 104 0 125 43 0 105 0 27 91 19 79 124 93 0 86 28 0 0 45 0 0 121 0 0 0 0 21 0 0 57 52 24 91 68 18 0 13 0 0 15 36 86 0 98 10 0 16 38 95 12 123 0 0 60 6 0 0 52 71 0 103 0 0 123 0 33 0 88 80 0 0 89 22 92 89 0 0 15 117 0 80 0 119 34 0 121 0 0
108 48 88 41 0 11 58 55 5 3 83 80 27 13 0 4 47 65 17 81 0 105 39 117 28 98 73 0 92 108 105 95 73 0 111 0 16 69 0 103 88 34 116 52 99 86 91 33 12 118 43 0 51 70 34 0 64 107 125 106 10 45 57 64 14 101 7 112 108 58 125 73 0 115 56 35 85 106 76 68 73 63 2 122 75 68 63 44 58 118 33 44 99 93 35 99 19 0 0 95
24 42 69 91 43 54 82 15 0 109 81 4 48 16 23 108 11 23 51 122 10 90 53 88 87 57 21 71 73 61 124 30 122 17 97 125 58 60 37 24 50 45 35 48 0 27 48 61 104 93 107 85 16 8 7 83 57 67 98 115 100 91 0 97 91 0 24 12 23 122 48 120 20 81 45 6 74 52 52 17 74 75 111 44 47 93 51 112 6 2 10 116 0 0 58 125 111 50 53 52
41 40 109 34 0 0 58 109 123 57 118 19 9 108 26 96 0 40 96 52 39 56 52 30 71 110 77 54 44 42 77 73 28 95 78 32 29 102 92 9 15 79 50 64 29 117 76 61 120 37 106 11 8 36 28 59 80 85 54 57 11 44 89 46 4 70 115 37 83 11 12 88 83 12 44 40 47 17 101 117 66 114 120 23 10 31 71 114 53 111 102 50 73 80 123 107 32 114 0 27
53 85 81 111 69 35 33 50 66 9 40 120 99 123 112 7 55 10 117 118 31 98 0 94 47 121 107 17 125 0 122 81 85 28 56 36 10 50 72 113 69 38 64 115 83 1 124 0 32 0 63 60 113 9 120 84 0 33 38 39 71 44 32 108 99 94 44 19 13 77 3 4 43 84 17 95 93 41 108 25 95 103 76 60 114 0 5 105 46 121 39 101 24 64 86 106 31 96 79 34
92 41 122 102 0 123 109 82 93 91 107 93 48 79 8 43 37 91 84 44 49 83 94 100 11 118 0 13 78 119 105 33 0 47 110 56 87 100 48 14 110 2 92 124 88 1 29 22 52 0 0 30 79 113 107 52 63 30 0 0 56 95 114 59 70 10 108 91 19 0 115 0 92 115 31 0 43 46 95 0 0 26 14 27 108 44 72 0 101 16 45 60 98 78 90 69 0 10 53 8
0 110 65 0 36 15 92 58 27 0 4 33 20 71 78 0 68 80 2 22 0 21 0 48 114 122 0 123 0 13 0 114 0 51 3 53 48 108 51 24 64 75 80 20 110 34 110 98 124 0 0 54 39 9 0 0 0 0 0 0 80 0 0 0 97 123 0 14 0 33 86 17 0 0 87 88 0 18 78 91 78 18 51 0 0 77 95 71 0 92 60 31 121 5 76 112 0 0 0 0
77 82 15 114 81 44 83 36 121 9 76 96 79 19 100 16 16 45 47 40 97 14 20 89 64 116 76 5 11 52 81 116 89 78 119 40 109 17 114 54 100 0 2 108 32 6 122 20 114 26 86 101 70 61 105 44 4 100 119 72 76 80 51 0 119 120 68 60 107 50 105 80 41 17 16 2 106 116 33 14 17 42 6 37 49 6 70 3 52 0 66 121 63 72 37 16 0 10 80 0
0 101 89 79 67 83 14 0 69 87 31 29 64 117 47 92 31 64 53 50 0 15 110 106 122 86 18 98 23 29 109 25 94 118 20 30 7 11 56 106 64 125 65 47 58 115 110 103 8 116 80 47 115 107 83 10 66 89 121 8 39 125 106 89 22 112 26 99 31 124 56 21 11 2 63 109 57 119 99 14 2 54 125 114 24 100 17 107 36 71 63 102 118 29 103 64 89 54 84 69
18 25 41 83 0 120 38 10 45 80 99 87 39 25 35 55 33 9 0 3 0 22 54 105 103 67 0 118 97 12 15 24 0 108 0 15 117 122 56 0 45 9 83 111 34 65 110 113 0 66 83 108 47 0 56 105 22 54 37 0 0 35 36 53 0 106 43 125 19 71 38 97 73 58 120 71 0 52 88 12 77 50 50 109 113 0 31 67 0 104 23 14 69 114 115 91 92 103 40 123
66 42 10 3 85 108 69 4 94 8 6 116 22 12 41 72 106 68 0 124 105 106 103 122 7 125 59 99 60 93 42 104 111 69 108 38 41 81 108 77 29 104 65 35 6 124 114 88 59 91 29 4 98 14 114 61 88 46 49 63 54 102 31 116 122 107 63 93 84 90 90 94 107 97 17 80 6 18 120 100 16 71 69 13 2 24 71 107 46 28 100 91 37 10 47 31 122 101 76 24
17 13 80 0 0 34 102 97 2 0 19 50 22 76 91 18 99 119 0 125 53 10 50 45 14 5 14 91 7 54 60 0 26 95 91 0 0 63 105 125 94 84 116 100 123 20 0 39 42 0 121 3 0 119 0 107 65 50 25 50 38 0 0 76 0 24 53 0 67 43 18 119 113 113 119 0 19 73 44 99 39 59 37 0 116 0 0 46 88 112 7 51 114 0 93 0 26 3 84 26
0 14 59 29 56 74 105 76 9 120 120 77 55 64 22 72 108 84 82 44 63 34 7 15 37 99 108 47 115 35 26 8 65 113 60 51 118 61 78 48 31 75 41 26 119 53 84 73 53 67 110 8 94 62 79 13 94 61 75 117 55 39 81 100 27 114 45 110 96 56 40 86 16 72 89 90 19 3 31 90 8 107 66 18 52 38 69 56 20 81 49 87 87 22 16 62 17 83 45 26
53 51 86 42 49 103 115 50 83 81 22 76 23 111 101 71 96 55 45 21 113 34 67 0 110 80 117 91 16 9 74 91 85 23 14 0 53 71 32 42 48 82 22 96 46 100 42 58 8 37 59 49 105 4 5 43 95 69 119 44 94 59 105 119 23 84 118 100 81 88 90 5 60 48 0 120 111 1 31 3 125 112 94 100 37 56 89 58 121 10 94 56 114 79 69 112 30 94 37 105
87 118 10 64 0 103 121 112 31 92 82 122 27 107 63 10 51 67 54 48 42 82 31 66 108 24 119 1 108 104 35 84 37 91 11 124 54 74 31 107 9 13 90 59 65 37 46 65 112 85 20 12 92 36 19 106 77 0 51 92 113 125 66 109 30 116 96 11 31 60 69 18 57 0 118 57 62 11 57 61 31 78 18 40 16 69 51 92 80 66 78 89 58 0 42 109 7 82 7 7
91 72 91 69 120 39 25 39 36 51 83 101 113 40 84 108 48 124 111 100 11 49 42 35 101 82 116 76 59 58 75 34 3 1 122 58 100 3 56 75 29 19 39 75 122 50 93 16 40 119 21 12 84 39 44 60 51 108 20 109 60 72 44 58 66 57 118 111 23 89 122 43 37 76 116 14 104 29 46 113 89 26 113 4 122 50 23 59 94 84 26 100 99 27 39 0 104 89 84 3
24 31 20 0 34 98 120 114 89 20 96 108 65 90 117 86 51 51 87 24 110 0 20 94 4 11 111 63 39 1 60 105 22 109 8 125 71 58 92 119 119 105 12 84 104 116 20 43 96 0 15 70 0 21 48 102 12 105 46 33 9 51 119 0 108 119 0 0 116 21 97 97 110 100 99 99 13 110 118 19 21 98 95 18 70 2 87 85 66 35 59 74 87 99 57 15 10 34 103 92
113 78 21 98 91 39 109 3 110 24 106 109 86 9 46 59 13 11 1 120 79 97 98 8 56 1 84 109 93 87 86 106 124 12 49 94 104 56 109 4 89 80 9 74 79 15 48 39 40 121 51 62 113 96 91 115 90 69 35 79 103 19 37 55 113 106 41 94 80 93 37 114 2 19 118 2 114 7 28 0 31 61 110 49 16 114 17 114 116 43 117 33 113 66 122 58 124 117 72 35
