100 100
111 119 8 62 10 110 121 8 114 65 55 17 124 105 95 0 114 93 105 44 15 90 107 38 32 35 79 27 50 123 97 1 46 36 100 50 3 6 59 9 104 14 124 102 7 90 77 103 0 36 113 0 0 1 34 108 100 20 33 51 104 40 0 59 34 43 120 23 106 72 122 123 124 60 113 21 0 91 34 115 65 0 86 13 124 0 99 18 32 55 47 113 57 69 0 56 117 83 23 75
1 16 91 100 82 18 40 60 47 16 29 37 58 56 106 49 54 63 48 112 7 11 21 85 20 111 4 100 0 0 75 52 26 39 75 92 49 18 46 32 104 0 89 75 32 35 34 0 99 40 16 58 2 23 90 30 54 109 7 55 24 35 60 64 0 43 54 124 11 83 28 67 107 67 105 114 100 73 31 7 56 7 104 96 29 47 30 14 77 82 87 31 64 106 70 91 12 49 39 87
96 41 83 24 52 32 1 50 69 74 120 2 78 97 99 23 48 91 31 112 40 32 34 61 90 13 108 7 29 82 59 10 19 14 49 73 85 81 120 34 71 92 29 33 56 89 3 25 89 47 101 55 101 70 28 16 0 92 120 49 57 83 74 108 123 36 80 62 10 84 60 91 29 2 82 61 13 60 85 90 92 48 71 3 48 74 43 69 58 123 61 86 23 11 54 21 7 110 12 108
64 0 36 0 47 29 36 97 45 21 28 25 75 125 29 116 37 95 15 104 16 94 13 26 96 8 117 59 72 8 12 85 45 112 92 96 9 62 11 98 67 54 12 124 5 14 83 100 38 85 124 64 92 13 3 68 81 91 91 79 41 108 13 79 48 117 89 29 11 71 37 8 39 84 19 45 77 31 1 63 49 117 48 28 13 90 3 108 10 5 54 79 72 7 28 92 65 96 80 27
42 11 114 0 0 97 0 61 95 56 105 76 12 73 30 85 48 24 74 110 119 14 108 4 48 38 8 0 74 78 65 14 73 14 69 21 121 50 95 74 122 1 101 29 85 75 113 71 59 58 34 51 57 95 27 112 79 74 22 64 121 21 13 48 49 98 19 119 81 45 33 57 34 42 90 95 50 123 12 95 0 52 7 7 73 83 97 20 83 58 73 108 54 64 120 30 87 107 122 47
75 21 74 66 91 105 58 67 51 10 121 104 31 101 50 56 86 30 36 116 82 15 46 105 47 121 92 32 122 24 71 123 47 45 20 115 47 39 115 86 71 33 93 118 107 120 119 49 121 52 2 35 0 37 1 26 54 12 76 67 72 32 72 124 103 21 68 92 15 99 97 41 3 28 29 52 60 86 32 52 124 49 115 44 64 65 111 75 79 10 79 94 75 6 22 69 81 16 91 3
111 99 84 3 103 16 47 93 36 37 74 41 114 7 9 26 41 90 25 6 85 78 75 19 2 106 4 78 10 77 73 95 112 1 105 118 8 14 55 38 30 119 14 111 105 93 105 35 66 11 25 86 68 57 3 53 0 77 122 91 112 61 60 104 89 124 30 35 5 118 60 109 95 16 86 10 100 75 81 123 7 99 86 39 23 5 39 29 41 91 98 121 25 68 120 110 75 110 77 28
18 58 39 119 88 42 125 34 115 91 125 78 47 67 5 36 0 28 61 113 2 82 103 71 65 12 42 36 113 31 100 82 78 17 85 20 63 59 90 56 27 73 62 0 37 18 80 109 51 3 65 116 71 64 90 10 59 64 99 4 47 11 18 12 104 78 68 99 0 65 39 44 86 47 45 36 28 35 69 46 68 12 5 76 15 117 45 8 30 56 99 0 68 4 53 34 68 26 12 38
18 20 66 12 54 12 106 125 31 124 5 74 93 34 102 32 99 111 1 62 93 15 31 35 111 69 20 89 22 118 99 23 108 81 92 46 108 0 28 58 100 63 104 55 89 115 56 13 61 63 25 93 89 78 41 20 19 117 109 38 49 61 60 102 101 4 91 83 122 45 120 22 44 10 44 36 0 36 26 96 92 122 94 57 114 11 72 73 81 41 94 78 123 77 0 1 10 123 117 21
21 27 3 109 51 114 47 21 3 43 87 23 49 107 32 55 47 0 21 68 35 30 121 78 46 81 46 85 54 103 38 69 37 17 13 55 11 57 124 79 12 3 32 100 101 53 31 79 38 65 106 118 40 115 110 35 125 121 101 119 92 69 18 35 62 41 104 0 60 67 47 72 85 45 16 90 117 68 111 55 43 96 12 89 104 38 55 39 6 48 19 117 95 57 84 36 58 36 110 97
96 73 9 69 71 69 63 97 122 58 14 118 93 54 112 82 103 47 61 88 83 114 86 107 8 80 34 87 86 49 25 32 23 99 19 4 0 4 0 69 86 35 20 17 76 47 104 123 8 101 11 27 99 68 11 43 48 76 52 15 38 36 40 95 63 68 67 119 32 54 44 115 109 85 48 73 92 1 16 101 98 89 87 54 33 122 78 30 53 113 77 17 52 55 108 55 33 87 98 56
49 100 56 18 125 61 110 18 42 38 35 83 64 36 15 51 118 102 69 35 83 0 42 80 0 54 89 82 92 15 61 20 59 14 2 4 71 75 19 95 0 94 12 35 68 50 123 21 64 83 16 6 36 124 59 26 124 44 13 64 16 69 6 38 95 0 10 90 46 0 10 93 0 71 28 52 84 28 90 71 116 52 86 5 120 0 108 0 119 102 45 118 50 20 93 116 29 0 120 110
44 115 64 86 78 29 96 56 107 121 117 107 0 62 38 24 39 40 119 116 71 90 37 47 106 76 8 117 7 17 108 123 122 56 54 0 65 41 75 53 23 97 6 90 114 67 36 8 92 62 39 2 39 68 104 37 49 105 64 34 74 74 66 52 21 122 39 20 118 46 87 82 26 67 102 4 43 89 72 109 86 68 37 47 78 63 73 41 120 102 17 109 56 69 98 75 55 68 111 16
21 0 27 48 61 123 0 124 104 0 0 79 99 59 79 0 0 46 10 84 36 104 57 94 50 44 52 13 81 87 6 35 66 67 107 23 109 85 38 108 20 121 10 33 59 64 83 54 110 53 124 87 61 89 38 1 7 111 50 99 115 27 77 52 121 110 5 80 47 3 116 53 102 124 14 112 15 41 0 82 0 26 5 71 74 37 94 19 13 104 37 46 78 60 60 17 32 71 79 46
51 118 13 22 0 35 107 72 40 104 101 76 29 104 1 61 82 28 71 25 49 94 49 99 101 71 77 115 115 21 87 72 95 39 113 9 38 26 77 91 20 80 112 117 60 8 79 66 34 19 47 85 44 21 33 9 69 25 62 31 79 109 30 118 68 65 121 83 81 59 111 61 15 37 74 89 4 59 22 16 0 87 15 28 18 37 108 47 7 119 118 15 21 78 14 57 80 77 47 64
81 0 16 71 66 72 10 24 12 67 65 109 66 66 55 40 71 48 16 63 19 0 4 66 20 13 113 49 71 25 9 56 33 27 76 70 82 88 120 37 65 13 1 88 98 25 116 18 76 99 76 122 59 59 83 38 105 85 34 92 0 80 50 89 45 62 78 115 21 28 27 54 17 32 57 72 120 109 59 39 61 106 52 58 81 55 76 75 16 72 52 97 116 97 87 42 37 103 79 54
120 17 51 35 53 38 1 110 68 46 70 104 115 43 8 75 3 113 5 115 6 64 13 116 54 46 66 29 8 60 107 109 117 97 87 98 101 50 78 76 103 71 57 13 6 64 117 10 19 43 120 50 84 81 26 21 22 63 74 12 17 32 110 120 111 101 1 4 0 59 37 108 50 65 103 15 92 50 56 54 113 44 40 81 50 31 73 5 89 26 113 88 50 22 72 18 111 110 19 61
70 0 55 80 41 48 95 23 40 60 11 32 32 105 109 37 119 58 67 0 67 102 35 57 5 93 109 98 114 82 63 18 87 2 65 72 42 90 24 109 109 79 49 93 92 4 46 63 46 109 38 25 16 68 26 86 116 75 35 47 15 41 6 24 50 16 50 79 15 110 24 93 79 20 45 56 49 71 107 13 124 111 76 103 56 22 20 89 26 83 77 74 46 117 64 1 30 14 66 64
64 76 59 3 82 76 69 98 112 21 73 33 27 71 72 20 30 37 7 113 113 87 47 77 46 26 99 112 59 39 54 77 66 106 101 20 101 113 94 79 77 114 117 57 35 63 45 74 75 102 93 77 123 69 35 0 104 100 103 44 41 80 0 72 123 55 35 63 85 106 65 68 35 16 61 39 49 60 73 35 2 25 16 106 57 125 10 100 120 122 110 4 109 109 92 31 0 105 79 99
90 4 122 122 64 46 11 110 38 0 90 0 0 33 0 0 109 64 55 54 49 124 9 0 76 93 19 18 123 92 48 51 65 0 0 0 0 96 93 0 0 0 93 0 15 43 1 0 44 25 62 91 3 92 0 58 35 74 99 10 119 24 30 83 91 10 113 46 2 24 41 0 104 2 4 113 111 16 35 67 123 88 73 85 123 0 7 60 0 13 107 3 97 122 0 79 27 66 0 0
100 67 97 88 56 11 62 0 21 70 0 61 26 22 52 0 36 0 0 94 45 61 116 119 30 124 5 106 24 106 0 15 110 79 30 0 0 0 21 0 0 0 0 0 41 0 69 0 0 57 0 97 118 113 0 47 10 106 120 0 118 93 88 27 40 20 112 119 61 111 36 91 19 7 0 17 122 0 95 83 45 110 33 64 40 0 125 11 7 97 28 0 0 7 77 0 70 7 122 74
22 16 124 65 103 120 2 55 40 83 93 2 27 2 83 58 39 110 13 104 60 22 9 42 113 48 15 104 33 67 58 40 26 78 45 98 64 79 36 18 63 38 121 60 93 32 98 30 32 22 88 32 116 53 87 122 110 114 102 124 18 37 37 89 33 33 13 18 32 37 114 59 3 93 52 122 122 41 123 108 114 80 87 117 61 36 81 123 0 81 77 115 78 35 82 103 74 89 49 56
0 120 101 6 89 124 93 56 83 3 122 124 93 87 12 65 105 62 117 119 99 113 19 0 46 109 112 18 17 63 0 53 68 40 48 85 88 58 34 72 0 8 44 27 117 42 0 98 108 67 73 111 105 121 36 118 20 68 0 109 0 121 54 101 74 37 60 83 1 25 62 87 93 82 65 13 84 88 14 113 84 76 71 1 96 46 102 18 59 100 92 2 107 113 41 68 32 0 43 27
65 94 43 118 117 22 82 36 34 107 72 103 46 9 84 98 45 53 122 17 76 41 96 22 33 82 85 21 40 110 122 44 106 54 24 53 49 1 99 82 34 70 39 101 44 116 17 20 124 11 96 90 65 108 41 67 62 0 44 7 0 38 15 17 97 96 100 42 122 82 61 10 22 81 21 86 98 81 5 100 41 94 66 34 78 117 0 66 105 67 82 35 65 50 80 85 13 99 103 6
19 0 45 93 63 0 82 50 34 11 45 56 83 39 10 87 9 73 112 124 38 61 19 69 97 80 69 125 83 48 73 0 118 86 42 7 34 110 85 93 39 32 0 64 21 4 78 80 124 43 43 5 59 96 43 97 75 125 106 32 49 31 68 42 21 122 87 0 70 49 19 4 19 50 87 109 8 43 80 102 41 9 102 76 75 109 82 116 41 87 117 0 107 121 53 123 88 25 69 121
0 88 65 95 105 9 111 100 65 75 70 19 19 62 101 27 53 12 67 125 0 31 107 106 11 70 116 20 26 0 41 41 49 17 4 67 96 50 78 34 111 85 82 89 110 4 10 70 124 102 2 83 86 50 26 87 48 88 113 58 116 34 68 111 25 73 62 54 85 13 85 113 4 101 79 32 10 93 28 29 27 58 108 2 70 60 31 32 2 110 72 23 41 19 74 95 56 22 77 4
15 118 51 10 107 9 56 100 85 10 99 0 62 118 14 0 30 2 18 0 29 10 90 9 116 22 36 0 104 43 82 117 10 46 51 60 54 97 98 78 23 21 72 54 0 37 20 81 23 3 65 125 110 53 53 2 67 102 82 22 44 57 72 75 111 31 119 102 5 94 98 27 61 119 113 35 81 77 63 33 42 0 71 104 39 123 59 62 24 91 68 46 113 20 109 44 97 85 8 120
23 50 71 14 110 69 123 24 36 107 57 30 100 0 12 48 28 26 5 124 21 60 0 37 4 0 50 124 5 0 87 12 74 37 0 0 46 43 88 26 69 21 14 57 123 0 86 0 121 47 50 61 10 80 42 44 6 73 26 15 31 0 113 62 40 119 82 58 91 122 59 33 109 56 114 0 17 53 114 116 98 67 86 99 11 48 119 23 41 60 48 62 0 0 11 24 95 0 116 50
54 104 76 53 89 108 2 77 91 95 0 124 35 109 69 34 41 1 95 0 55 88 99 6 85 60 38 16 99 11 97 67 95 97 69 71 111 46 55 49 0 103 75 110 65 17 125 40 100 45 40 61 12 121 104 15 97 91 125 92 86 3 61 32 17 58 111 84 14 47 87 120 117 58 55 81 125 52 25 35 117 89 92 0 118 43 53 50 93 29 26 122 103 1 87 33 77 4 103 62
105 31 100 70 120 67 9 72 68 60 112 111 52 50 64 13 60 71 47 25 21 9 84 77 51 90 124 1 91 10 14 37 29 79 88 52 93 3 45 23 77 120 89 12 32 87 60 11 80 6 77 97 70 54 12 97 69 104 97 16 107 69 47 47 125 45 50 42 99 50 33 86 83 67 13 0 56 29 7 29 101 92 116 38 24 0 95 32 45 27 93 123 123 113 58 70 71 109 0 69
77 125 119 3 17 1 88 116 27 0 124 21 0 4 118 0 73 65 31 0 65 81 22 34 55 87 104 61 55 98 116 57 97 53 65 44 42 28 47 113 108 108 4 87 65 83 58 0 88 74 64 69 114 12 18 121 56 90 64 71 82 46 39 1 93 37 56 74 7 48 20 56 65 110 83 4 0 17 0 1 117 112 76 121 124 59 116 58 62 78 59 42 77 85 53 107 53 123 120 120
116 27 99 108 92 11 10 119 81 47 125 79 102 105 73 35 113 41 0 79 60 86 11 63 7 16 16 120 13 44 68 85 1 68 50 105 89 102 59 26 82 123 61 74 121 55 95 75 91 45 123 52 8 65 39 80 77 62 112 39 98 65 96 55 86 45 65 121 15 36 20 12 98 84 36 10 32 76 8 99 25 48 3 122 54 48 53 74 39 89 23 108 67 33 23 81 23 66 110 90
117 0 24 16 32 21 44 12 116 1 125 122 18 75 102 83 106 60 0 98 9 41 48 23 0 26 20 75 82 80 9 67 13 19 106 82 20 46 56 117 79 8 113 0 73 64 93 0 59 77 101 101 0 38 69 0 110 4 54 96 34 77 75 90 18 121 76 106 78 17 43 66 50 13 110 93 7 121 18 55 45 50 115 19 13 42 19 41 0 94 68 72 111 70 57 118 0 0 115 0
50 96 105 50 9 0 62 5 0 97 34 92 21 41 32 76 16 37 4 103 78 78 110 21 79 31 46 32 94 97 17 36 111 69 68 49 78 89 105 58 6 35 76 110 108 39 47 27 9 116 82 80 4 123 88 72 36 31 62 115 71 37 21 56 117 44 122 84 75 113 96 56 115 28 86 6 75 106 120 29 118 108 25 119 73 78 100 16 40 43 35 65 116 61 102 44 81 9 14 23
28 0 76 12 123 38 118 54 107 76 38 12 41 42 42 81 18 19 104 118 96 55 0 51 71 42 107 112 107 108 19 30 39 0 71 0 0 125 73 99 0 56 0 42 67 55 6 0 28 88 113 62 4 15 80 85 30 73 64 7 33 34 124 12 42 58 8 91 75 11 101 0 21 80 12 115 85 1 101 107 0 1 42 104 93 114 88 70 9 79 66 5 52 119 97 23 10 100 108 2
114 25 79 123 50 36 100 116 59 88 78 124 78 47 50 114 5 69 0 67 97 78 55 35 44 109 42 83 68 50 48 109 65 51 0 27 82 57 41 24 124 70 65 46 89 43 116 53 2 37 34 70 14 90 109 72 52 14 57 56 12 14 7 22 59 116 5 58 109 46 29 13 15 103 13 121 13 14 38 18 17 48 40 60 58 88 83 4 71 89 4 40 76 58 117 101 35 69 78 61
47 7 69 42 16 77 75 86 32 102 17 104 16 21 38 16 72 107 93 12 38 120 15 67 125 44 83 35 53 15 93 30 28 74 27 13 62 62 88 32 28 82 106 72 108 26 96 17 100 18 5 0 123 67 66 59 1 117 17 72 50 38 19 49 42 110 90 94 35 121 65 91 98 105 10 114 120 26 4 87 16 46 119 90 35 120 107 0 95 16 117 0 57 94 124 66 10 102 106 36
85 117 99 0 48 67 59 27 92 0 52 90 8 101 98 0 104 112 25 38 7 67 0 30 0 91 105 0 4 84 0 14 5 0 10 119 49 44 31 39 67 0 23 67 43 83 0 0 10 78 80 0 58 124 81 0 104 107 118 9 40 54 42 22 43 69 6 0 8 124 55 1 0 120 107 0 66 73 113 91 124 0 0 0 16 91 125 0 9 18 112 16 75 113 120 92 89 63 21 71
62 114 22 66 66 35 6 90 123 52 77 107 7 32 114 27 110 93 44 102 73 56 78 83 77 36 32 8 38 110 70 1 106 116 0 124 53 40 91 74 65 48 92 25 67 64 95 44 93 5 110 47 104 120 30 24 124 1 7 17 73 52 14 10 7 47 36 53 125 3 0 3 32 13 47 94 9 33 122 109 68 106 2 117 121 13 63 116 120 26 88 20 107 83 27 41 57 72 118 41
115 5 16 34 92 14 59 44 77 83 46 94 2 42 91 79 80 123 0 103 76 10 97 80 120 0 110 80 125 59 112 3 0 52 46 84 40 107 65 83 96 23 79 22 120 59 4 51 53 36 97 79 61 105 98 53 6 68 1 5 65 30 49 0 72 67 113 122 115 107 95 103 72 8 75 116 115 73 19 124 109 7 75 117 41 56 0 85 43 7 31 7 53 29 68 10 75 13 11 112
0 125 0 0 89 67 28 46 53 0 10 47 109 84 16 1 16 81 104 90 50 37 6 94 120 115 87 48 104 70 91 119 71 15 64 58 32 81 6 84 31 3 64 0 48 24 41 0 59 99 0 106 1 0 13 5 114 27 38 0 88 68 91 75 8 110 0 40 18 52 77 0 33 59 19 0 36 41 0 99 115 0 52 30 0 0 2 44 123 92 0 33 75 68 53 0 0 51 3 50
39 122 1 105 113 33 80 66 82 60 82 47 0 47 62 110 55 94 41 117 19 8 66 98 41 16 87 13 125 20 93 48 57 108 99 25 114 35 97 15 99 31 77 109 42 53 68 69 4 0 0 0 2 81 108 33 120 23 86 16 57 104 68 96 51 0 116 36 35 93 59 33 44 39 16 123 33 0 46 42 0 112 54 84 84 25 13 118 0 65 27 90 78 106 41 107 91 0 0 31
32 113 65 10 30 124 124 53 102 118 99 112 73 27 0 116 74 115 73 42 30 61 96 96 46 29 106 6 114 96 59 89 31 78 121 118 78 25 32 105 107 27 20 113 36 69 86 70 108 121 103 21 111 92 78 106 23 42 55 62 110 89 61 85 42 20 85 61 69 88 20 5 36 67 56 84 95 119 16 23 102 53 107 43 54 1 100 51 89 53 42 64 27 112 106 71 23 9 93 96
26 15 0 58 28 20 8 0 84 19 33 0 62 36 30 11 62 35 100 0 95 40 117 13 86 69 0 10 19 51 42 104 118 74 43 34 0 100 102 98 41 124 56 20 82 0 52 44 52 123 0 97 4 90 53 56 110 118 0 0 0 0 23 111 55 21 95 54 69 79 0 17 95 0 59 0 63 58 43 45 0 66 0 63 0 0 0 102 71 0 0 25 0 92 25 0 38 0 0 78
0 80 0 113 85 110 0 6 21 0 100 87 116 71 120 92 120 27 43 124 68 16 110 20 83 6 38 70 61 90 63 0 0 64 91 110 0 66 11 57 35 52 108 48 97 5 15 36 72 35 120 115 0 94 9 122 14 48 122 38 120 17 94 122 0 91 93 45 20 30 19 76 28 93 90 22 0 65 43 34 122 91 56 65 40 0 74 35 1 30 91 111 56 34 63 6 43 75 109 35
64 14 103 107 76 18 17 123 1 35 75 119 14 120 54 36 34 37 120 17 59 104 2 83 5 79 122 84 70 28 86 8 29 67 67 93 37 27 44 83 48 80 45 77 26 92 43 62 34 8 40 89 99 68 116 87 76 13 0 64 63 55 76 67 85 71 3 68 64 53 64 109 79 65 97 52 14 71 17 120 100 74 41 24 68 2 118 91 31 41 105 16 12 35 120 63 44 109 45 38
123 64 76 28 20 116 40 81 99 122 0 67 26 75 103 80 123 108 24 89 0 125 119 0 65 0 49 121 0 118 17 85 0 9 39 26 79 22 0 77 30 31 82 0 120 81 69 112 78 70 71 82 19 33 107 94 57 31 115 66 70 0 94 100 58 61 58 30 88 36 48 28 53 100 0 100 61 72 6 15 104 35 22 92 99 61 65 23 6 0 19 0 69 0 45 0 108 0 77 46
90 49 27 25 0 59 24 0 0 0 43 11 71 50 21 109 0 43 92 64 45 0 88 18 86 31 94 4 96 79 1 21 98 0 10 125 32 95 94 0 61 7 90 25 0 0 100 0 123 13 0 81 69 0 57 0 41 0 0 114 0 73 26 1 0 27 82 56 28 0 49 47 79 0 61 61 91 0 83 53 0 44 0 0 105 83 104 49 0 112 83 61 0 98 8 52 57 92 23 87
77 124 103 6 40 30 64 0 27 65 80 111 85 59 45 113 39 89 65 11 62 80 114 75 122 85 100 72 33 108 32 62 72 11 105 3 22 25 79 28 53 48 100 57 24 25 13 63 88 94 25 35 16 80 70 13 92 17 9 112 13 45 0 0 108 17 14 29 14 31 55 23 33 91 56 23 19 14 0 66 102 123 24 13 110 119 111 59 0 60 67 67 59 0 110 1 33 34 12 110
74 13 0 28 108 0 46 83 96 1 62 51 36 22 15 15 98 119 90 0 125 86 109 1 71 45 54 0 96 57 113 121 60 124 7 119 79 55 43 15 47 40 88 124 97 4 122 38 83 26 78 0 23 44 65 84 0 85 97 106 68 0 12 40 78 122 0 102 95 106 114 8 29 9 97 111 38 120 34 119 26 27 42 66 26 99 0 19 81 33 4 43 56 65 39 104 119 103 55 0
103 123 71 0 20 0 0 30 44 68 5 0 107 93 109 96 115 97 92 124 123 16 79 119 17 48 80 121 14 118 111 90 116 68 105 8 101 100 30 73 104 88 95 56 98 63 44 84 90 0 106 0 84 109 25 112 53 47 22 27 3 71 12 25 8 12 119 8 116 6 78 105 58 69 101 25 97 104 120 8 41 62 39 14 124 121 26 90 30 28 39 70 113 118 117 38 74 103 102 66
21 82 42 0 47 52 69 14 30 115 78 7 86 23 65 100 47 41 40 57 80 10 49 48 124 0 119 49 35 77 6 100 4 20 108 13 101 93 33 80 113 6 35 29 30 0 28 17 84 121 52 88 42 114 116 51 82 56 119 102 98 28 92 99 44 32 50 0 79 83 89 0 79 107 97 62 69 7 111 19 23 95 100 43 43 19 33 14 51 9 37 17 18 61 38 81 47 45 2 0
109 47 58 36 2 0 46 39 98 122 0 77 40 103 0 69 118 8 94 8 70 115 74 22 87 77 72 95 25 114 94 94 1 110 79 112 11 14 88 24 0 53 116 14 75 87 114 106 25 25 83 73 13 57 72 37 24 60 24 102 113 45 0 66 110 22 111 97 2 72 101 11 15 8 14 102 122 87 14 0 5 122 22 47 122 2 124 98 32 106 0 68 46 115 102 29 0 81 8 64
85 18 121 0 104 81 98 38 111 69 124 104 101 6 52 37 105 69 57 99 44 112 24 41 6 65 103 70 99 28 101 59 45 83 19 23 65 60 0 9 8 37 114 28 58 47 45 6 13 106 92 120 11 28 31 73 21 38 117 28 52 80 5 76 118 19 44 45 97 15 75 67 91 55 41 103 76 55 55 1 83 93 111 83 72 123 120 28 17 89 116 98 88 117 48 51 8 59 69 10
6 93 111 56 23 40 122 5 100 120 99 75 115 0 86 112 101 105 38 2 6 96 20 100 118 39 103 25 25 23 58 43 45 12 113 3 30 40 11 19 50 90 66 113 16 113 93 99 110 71 68 7 13 68 93 87 49 13 47 36 5 79 95 94 87 6 3 46 6 21 45 104 21 39 111 104 110 18 103 105 12 98 109 8 111 64 119 96 56 63 6 55 110 102 87 63 103 94 15 117
26 50 71 23 117 116 52 1 82 0 72 106 85 0 77 70 0 104 71 6 108 109 21 85 16 31 98 67 7 66 79 26 30 13 16 81 0 15 7 117 8 0 98 0 14 90 86 23 59 48 83 23 9 125 93 2 77 6 27 114 103 62 102 14 105 79 58 79 10 33 48 13 83 88 0 60 0 71 54 104 0 93 29 85 105 89 17 119 117 82 21 0 0 65 26 89 115 110 6 90
49 110 0 48 32 0 85 120 41 117 106 0 27 41 0 23 0 112 119 2 84 0 0 110 16 0 92 89 19 0 68 53 30 59 23 16 99 100 42 68 0 75 39 0 22 117 29 14 107 0 0 0 61 123 118 0 84 97 0 0 0 18 24 86 17 38 0 7 2 6 32 46 54 62 88 85 54 9 118 74 0 68 0 113 0 16 103 122 91 27 11 45 0 59 95 35 82 0 123 13
107 48 119 0 0 33 42 0 65 41 53 73 56 56 0 115 69 1 3 78 89 55 42 45 119 3 34 63 0 19 43 109 0 125 7 68 96 78 95 0 3 46 61 83 92 10 0 83 91 58 0 55 80 76 36 88 115 20 74 43 108 88 18 17 23 6 55 29 123 116 18 99 119 65 77 7 98 83 86 0 99 95 106 90 45 54 123 78 70 67 39 0 62 63 82 81 17 33 100 53
85 39 69 55 67 100 96 36 46 0 13 101 115 56 54 63 123 74 120 55 13 117 106 122 79 28 50 102 60 48 82 66 14 74 6 114 33 121 88 33 32 100 112 39 61 103 34 73 58 28 0 14 120 118 79 18 68 10 25 123 7 40 51 77 35 40 116 45 10 40 36 46 110 21 109 76 79 19 76 18 13 8 112 111 16 101 2 41 125 50 13 50 40 111 119 65 23 109 116 19
21 52 22 90 64 0 11 53 56 85 118 102 97 0 17 112 113 72 117 40 31 106 54 0 46 56 34 112 11 93 16 89 79 125 78 49 118 3 109 0 31 89 93 71 110 15 71 60 76 114 7 56 49 75 71 76 69 1 11 12 79 123 124 40 95 59 111 92 53 108 33 59 96 77 8 33 54 121 35 0 109 58 22 32 99 70 10 22 107 104 80 0 33 51 116 63 15 111 6 102
121 0 10 70 72 118 108 44 76 6 67 84 103 92 30 84 35 0 3 106 0 120 83 106 6 107 6 117 79 122 40 115 61 27 92 4 15 55 110 110 112 35 76 10 73 115 43 5 50 0 0 74 80 0 0 54 116 87 59 26 52 30 11 20 15 3 52 0 84 15 0 7 0 47 0 124 21 80 101 14 14 122 56 99 33 20 0 33 97 47 65 73 0 51 115 47 38 28 116 117
87 5 35 7 1 39 109 46 59 97 54 106 47 39 56 112 105 43 49 20 0 94 98 50 74 88 82 60 118 79 107 116 107 106 83 25 124 9 109 17 108 10 52 84 99 77 34 30 14 78 25 79 123 101 15 48 64 53 88 102 87 50 57 112 125 110 102 1 0 116 46 53 1 52 57 64 4 111 105 16 12 115 83 94 38 68 121 79 2 104 72 12 28 59 96 66 30 43 32 39
120 4 100 37 57 9 4 36 115 118 115 4 117 37 114 27 10 59 124 100 118 98 61 13 54 96 108 66 28 49 4 87 120 14 52 12 4 0 75 84 5 70 80 63 116 88 23 36 9 106 69 2 51 59 22 25 24 61 38 42 99 16 21 45 13 86 87 83 57 119 39 62 104 96 63 32 124 83 106 96 96 66 103 64 39 104 116 76 21 8 109 72 9 71 70 79 0 47 45 104
105 56 6 46 35 0 29 125 0 16 53 122 40 103 108 104 64 17 22 83 95 31 66 0 53 43 74 49 23 54 2 91 78 67 59 0 9 58 60 108 119 122 0 92 0 70 117 117 0 108 70 90 116 100 70 119 108 81 40 79 76 20 49 16 45 52 68 119 23 11 14 115 104 39 49 46 124 116 7 47 104 0 109 48 89 0 61 106 44 51 88 68 122 91 109 93 44 99 30 11
82 27 109 57 28 0 96 49 109 114 2 0 12 19 1 91 97 78 77 42 15 5 105 59 0 38 91 0 121 5 0 41 0 25 107 59 26 86 119 26 22 66 28 48 107 9 79 52 0 13 35 63 101 125 88 114 39 49 80 50 102 66 46 105 0 79 44 0 12 19 113 77 50 44 10 15 97 69 29 47 122 7 113 86 0 78 0 5 122 0 6 108 114 43 0 23 12 116 78 16
112 28 59 119 95 1 67 76 48 53 72 66 48 81 92 118 2 77 55 60 117 19 10 58 117 54 51 117 36 15 72 71 62 0 54 90 91 56 94 106 101 72 70 72 91 78 21 42 9 65 86 89 88 64 58 7 0 92 97 35 105 115 68 63 67 0 37 2 20 2 117 28 101 6 11 1 42 118 36 0 72 86 64 62 81 14 31 31 33 27 103 92 98 48 124 2 119 116 116 20
111 117 60 82 124 10 22 34 32 68 55 98 0 86 2 17 98 125 46 23 114 39 111 45 78 83 112 49 34 87 52 44 109 37 108 20 96 93 82 65 114 63 23 78 97 88 94 122 113 108 72 0 18 30 93 92 101 94 47 108 51 39 31 123 59 9 43 18 17 62 2 30 33 87 115 119 37 1 91 120 5 47 12 5 24 39 105 75 12 81 30 69 99 39 67 29 100 10 19 12
62 75 66 100 88 70 15 28 116 25 39 75 83 42 41 67 111 0 100 68 42 30 74 65 83 109 118 74 62 92 65 6 52 21 100 97 104 45 113 124 10 26 62 39 42 25 55 28 125 118 44 87 35 52 20 68 17 117 102 93 15 90 27 70 9 116 5 50 57 54 13 54 119 33 67 121 83 63 23 33 0 52 110 56 89 114 2 8 60 125 114 61 47 29 22 97 95 29 65 123
98 125 37 90 96 52 90 72 88 113 102 22 54 18 102 119 6 30 32 105 27 37 116 18 123 12 109 27 0 13 105 6 72 74 125 54 114 74 124 41 99 64 16 102 121 4 111 15 6 57 94 58 92 12 10 10 27 109 12 111 66 41 51 16 89 50 80 82 97 119 2 36 40 68 0 19 111 3 38 29 124 14 31 43 72 123 92 122 87 66 98 81 76 12 16 25 103 68 109 100
20 52 96 122 114 118 95 22 28 42 79 63 103 53 108 66 22 124 50 85 46 75 57 119 109 19 85 19 114 73 75 54 110 101 10 0 103 86 15 82 86 44 107 95 110 16 38 6 88 47 12 106 44 84 56 100 25 50 0 90 36 96 80 68 0 9 22 48 50 91 74 107 33 48 119 99 98 88 9 69 114 84 121 110 84 18 104 29 6 97 111 67 116 24 69 79 43 68 74 21
98 115 15 5 110 66 49 60 124 95 31 51 78 85 92 101 64 92 90 46 6 21 68 12 86 107 0 11 88 99 17 94 71 42 0 62 38 54 109 110 67 122 6 25 79 83 3 0 23 55 22 117 27 37 119 91 112 78 46 101 81 114 20 89 114 42 14 123 26 32 7 38 37 78 42 62 64 34 51 85 83 83 45 15 100 121 37 34 70 28 58 67 78 64 57 124 6 0 63 46
61 20 51 105 3 0 41 116 24 31 122 88 122 0 52 105 53 101 51 91 0 33 76 13 0 91 63 9 47 17 61 94 58 77 63 111 104 33 87 6 3 0 0 94 105 65 18 110 54 29 66 88 64 36 116 0 81 102 61 5 117 51 0 66 6 100 119 13 0 78 62 0 125 75 111 115 20 98 92 58 15 13 101 105 0 103 118 87 84 0 113 73 45 2 0 102 105 29 118 70
6 50 20 123 110 18 109 55 82 65 0 81 109 22 81 8 13 36 78 112 72 14 78 125 11 66 88 97 8 59 87 97 24 87 79 27 87 53 100 37 47 40 88 69 15 30 95 103 59 72 31 1 114 86 123 62 95 1 47 95 94 85 91 63 90 124 92 92 26 100 34 90 110 117 57 0 81 3 98 70 49 27 18 52 31 39 125 74 72 109 116 123 97 49 78 36 32 115 34 61
21 17 76 38 0 70 74 99 116 96 25 72 58 0 108 76 121 65 4 58 109 97 64 35 23 125 0 115 77 63 48 0 62 120 79 124 49 0 51 124 86 34 0 14 62 31 100 100 13 96 85 119 80 104 8 89 121 0 5 0 2 0 0 96 76 14 0 51 71 108 47 27 9 102 20 62 33 81 0 61 36 45 0 12 35 0 60 43 46 83 36 47 103 125 92 82 7 78 45 108
20 97 107 106 60 82 62 52 48 20 122 123 65 71 65 58 2 94 26 61 94 0 125 90 122 88 79 68 52 13 6 118 45 33 35 33 117 54 103 120 118 45 67 61 80 32 81 15 54 42 26 94 14 42 97 63 105 59 1 39 118 85 85 19 123 13 68 125 14 120 60 114 70 79 117 23 51 94 65 54 95 125 60 58 41 80 106 108 27 59 97 110 38 20 15 123 116 27 42 9
59 45 28 118 84 46 100 94 36 40 117 54 112 0 17 16 108 18 74 68 0 104 65 11 0 13 17 68 115 111 0 122 56 96 18 111 101 60 83 91 78 120 109 10 5 59 67 21 116 69 77 106 112 26 103 114 34 51 116 30 0 122 0 46 59 92 120 4 58 100 101 0 117 113 91 43 20 86 20 108 109 71 0 0 123 50 104 100 110 50 109 94 41 112 117 78 98 0 87 41
55 75 91 123 86 90 80 98 30 74 82 96 43 96 10 18 33 48 36 50 46 95 54 113 113 36 119 61 30 120 75 15 12 111 50 29 50 101 0 17 78 79 10 6 84 80 56 124 7 0 62 100 103 114 92 36 100 69 63 112 74 20 102 36 81 24 10 95 125 96 25 21 89 75 30 86 43 60 24 65 102 51 121 69 86 35 115 0 90 7 8 99 119 51 90 119 67 95 101 47
103 0 105 43 59 100 87 22 47 68 30 57 116 4 39 10 74 11 0 111 123 91 106 92 90 88 79 88 70 99 55 24 99 103 116 6 63 36 3 106 102 24 58 84 23 92 60 62 81 47 0 54 95 75 24 68 103 6 17 55 70 106 82 79 82 36 108 5 76 88 64 31 111 10 121 0 10 0 86 68 27 63 64 44 62 91 92 14 3 58 105 22 69 24 117 42 62 114 120 42
118 58 25 57 83 70 105 84 112 85 78 49 12 78 0 4 52 94 118 73 83 30 13 43 99 76 83 98 38 19 34 88 77 3 53 67 64 122 63 27 23 120 106 102 50 71 65 19 83 14 99 89 14 68 82 97 72 111 109 98 108 69 24 5 9 26 68 32 75 46 50 89 112 41 0 67 9 99 49 34 37 114 50 37 79 103 66 81 7 46 117 93 110 4 11 113 101 18 57 100
124 65 9 119 106 17 78 74 64 68 102 31 121 0 79 37 46 82 80 82 38 12 55 44 44 96 35 88 68 69 68 115 52 104 121 62 104 115 34 101 105 37 97 55 117 97 93 79 114 3 85 2 117 63 97 78 84 20 82 97 116 68 34 115 29 92 7 59 10 68 31 113 74 73 29 117 12 0 94 67 92 73 96 14 53 113 124 4 122 39 3 29 76 106 113 61 4 40 118 29
61 7 81 20 43 20 48 67 73 63 54 93 2 50 14 55 114 42 31 87 48 86 67 8 1 96 111 70 0 78 27 32 27 30 0 55 21 0 5 0 17 96 0 122 45 47 18 16 0 16 47 29 8 19 0 51 123 95 0 21 49 25 38 103 112 97 77 29 13 4 44 0 21 37 0 44 2 0 19 0 85 79 66 19 13 10 97 82 92 36 49 112 49 42 107 44 56 108 80 0
3 0 101 58 104 99 90 3 27 115 72 20 118 56 12 22 64 2 82 59 101 63 48 32 92 15 56 81 26 75 87 55 39 60 0 34 19 46 33 109 43 15 100 37 93 105 66 32 117 106 99 91 50 117 12 2 36 17 66 10 43 48 41 86 111 101 69 58 46 121 111 117 60 54 117 14 97 118 49 125 86 99 53 121 30 77 6 63 102 70 30 14 96 123 60 26 45 125 4 6
0 8 26 0 63 35 57 42 84 112 71 61 97 119 93 82 103 84 29 36 89 10 122 41 85 75 84 88 57 23 94 89 59 62 65 50 101 55 72 39 86 11 86 110 1 70 124 64 67 111 39 108 40 115 41 40 55 44 56 24 86 3 22 107 19 0 40 34 13 123 1 96 69 124 27 90 91 9 86 74 111 45 59 56 75 12 105 72 18 107 97 71 59 64 77 3 27 87 27 63
9 24 40 8 117 80 87 0 0 67 29 0 0 51 88 68 33 38 15 100 73 0 17 0 0 34 90 5 54 46 0 119 52 0 57 103 81 0 121 95 33 41 97 69 32 31 67 92 0 49 120 19 103 46 106 40 105 72 46 19 82 112 0 42 108 0 106 66 0 8 85 82 72 66 1 105 108 94 110 28 42 121 10 45 39 64 0 23 18 32 0 81 111 8 119 10 97 119 31 119
26 80 42 79 26 111 116 17 64 112 110 33 17 45 70 13 35 53 46 124 91 92 41 21 95 115 63 65 40 80 86 53 32 118 17 54 88 20 11 44 45 44 103 48 0 95 0 54 102 123 120 62 97 39 24 44 0 44 32 124 11 16 81 22 13 124 42 122 59 0 111 112 113 7 98 97 81 40 79 67 96 81 6 78 10 28 53 84 11 15 52 16 54 90 64 60 59 115 89 0
40 54 9 25 70 94 99 101 38 108 95 65 61 9 86 30 7 112 35 107 32 122 58 108 99 68 90 30 121 71 26 69 105 40 17 99 10 19 49 104 64 35 39 48 40 106 46 54 31 52 115 120 120 119 101 58 70 118 113 6 68 29 4 37 67 19 60 48 24 82 43 107 0 105 101 26 22 28 8 27 34 55 81 56 122 55 26 103 89 86 69 0 21 59 88 12 125 50 118 6
56 111 44 0 25 6 76 20 98 82 100 73 122 69 71 27 119 96 2 76 52 38 21 24 56 44 108 91 23 47 122 124 30 16 123 81 59 0 108 32 2 72 53 110 117 2 38 113 104 48 0 7 114 57 84 86 33 4 116 92 104 116 104 32 36 102 9 76 20 23 83 82 62 99 109 83 2 125 23 29 101 105 85 94 74 113 13 110 104 103 6 97 17 111 86 109 82 74 30 0
85 70 84 47 15 96 3 33 110 121 0 40 25 103 113 39 112 23 24 28 50 26 0 107 112 104 123 41 66 52 15 73 10 118 112 123 124 21 77 30 74 75 37 76 20 42 29 52 5 92 105 107 72 99 19 123 89 30 91 116 101 92 78 80 110 82 7 86 49 70 60 89 124 66 27 77 76 99 29 116 32 94 99 27 16 99 35 82 50 121 64 125 55 123 26 120 93 2 79 4
61 2 119 117 13 29 19 84 117 54 10 1 40 109 123 43 37 12 41 87 47 100 114 86 33 123 26 103 19 11 95 35 41 83 71 64 112 12 42 25 82 51 38 104 77 115 28 30 95 10 2 95 7 67 104 92 21 41 15 36 65 92 20 58 74 2 105 35 121 2 100 22 86 29 0 105 56 38 2 63 5 48 17 63 105 75 114 37 105 89 97 74 43 72 108 97 90 61 58 40
6 108 17 19 121 23 27 100 125 117 84 75 95 30 50 124 29 49 106 61 21 91 15 7 49 102 46 29 10 108 114 39 58 74 79 121 43 28 8 86 41 34 82 60 116 66 101 46 29 25 111 10 25 55 62 56 74 49 71 8 93 32 115 14 29 67 124 38 108 98 99 82 0 76 45 34 66 9 8 39 87 14 105 45 12 74 42 92 98 73 118 0 121 64 110 70 28 121 93 26
0 115 53 11 26 24 115 117 88 23 82 24 14 45 52 99 37 12 90 20 64 92 44 74 7 80 53 85 81 109 121 115 28 67 52 14 102 33 111 115 39 123 106 12 35 44 28 35 89 14 121 101 18 57 19 121 89 39 74 125 51 95 111 112 73 71 70 14 46 10 39 38 9 41 18 109 40 19 37 2 0 0 4 82 31 8 0 75 4 90 42 89 95 25 105 23 22 111 42 102
75 39 7 19 41 0 124 25 7 65 90 33 22 14 83 62 35 40 67 0 67 5 56 48 18 80 123 33 76 99 5 0 93 30 118 48 7 52 116 89 107 12 0 0 7 58 6 97 108 52 2 65 42 41 65 104 104 102 7 29 91 5 118 15 9 0 29 105 33 54 103 78 71 43 60 89 105 63 106 29 41 0 96 82 111 98 58 78 92 119 74 1 18 20 65 63 91 0 23 34
36 102 62 123 94 116 0 0 38 50 122 0 48 82 0 0 50 19 79 50 0 97 53 74 28 54 90 113 0 2 116 0 49 41 114 67 12 8 108 0 0 78 14 61 16 122 101 0 3 15 35 57 26 9 80 56 2 0 72 95 79 30 30 68 47 58 56 111 0 33 9 92 91 94 62 0 66 38 1 100 0 0 99 56 80 0 86 33 78 96 48 124 0 79 0 0 113 111 21 31
65 0 104 1 73 80 43 82 27 54 91 104 46 53 0 9 37 80 12 11 29 71 91 124 22 9 65 85 0 42 95 60 0 33 36 42 81 31 0 0 95 43 14 18 85 45 24 88 13 53 11 0 123 40 51 79 2 76 76 49 70 37 101 50 94 52 0 73 85 49 41 67 114 28 38 105 98 77 22 50 16 1 43 25 66 118 9 16 21 32 87 121 102 105 100 71 94 29 120 25
91 62 17 80 118 71 124 9 8 95 43 77 119 48 42 28 100 70 66 104 75 68 29 30 97 103 112 98 28 101 116 47 0 115 2 6 110 0 116 34 52 38 48 108 23 55 87 86 96 68 119 83 2 117 18 62 13 102 36 66 21 88 109 81 26 63 57 115 46 33 16 0 42 66 97 8 38 29 66 106 70 43 14 50 69 16 18 43 98 84 0 46 113 53 28 112 31 111 22 90
2 103 99 3 72 81 57 123 42 124 59 98 32 119 81 24 110 51 91 109 121 45 72 53 49 70 28 60 16 6 57 40 38 36 50 85 122 42 49 67 79 19 0 13 88 123 0 15 45 124 34 19 81 13 0 37 84 18 6 37 13 97 1 47 51 30 24 45 111 104 116 47 95 17 58 7 74 124 37 97 0 58 31 115 50 104 13 68 33 17 50 102 13 63 13 20 12 58 17 118
46 53 62 54 38 110 100 64 36 26 51 29 41 67 100 39 109 38 99 16 80 0 91 0 7 63 74 98 27 0 82 11 84 106 117 29 51 70 51 104 115 98 0 64 83 102 69 99 24 93 105 0 0 34 33 111 24 39 80 108 69 30 93 20 0 92 39 109 46 0 44 24 113 86 104 22 57 68 108 111 24 75 56 0 1 60 70 6 53 100 19 84 63 78 5 109 7 9 7 47
26 5 124 34 63 9 76 102 102 61 123 57 85 94 123 125 18 86 112 88 91 50 65 12 0 16 36 20 98 62 57 81 56 18 29 81 29 64 101 78 54 68 66 60 100 121 1 51 43 67 27 71 101 18 37 58 54 23 34 1 104 67 111 101 32 42 11 117 8 67 66 34 1 18 35 115 12 44 10 90 75 94 38 100 78 1 7 109 6 120 46 55 94 115 47 12 24 35 102 103
120 26 70 125 62 118 97 41 120 44 34 121 102 53 73 13 64 99 39 94 4 84 100 34 28 4 70 33 2 91 0 115 39 112 4 93 38 70 88 117 65 59 46 0 0 17 122 50 3 0 36 94 53 0 30 0 78 65 113 54 23 118 16 70 31 26 107 77 9 110 0 93 13 53 111 61 41 113 33 47 1 78 11 76 41 93 49 106 114 29 97 80 5 60 117 89 44 60 46 45
101 60 116 25 30 90 118 6 8 39 0 5 23 47 76 117 95 71 20 83 2 42 43 73 58 18 101 50 39 119 9 89 83 32 45 4 20 0 52 120 3 122 0 28 29 0 20 44 0 50 42 25 27 11 115 69 39 0 9 117 60 16 68 57 92 32 89 101 64 89 93 36 96 32 0 33 76 56 65 105 28 107 111 87 70 34 66 89 32 120 64 89 63 104 1 107 87 73 25 36
