100 100
25 21 40 120 114 68 88 30 12 109 29 66 12 1 42 10 50 90 59 116 23 13 22 115 117 53 114 0 58 54 83 87 121 21 7 110 36 120 76 17 107 73 74 18 118 106 78 83 29 104 49 82 14 78 51 65 84 3 71 118 65 108 93 88 71 121 87 7 34 12 71 108 87 25 57 111 6 114 117 29 113 30 86 61 31 74 23 0 7 53 4 70 71 64 71 61 119 55 0 84
34 60 48 89 17 19 35 119 80 0 11 0 36 12 106 79 72 89 0 0 75 117 72 102 76 79 0 32 117 26 8 122 0 96 15 94 93 0 73 64 0 21 41 65 97 74 55 117 0 115 122 13 72 63 98 20 38 71 121 82 92 38 30 72 0 76 37 118 39 65 56 47 119 31 38 94 7 115 104 71 69 18 110 23 93 0 101 47 55 24 17 44 96 21 122 101 31 69 103 60
92 59 33 35 18 123 56 0 58 112 57 76 81 63 104 14 123 74 82 60 33 51 51 46 55 21 96 56 103 26 97 95 60 68 42 44 101 124 97 0 23 44 71 0 110 100 102 38 60 119 57 84 62 93 71 49 115 125 34 84 82 2 10 114 16 17 101 109 44 72 8 62 55 88 33 85 37 58 62 15 42 14 30 117 66 124 44 17 48 35 99 98 56 9 90 109 43 97 36 11
76 29 121 112 83 96 56 34 120 116 125 5 83 44 90 63 118 16 1 94 1 90 34 55 23 123 63 37 93 53 113 12 82 68 109 107 76 74 65 30 83 81 15 70 109 35 2 57 84 10 96 89 110 62 71 0 16 74 73 47 13 37 0 72 121 14 106 125 33 7 31 66 6 85 59 24 29 10 81 12 122 52 64 55 2 5 94 34 15 52 110 124 105 79 55 5 66 13 116 59
61 76 32 67 89 104 91 14 18 0 23 96 115 89 0 0 33 45 88 0 86 76 40 117 64 0 13 51 100 0 62 98 49 90 114 4 12 18 3 0 26 88 48 94 53 73 0 106 83 0 0 0 8 18 0 7 95 106 114 122 68 55 0 61 100 109 39 56 113 86 90 41 104 27 88 82 75 91 75 21 99 0 111 88 0 14 87 86 0 46 52 97 84 47 116 0 123 7 76 48
22 26 102 53 14 119 77 34 83 64 50 87 86 6 98 72 37 40 83 55 54 27 49 68 73 66 13 8 110 110 63 63 63 112 60 13 98 108 123 60 43 103 39 84 7 122 47 8 10 89 27 58 107 20 18 116 124 21 0 19 107 38 46 54 77 113 30 59 59 27 79 62 11 8 8 95 49 103 101 60 53 11 124 122 61 99 48 49 125 124 121 38 113 35 72 0 31 122 49 75
40 99 116 67 81 88 110 71 84 49 68 79 31 91 39 47 89 1 77 74 0 5 85 7 119 89 45 97 68 34 32 76 33 97 31 50 52 114 15 110 79 90 68 27 20 125 104 31 38 60 0 0 63 109 96 85 17 28 23 21 58 97 20 8 21 59 90 11 107 42 62 100 58 72 16 86 108 110 115 39 112 36 91 55 45 99 29 58 117 114 63 6 46 6 47 21 53 83 19 37
75 0 47 93 80 59 62 20 113 96 113 122 55 20 103 47 112 0 0 120 43 106 27 49 75 26 61 78 55 45 37 91 94 53 16 73 72 18 30 41 44 80 80 103 17 71 0 66 111 12 21 83 76 82 100 27 52 29 106 0 41 119 34 8 106 103 16 27 54 98 0 52 62 83 33 97 37 101 52 111 21 33 25 37 52 106 91 12 8 65 27 83 36 15 44 22 39 50 71 87
92 7 115 8 33 83 88 78 56 101 28 58 120 48 96 29 117 74 16 0 124 40 89 48 82 46 77 94 97 84 109 35 114 24 73 103 123 101 30 70 60 85 11 63 118 22 103 53 82 97 10 10 69 66 2 40 0 36 5 66 82 60 9 115 118 110 97 62 116 65 27 82 53 74 87 51 43 24 90 100 37 33 56 100 123 29 32 57 65 23 19 2 20 41 10 28 81 105 53 79
49 19 0 22 9 45 0 7 0 38 103 106 44 37 70 49 109 97 76 0 96 111 113 76 111 69 0 0 38 52 42 99 37 71 48 59 0 123 0 31 0 94 108 0 34 0 110 53 71 32 0 75 1 7 124 105 0 0 0 78 28 69 117 122 120 121 112 109 0 61 0 124 11 115 47 80 42 59 4 74 18 65 66 45 0 55 113 76 73 30 59 20 54 50 106 106 118 78 32 0
104 31 99 101 87 4 75 63 5 65 7 68 7 38 51 41 32 0 0 0 25 9 92 66 31 56 113 14 40 86 124 111 16 124 67 72 46 0 0 14 87 111 80 113 41 23 0 87 114 119 0 5 7 111 12 37 111 89 103 98 57 62 123 91 1 17 59 0 40 49 104 107 9 103 101 22 18 0 33 72 30 55 35 0 13 6 1 27 115 33 80 80 58 68 123 109 106 0 125 14
58 47 48 13 14 6 118 81 50 49 115 52 33 24 5 56 117 110 122 93 56 53 55 92 8 107 5 17 95 0 67 118 88 44 116 98 60 119 88 73 103 38 36 77 13 85 85 85 40 77 91 9 40 25 0 23 105 41 101 8 57 121 119 96 54 96 113 2 95 60 97 75 62 62 53 51 63 58 122 78 47 109 102 41 15 49 60 16 102 112 15 44 2 4 96 107 111 22 46 88
74 121 58 16 123 40 50 0 10 36 88 7 88 0 78 116 83 14 112 50 89 36 0 28 116 66 39 48 91 75 111 98 19 0 3 98 95 16 101 33 72 123 48 14 100 106 61 81 53 118 28 112 18 0 44 108 118 116 30 0 60 68 43 34 88 110 24 73 51 88 45 0 91 108 112 95 17 69 0 101 9 87 84 88 36 24 56 122 87 108 95 77 45 97 73 0 26 7 97 6
120 113 82 18 106 25 34 38 60 84 95 8 0 116 1 81 109 122 117 48 0 59 125 45 82 106 4 76 30 80 41 83 8 54 95 65 3 96 29 74 119 49 5 16 80 124 108 27 20 20 0 59 22 45 114 38 0 42 3 121 56 45 70 24 112 10 90 19 26 99 0 112 75 51 38 75 41 51 95 65 70 29 36 43 114 61 77 65 73 107 74 23 66 91 70 103 21 41 112 68
14 32 10 107 31 76 20 87 48 63 21 8 124 26 17 0 80 0 80 22 44 58 86 58 124 84 118 35 3 105 0 0 20 109 43 8 100 39 83 47 75 31 76 92 84 77 69 48 47 80 44 0 116 86 83 58 24 6 22 17 51 30 0 105 0 41 68 25 92 22 63 107 86 0 98 86 2 40 88 125 70 0 49 115 26 103 0 29 89 35 125 0 36 53 0 46 23 8 119 42
0 77 114 99 28 33 123 0 62 2 48 75 85 96 43 0 0 51 4 57 18 90 31 25 22 66 30 103 93 64 121 25 17 57 112 87 66 98 85 15 95 40 101 0 101 8 50 121 81 23 97 0 37 25 55 0 1 59 0 44 0 2 103 64 81 0 0 54 91 21 62 0 123 10 92 53 0 65 31 25 0 48 0 18 6 72 83 46 0 103 90 0 0 111 67 64 98 67 27 17
59 91 103 97 0 0 68 63 0 97 60 3 101 31 71 120 0 89 98 0 117 1 115 86 78 75 69 85 20 65 116 79 0 40 111 7 119 82 0 30 73 15 0 0 82 28 73 26 80 40 77 99 55 123 52 0 0 100 116 122 42 94 61 23 113 0 70 61 62 0 45 0 76 0 26 45 28 0 98 2 85 112 0 123 102 77 97 46 87 23 62 31 48 104 57 0 18 0 108 112
119 69 13 51 109 48 7 87 6 35 113 121 102 108 116 71 17 53 114 95 77 82 89 61 86 46 22 21 30 26 11 43 68 93 122 121 37 62 109 21 103 29 44 37 64 123 22 50 95 56 31 4 123 95 69 83 42 65 61 62 22 2 4 55 82 41 95 43 27 124 84 122 93 33 53 15 97 0 2 45 97 10 0 78 65 89 27 91 0 97 70 32 27 92 54 79 118 5 105 44
23 63 91 74 40 19 92 84 38 42 98 8 103 24 17 15 83 83 115 20 113 64 46 29 104 71 111 87 72 86 102 85 121 59 22 87 67 12 2 8 15 23 94 39 79 56 68 115 124 67 77 116 62 1 74 72 118 34 18 105 14 19 41 111 66 52 64 39 5 125 69 33 96 123 0 102 111 11 82 51 120 124 122 33 110 66 56 62 71 19 99 86 40 2 64 53 81 49 38 70
110 80 44 95 82 1 95 33 70 79 44 82 39 37 57 21 92 26 45 31 50 119 20 8 33 22 3 71 56 58 62 93 29 118 74 40 24 83 100 116 93 122 0 32 6 69 10 108 35 18 37 17 38 50 6 21 116 65 36 102 31 24 95 92 91 19 29 84 4 56 29 119 66 44 38 123 44 13 9 43 71 75 65 103 78 40 1 64 20 60 40 108 1 8 13 14 99 34 37 2
23 125 39 38 86 109 54 75 120 22 45 94 81 46 20 114 52 82 80 22 116 74 88 69 44 20 120 7 3 78 72 58 0 88 103 83 77 115 124 0 105 99 108 107 121 50 49 117 40 102 70 15 50 16 67 83 48 102 59 8 30 88 16 58 39 122 64 112 118 49 12 103 87 115 86 94 67 122 62 101 69 125 52 47 5 85 28 112 6 103 0 84 97 0 6 67 21 76 29 17
10 17 0 124 89 80 63 14 111 123 24 123 76 59 5 88 110 37 43 74 88 54 19 122 2 80 25 19 22 102 14 102 80 82 11 2 14 22 14 86 30 33 50 30 36 47 100 9 93 79 1 10 31 25 49 113 102 52 17 40 34 80 75 51 43 34 64 111 124 23 11 9 5 106 21 86 123 0 110 1 10 38 85 94 92 54 41 73 75 66 48 14 14 14 34 95 25 9 68 1
4 114 14 106 112 122 99 16 4 48 14 40 62 9 102 22 111 19 103 9 96 29 99 74 14 111 74 57 32 85 80 94 100 25 31 91 39 84 81 113 56 111 36 6 93 92 74 111 0 61 93 30 53 63 1 91 62 118 50 37 100 3 106 32 81 98 6 18 42 21 13 84 99 77 100 33 9 86 59 116 71 113 51 0 115 63 42 0 38 6 0 15 83 0 3 100 114 49 0 93
92 43 54 76 11 92 82 125 111 59 76 25 52 76 66 28 102 81 17 82 43 79 22 7 84 15 45 1 54 8 9 38 22 92 17 89 118 73 92 94 60 116 78 87 47 53 98 36 49 69 36 10 122 87 29 46 115 74 113 120 115 26 99 77 123 13 0 18 49 109 90 98 60 3 118 21 122 113 111 58 34 29 110 0 117 86 20 15 32 95 19 102 98 60 28 80 115 121 115 114
124 15 97 71 111 100 124 0 86 0 94 89 91 80 26 45 99 50 29 38 94 14 17 39 10 16 29 88 18 63 54 2 47 24 77 106 0 7 101 0 107 65 54 73 92 50 103 65 36 49 0 95 57 0 37 0 98 39 99 2 18 0 94 0 88 2 78 89 91 13 101 39 110 0 33 52 84 90 0 26 45 0 100 53 122 122 35 96 17 57 67 0 67 102 82 0 114 0 76 122
38 0 97 1 60 67 29 80 80 62 88 10 34 36 109 48 27 60 57 89 36 121 18 58 116 81 59 39 95 37 77 57 109 99 0 4 31 54 60 33 53 117 32 45 63 0 64 12 54 102 121 48 0 104 11 125 36 41 7 89 117 37 0 33 3 88 84 16 92 109 66 0 32 26 96 66 53 0 106 111 68 17 10 44 122 52 34 79 95 17 66 98 65 92 115 80 98 13 48 27
23 48 25 0 9 77 4 60 73 64 49 25 61 89 64 60 22 102 106 21 90 125 85 35 9 51 14 96 80 115 51 84 124 2 119 25 15 86 124 4 99 41 36 73 33 6 99 101 125 114 106 81 77 68 32 74 94 46 61 72 0 43 43 118 39 41 105 67 110 18 5 91 124 121 79 13 49 11 104 34 29 122 60 95 76 47 61 38 74 10 90 84 41 14 76 65 13 14 66 17
25 43 53 79 23 26 118 62 105 30 35 81 21 44 42 61 99 36 79 67 98 1 6 54 4 89 25 16 17 99 125 98 2 84 47 100 14 121 45 107 104 111 11 75 72 39 97 118 46 60 116 0 89 89 19 23 107 24 75 109 101 87 115 74 47 4 10 62 0 47 108 0 37 38 95 106 7 71 41 28 104 114 0 108 25 18 8 88 83 30 58 34 99 58 44 114 92 100 15 0
16 39 122 16 92 37 30 24 86 107 74 24 25 91 22 86 122 11 84 85 31 37 65 26 100 33 21 3 106 114 94 75 47 94 39 44 87 3 77 17 0 81 0 21 103 3 0 1 78 55 109 49 18 106 112 54 86 52 109 44 44 89 119 17 94 12 33 77 113 21 25 110 116 34 40 23 0 125 89 59 20 30 109 117 67 52 112 70 6 9 27 118 68 117 117 64 8 106 1 33
29 29 6 48 34 111 0 14 99 1 84 85 17 38 54 3 60 67 68 113 51 85 51 47 98 117 110 29 12 74 11 55 55 63 65 21 115 33 55 0 31 123 13 38 70 92 67 10 51 4 65 1 110 0 121 22 74 99 125 47 98 0 51 2 100 42 55 0 27 110 17 122 37 56 100 16 101 6 36 0 0 70 0 10 46 41 52 91 93 4 3 92 123 35 77 85 125 80 125 66
87 88 123 48 19 90 39 20 0 103 52 52 99 39 47 32 121 100 10 43 72 33 7 11 35 114 44 64 42 102 93 83 93 118 73 96 118 48 19 83 19 5 59 80 41 13 45 46 115 37 124 108 123 87 73 36 91 89 100 97 10 78 116 110 76 111 38 100 67 16 42 15 30 8 22 111 31 89 88 73 61 47 79 102 8 57 109 46 78 105 69 74 121 41 124 20 20 44 9 63
49 88 68 120 114 35 26 76 39 81 30 66 31 92 98 27 123 38 37 55 89 24 7 100 102 32 89 22 26 77 54 26 35 53 58 50 21 109 18 85 121 116 1 2 26 22 103 85 37 45 62 57 47 111 73 46 67 85 42 26 58 82 15 7 83 26 69 5 23 63 77 0 93 90 32 102 27 34 113 87 29 115 108 29 124 26 42 30 102 89 54 96 51 57 103 27 81 30 76 98
15 112 80 61 65 10 41 118 56 15 100 117 73 74 54 34 88 124 38 77 100 7 69 92 23 85 106 66 22 124 23 112 9 28 99 21 115 35 39 81 26 43 32 120 87 87 12 115 47 111 75 81 13 59 81 5 52 78 77 22 75 14 12 97 73 28 121 65 23 46 56 79 19 0 80 42 82 53 64 81 120 56 36 57 14 37 5 76 92 73 18 68 117 83 107 69 118 31 47 68
106 94 11 113 0 72 47 79 0 95 47 105 41 81 47 107 35 90 67 110 118 83 61 98 66 81 101 113 38 11 64 38 45 4 20 118 35 7 22 51 74 61 68 4 2 63 0 101 33 118 0 32 1 18 38 14 19 26 29 111 78 57 70 45 120 122 0 82 21 67 17 22 124 12 66 75 102 34 4 96 49 20 85 102 65 17 91 29 29 111 92 97 120 11 0 90 107 50 59 120
94 61 0 22 5 14 105 22 118 23 24 35 47 114 118 64 52 90 62 12 72 5 65 36 100 42 69 90 18 57 91 44 80 84 79 123 15 119 21 59 58 30 118 13 35 92 116 124 112 93 40 119 69 47 17 42 12 72 21 112 5 80 117 79 59 96 23 25 77 39 106 79 48 46 13 71 105 45 81 122 34 104 35 11 78 86 56 96 15 39 23 66 84 6 20 107 96 120 50 33
35 10 62 19 56 67 20 112 62 9 12 118 117 0 53 2 4 70 0 0 46 97 4 100 15 102 97 112 56 42 75 62 84 0 27 0 58 42 108 120 124 46 103 104 80 1 60 2 68 0 18 0 0 25 22 114 42 19 32 42 0 93 82 10 17 42 0 57 116 22 102 53 109 79 119 108 73 48 18 79 51 39 19 36 0 34 68 0 52 32 109 1 51 8 125 44 94 34 122 11
69 63 82 79 83 104 7 12 7 0 0 57 88 119 26 108 11 82 99 35 77 53 0 11 8 98 77 0 80 0 0 102 67 52 51 0 0 92 111 0 1 0 0 46 57 104 75 97 2 41 42 50 32 125 113 114 37 50 18 70 61 66 41 49 79 0 94 0 114 0 31 97 95 121 118 0 121 32 23 18 0 53 34 66 113 1 15 45 24 108 64 0 125 98 117 4 66 0 0 102
43 0 0 22 58 1 30 40 82 0 47 106 98 0 72 80 39 19 1 34 22 40 119 22 29 105 78 4 31 40 34 1 33 75 14 115 111 55 118 65 90 12 30 71 89 21 116 37 110 0 74 16 81 0 16 26 77 19 27 102 4 68 101 49 0 41 100 23 46 92 3 49 28 116 123 10 110 122 10 87 36 125 111 97 43 15 67 22 57 75 12 47 20 109 17 69 101 107 8 122
14 56 2 57 39 0 31 0 4 48 112 3 86 7 71 110 124 11 96 112 40 9 49 107 112 13 22 42 107 74 80 54 109 14 99 122 105 17 0 0 105 51 101 123 70 0 37 0 51 122 73 22 71 123 71 23 55 77 0 37 20 0 58 85 95 30 117 30 107 108 103 69 0 74 3 80 64 100 93 65 0 112 41 43 59 114 0 0 118 0 0 0 22 25 108 123 11 45 27 88
117 60 78 14 20 97 46 68 0 36 37 12 9 96 11 92 39 40 112 57 119 64 0 7 120 118 84 10 52 14 15 92 11 74 2 113 91 112 8 62 71 32 42 5 119 49 58 30 96 80 100 43 70 0 4 32 68 105 0 83 50 90 86 0 50 25 59 125 20 18 4 0 37 77 65 0 81 113 18 26 83 50 18 87 45 45 107 1 41 10 85 72 115 7 54 17 97 43 112 60
121 5 21 33 2 21 86 0 48 0 98 15 105 88 101 28 19 12 26 0 117 55 117 108 45 61 0 26 58 38 47 79 120 83 24 4 69 44 0 57 124 31 47 0 60 78 44 0 108 98 0 98 55 103 73 48 114 118 0 101 8 64 109 34 75 28 0 44 76 9 71 15 52 75 0 116 66 61 77 75 123 58 5 79 44 120 31 118 94 72 89 120 0 15 0 61 59 41 0 51
106 79 33 112 53 72 0 87 36 33 25 59 52 66 41 32 28 73 14 93 73 12 48 6 33 55 121 106 48 125 7 93 55 31 64 37 88 17 16 14 87 53 82 52 31 122 99 42 33 35 5 56 101 55 7 91 110 8 12 98 43 121 19 49 50 33 74 1 123 98 125 117 10 110 53 78 110 71 33 43 15 32 73 115 84 10 31 3 59 43 42 16 12 8 75 100 51 27 30 125
100 24 92 90 0 37 42 107 5 121 3 60 73 70 34 21 94 122 113 109 31 61 81 38 13 67 81 77 17 68 107 0 121 75 27 34 52 73 60 25 0 117 0 110 108 38 102 94 20 74 40 15 0 58 31 42 62 30 25 118 15 56 36 16 0 86 34 0 106 97 24 9 92 115 27 49 59 120 0 68 93 51 10 10 50 53 1 62 24 96 50 54 86 26 67 82 47 38 86 80
74 101 13 6 9 48 55 119 45 60 68 72 111 95 0 45 103 18 108 29 81 64 108 7 29 92 28 125 56 52 7 94 49 83 2 123 95 45 102 74 60 0 14 8 2 39 68 48 90 98 16 40 115 90 109 14 122 110 76 29 96 8 119 58 55 5 50 4 78 43 104 90 3 62 32 49 76 0 0 111 35 45 68 123 78 58 78 110 34 71 9 72 0 120 96 121 102 24 62 75
72 0 74 117 14 28 91 98 70 30 20 118 56 2 14 9 11 28 12 119 110 51 76 84 5 97 93 21 100 113 77 88 25 113 50 84 75 69 123 109 57 51 10 42 30 105 50 10 45 41 116 97 21 30 85 82 78 15 66 58 122 17 26 10 78 108 35 7 90 63 47 40 77 106 58 12 63 77 106 49 69 41 67 89 41 116 111 77 36 115 59 120 30 123 45 25 102 58 95 64
113 28 77 72 69 59 39 27 71 0 93 74 21 115 98 57 78 69 10 92 58 68 73 40 123 33 100 0 42 10 80 58 78 89 2 41 71 4 94 71 36 63 78 83 10 58 112 115 98 108 45 27 3 18 82 32 25 110 66 78 64 40 41 44 93 112 84 78 36 97 86 90 28 43 16 87 86 96 26 26 39 3 71 123 60 80 22 60 48 24 77 69 72 85 50 79 114 98 113 52
0 106 57 62 0 120 86 84 99 23 71 39 109 23 21 46 102 15 119 113 63 75 46 14 4 41 77 113 114 45 88 50 30 111 18 63 6 103 13 94 24 122 0 0 121 70 105 86 109 94 87 120 21 105 15 50 117 44 12 110 61 3 92 67 63 64 49 80 98 108 0 69 76 11 114 110 85 32 69 41 118 13 47 36 45 83 110 7 118 63 60 70 103 97 69 55 8 41 40 114
107 115 29 24 111 58 120 0 26 3 5 82 5 105 7 125 27 34 120 24 113 89 42 23 67 23 96 3 104 19 90 67 118 48 42 19 72 80 35 114 112 97 119 64 79 102 19 19 98 89 104 58 53 51 84 54 70 102 6 50 6 86 101 101 116 3 85 120 53 14 122 56 54 12 48 35 72 73 43 61 53 72 26 16 97 60 125 69 1 100 23 84 68 57 68 52 40 106 82 9
30 48 65 44 55 104 117 34 100 80 95 22 91 48 100 55 124 14 107 1 43 75 97 75 5 115 90 77 69 22 4 14 124 112 0 111 79 2 114 56 61 110 80 28 61 28 52 85 5 38 63 25 68 58 97 0 66 107 48 120 19 97 23 88 125 20 110 113 122 50 121 23 86 3 116 72 30 123 65 76 33 14 101 125 6 87 23 100 5 112 108 60 52 118 31 43 2 122 4 25
104 91 79 2 115 53 13 79 105 5 101 78 20 115 42 39 45 19 118 22 101 122 97 17 118 41 124 116 11 18 29 47 110 56 92 40 110 118 49 27 25 75 121 59 50 61 56 45 117 62 24 91 57 55 82 75 112 4 11 91 0 100 46 113 105 10 44 62 87 0 51 41 66 87 2 16 63 78 22 98 91 109 24 122 106 13 59 35 17 75 59 39 97 51 81 98 108 30 4 116
80 23 109 63 116 97 6 22 38 79 104 104 0 6 27 87 26 108 124 107 67 70 64 59 0 13 50 0 102 44 92 1 0 53 0 23 76 17 65 61 82 23 46 6 20 116 0 113 114 107 0 116 18 23 118 103 113 3 51 56 105 80 0 5 71 109 1 0 53 78 116 53 11 25 74 105 5 0 109 0 81 18 99 13 72 87 99 69 4 37 59 70 115 94 34 0 0 9 0 12
45 59 68 104 105 89 40 0 18 2 94 27 35 115 102 27 34 63 1 60 124 120 114 46 16 75 100 73 105 0 108 53 0 64 112 33 100 112 81 43 19 86 52 39 109 64 77 119 106 54 101 37 79 20 17 91 44 125 112 46 87 16 38 88 12 25 124 123 26 20 38 19 113 122 81 4 117 17 55 28 123 9 48 34 50 22 117 60 7 1 3 77 91 12 14 18 100 0 51 97
54 65 111 113 83 64 92 103 107 29 59 29 19 82 109 0 84 54 87 70 117 2 111 0 42 2 23 84 55 22 9 29 113 83 87 0 67 93 64 111 34 87 86 1 11 43 0 101 23 0 15 35 0 9 69 8 0 36 8 111 73 87 34 64 58 111 0 71 104 47 84 0 45 0 35 110 40 117 6 19 72 100 63 69 85 85 82 103 14 20 34 61 87 60 20 15 0 81 124 86
40 44 32 59 85 17 62 124 49 25 90 73 52 87 19 74 19 30 16 38 110 17 117 19 101 49 100 96 21 31 98 89 4 16 97 46 14 12 44 37 19 35 56 1 51 23 6 6 6 52 4 30 66 29 29 18 52 73 124 83 69 56 118 16 112 124 72 38 44 19 16 84 80 25 58 105 34 86 54 101 4 95 46 7 107 4 101 2 41 32 1 79 87 94 0 26 76 104 2 124
100 76 77 1 37 18 0 98 92 13 112 37 95 30 2 31 40 81 46 0 96 60 84 50 43 24 66 91 25 122 68 56 37 66 91 59 0 41 108 39 31 21 77 27 38 80 13 18 2 119 121 0 86 105 30 49 18 9 29 65 77 65 83 34 32 98 113 35 0 84 103 101 16 32 112 22 104 55 66 29 110 34 103 117 1 91 98 103 97 98 75 110 37 89 85 115 45 98 3 49
4 66 31 13 0 44 125 12 1 9 95 52 77 21 90 20 13 41 4 121 86 18 63 112 122 42 103 85 96 79 125 124 80 23 103 121 112 32 59 29 84 116 51 38 45 123 0 97 0 34 27 1 0 115 74 69 21 119 46 47 102 99 23 113 33 86 54 0 52 34 52 40 123 49 59 52 111 25 52 119 103 27 95 9 56 102 81 11 45 55 72 102 42 20 97 43 67 38 6 125
58 73 62 84 105 115 24 121 72 125 0 31 80 72 96 113 0 121 109 38 70 37 54 88 43 41 28 47 11 38 108 86 46 47 116 113 96 28 28 77 18 92 118 12 54 14 97 48 75 54 78 43 48 72 25 6 30 70 31 9 34 0 123 8 110 59 22 34 89 72 0 120 108 38 53 123 19 50 83 88 80 63 98 117 113 5 113 2 8 55 53 32 23 110 93 61 78 15 116 73
55 78 112 64 108 31 112 78 18 42 0 9 61 32 0 26 35 72 37 89 55 111 16 38 125 62 73 24 81 27 30 37 115 73 41 117 123 23 41 0 5 71 88 113 56 94 35 76 37 70 60 29 50 108 59 21 115 121 44 93 60 31 56 25 11 115 87 78 26 101 111 12 66 79 119 125 35 93 122 56 118 4 3 10 4 52 53 53 32 12 37 121 70 104 71 37 84 40 59 19
0 94 105 77 23 15 70 7 27 77 55 102 97 98 75 81 98 124 59 16 49 91 72 29 68 96 77 109 0 106 73 33 82 3 102 107 25 34 101 6 3 75 70 0 20 22 68 101 99 0 31 34 93 27 44 15 33 46 62 16 108 60 0 91 44 57 0 114 38 55 124 64 17 83 42 29 72 124 76 71 98 101 2 48 70 117 30 34 52 34 58 88 0 84 2 21 16 18 15 101
70 69 39 93 73 81 55 99 114 73 117 7 58 0 4 96 57 0 0 103 40 5 75 10 11 117 33 0 92 19 121 114 0 0 10 47 1 93 48 25 81 60 35 101 78 10 32 36 42 109 14 0 0 75 121 83 22 34 3 43 124 18 88 103 20 12 123 0 43 93 101 125 44 112 109 0 74 15 43 7 7 61 18 36 79 51 109 102 56 87 101 31 103 7 13 10 91 113 10 114
47 49 57 119 3 18 23 20 12 39 70 23 50 14 83 3 30 0 9 39 31 72 20 109 74 107 12 0 106 111 27 40 48 52 44 48 45 111 47 125 64 29 5 97 27 2 75 117 9 115 39 119 106 8 33 81 45 105 91 30 103 1 12 76 70 11 109 103 115 15 117 94 78 85 1 82 111 27 71 77 124 66 51 7 115 111 34 60 42 23 74 82 56 0 106 73 53 108 113 106
82 33 104 49 34 100 74 103 0 46 11 91 101 2 117 89 122 57 108 42 26 14 28 54 98 20 57 6 109 22 91 46 16 6 95 0 101 84 114 103 96 36 44 3 121 22 71 43 21 61 54 119 119 37 64 37 23 39 73 47 58 35 59 32 103 66 64 124 81 39 27 17 5 69 14 65 4 50 107 41 20 29 100 104 31 38 26 110 43 86 118 29 84 20 121 106 95 58 95 21
21 78 36 104 88 1 75 0 9 79 27 87 52 76 120 2 81 50 96 0 61 110 91 87 72 16 102 84 44 70 58 65 96 107 13 16 0 0 66 114 63 4 86 0 110 48 91 72 76 101 59 38 74 122 57 54 117 94 93 91 111 121 99 62 50 87 115 62 0 0 34 114 33 16 94 64 110 29 24 14 5 75 5 107 8 109 30 0 27 99 22 34 63 6 61 40 61 118 115 3
98 103 47 4 117 98 30 103 101 49 1 119 40 42 39 103 74 7 45 47 103 81 41 66 50 19 1 54 23 123 71 2 101 114 0 13 107 0 13 48 26 68 16 103 21 81 16 105 105 75 98 106 41 97 72 63 8 0 55 108 115 31 120 0 28 14 7 83 104 9 108 84 30 92 78 0 0 101 111 83 108 99 97 34 51 105 50 58 36 79 10 103 113 41 17 23 92 0 18 29
30 113 50 70 57 88 109 98 48 28 0 19 26 20 110 49 84 13 120 26 47 0 33 119 46 57 104 0 101 26 12 27 8 70 35 61 9 7 114 80 98 43 102 94 30 0 76 105 49 113 38 122 72 103 19 9 99 39 73 97 123 47 72 19 108 70 68 0 64 105 46 79 36 1 121 0 3 0 114 84 109 74 0 123 103 54 91 40 79 112 0 54 18 75 78 97 20 75 18 0
84 6 0 17 11 65 61 20 4 44 16 24 58 102 116 76 0 27 76 6 22 104 42 1 98 125 123 64 22 89 16 17 113 13 74 72 26 122 97 124 52 107 100 18 78 92 95 23 23 93 70 12 117 5 28 86 100 105 39 125 107 102 38 16 29 72 108 64 92 0 70 95 112 125 5 16 36 68 61 8 3 17 123 25 26 95 104 103 22 116 21 68 80 63 113 24 78 83 101 92
45 72 7 31 37 69 84 112 119 107 103 0 0 72 79 35 114 100 64 37 101 93 62 95 16 76 15 81 58 29 57 83 122 7 35 97 104 115 44 87 91 106 27 24 123 122 59 114 90 15 63 59 104 120 42 109 66 92 36 38 39 111 16 113 105 92 114 77 53 0 115 36 123 119 61 61 5 17 64 121 57 92 0 44 64 49 37 15 62 101 117 69 123 123 0 0 78 125 77 45
33 73 32 72 28 64 92 50 14 116 94 96 72 108 60 20 27 85 79 103 92 101 82 107 118 61 121 50 44 65 92 108 50 119 95 64 61 74 29 76 72 80 58 99 65 14 44 83 32 111 105 110 107 69 70 33 99 112 104 96 106 43 113 93 114 37 21 81 60 82 90 89 54 13 35 16 71 110 54 43 105 119 85 33 38 57 0 84 37 8 0 27 22 49 22 79 122 41 29 120
0 95 44 42 115 33 123 78 92 124 100 35 7 92 47 70 122 22 75 11 86 8 118 61 96 79 19 115 49 12 96 28 46 116 42 82 76 70 40 54 78 8 15 41 93 52 19 110 105 1 115 119 31 12 112 50 106 81 44 40 51 28 85 100 44 6 92 27 104 22 84 7 63 38 78 8 20 16 43 122 6 77 118 25 1 48 45 123 120 84 91 103 72 74 4 88 94 57 96 123
38 59 115 2 118 118 46 99 59 82 97 33 1 53 20 64 30 64 29 81 115 16 109 103 40 95 15 29 123 52 118 75 48 57 70 85 116 73 19 84 85 64 80 71 109 59 91 83 114 60 16 30 14 64 4 89 8 60 0 2 116 71 37 122 9 16 109 46 94 26 115 97 27 120 14 16 67 31 39 15 86 103 2 76 104 15 86 28 25 39 88 21 80 110 47 18 24 100 3 11
41 91 4 2 32 108 46 43 10 121 44 53 68 39 50 29 0 0 76 109 120 124 102 51 105 10 29 27 112 27 30 7 63 120 112 124 62 73 10 94 18 0 45 17 0 1 76 102 109 25 77 5 20 69 0 89 21 41 11 65 65 30 39 0 31 103 56 65 48 50 31 88 16 21 20 14 2 81 112 90 33 124 107 105 19 2 56 9 28 0 110 105 31 0 125 9 1 19 116 76
55 75 92 20 36 113 58 2 78 33 102 68 76 42 97 73 97 79 81 2 61 44 99 35 114 100 62 51 75 79 61 46 44 41 65 60 63 78 34 98 31 8 122 105 13 94 65 0 103 0 58 23 120 84 87 99 11 0 23 121 9 43 76 88 57 81 71 106 122 31 50 75 110 0 22 18 34 14 22 82 0 67 26 119 30 35 112 13 37 108 18 76 85 5 16 104 98 30 10 61
76 106 89 89 43 0 25 0 50 0 57 101 0 22 4 124 55 56 25 26 26 98 0 61 1 72 56 0 0 107 8 118 83 23 28 79 60 78 112 37 0 46 103 66 101 93 79 125 0 18 24 81 101 13 0 22 55 113 71 94 8 37 30 5 65 0 88 113 26 89 21 49 101 67 0 124 80 0 39 79 9 86 47 21 51 56 8 76 12 98 0 60 57 41 34 55 0 22 43 0
76 18 111 33 0 90 4 114 69 125 15 15 23 87 87 104 26 67 82 103 83 46 27 34 86 112 99 85 50 66 24 23 106 44 8 58 38 33 3 20 41 93 124 45 21 0 18 84 75 97 58 48 57 16 38 34 56 65 85 10 36 37 26 82 23 48 39 3 57 111 92 16 112 122 114 104 0 92 108 95 75 27 90 83 84 16 96 104 12 111 36 85 70 58 28 83 110 105 44 83
36 28 67 54 43 81 34 63 87 29 56 72 63 42 82 36 29 111 0 19 37 33 112 104 117 24 45 39 3 106 98 82 71 103 73 41 15 76 59 37 122 112 44 99 76 113 62 102 51 52 113 86 120 49 17 50 43 72 0 8 60 88 93 99 101 98 97 13 99 37 109 110 1 23 37 3 96 17 39 44 115 0 125 19 58 64 33 80 99 112 107 117 8 21 100 42 92 94 83 39
92 77 87 9 12 48 69 106 19 58 23 89 58 13 25 123 64 52 24 114 34 91 63 44 124 124 84 2 23 34 8 30 85 18 75 51 40 71 38 110 120 50 69 63 64 72 30 49 55 122 60 73 40 95 42 31 7 76 96 103 105 79 99 0 50 66 110 56 11 41 38 110 1 61 1 112 123 33 121 58 21 113 43 116 77 123 21 79 123 11 114 101 92 59 52 94 2 76 47 123
79 24 75 101 60 96 33 65 104 17 46 107 31 97 17 71 55 105 31 29 34 71 10 118 22 16 24 44 85 102 54 18 121 77 83 99 64 26 56 97 82 11 2 65 29 15 125 18 17 50 9 6 5 117 46 14 97 30 122 97 43 112 71 23 21 112 64 58 114 17 85 73 123 111 33 12 74 34 123 48 120 0 29 19 29 0 43 54 20 111 20 102 6 98 117 28 12 78 88 49
15 76 3 82 69 119 109 23 43 104 75 90 104 69 99 92 69 56 39 34 48 31 68 28 70 18 121 10 111 125 118 48 0 121 121 59 18 8 80 94 16 27 6 118 118 88 123 41 98 1 23 58 80 67 114 70 23 101 121 115 47 49 25 61 47 57 96 76 42 27 19 78 81 45 47 91 57 10 45 85 31 22 118 55 69 1 0 107 90 76 42 120 69 36 65 53 29 89 8 117
0 79 10 17 109 0 43 77 96 49 0 62 20 121 81 114 121 20 23 110 24 106 23 4 76 36 48 102 71 38 8 0 49 43 113 94 60 12 109 0 78 119 16 119 34 32 59 32 100 3 80 47 35 69 21 68 21 0 103 114 55 51 16 18 35 29 2 78 73 87 56 44 50 83 111 1 12 116 17 65 124 114 50 15 38 0 16 49 106 68 115 10 31 78 124 57 95 39 75 32
15 101 42 83 102 64 72 17 51 0 85 20 93 16 19 101 29 88 56 85 88 76 0 20 40 13 54 22 110 103 54 65 48 110 120 37 24 40 85 101 24 100 45 93 18 83 119 110 33 88 35 81 2 0 17 8 67 114 35 43 37 115 63 0 95 71 92 0 109 86 70 16 28 40 18 31 6 71 48 22 19 15 99 103 7 48 9 47 57 36 107 43 31 14 100 15 38 90 15 112
96 0 44 113 102 0 0 0 21 75 92 49 22 0 23 21 116 94 0 93 70 24 35 117 3 42 19 99 34 0 0 81 22 20 22 64 0 58 25 104 0 68 121 120 25 119 38 87 74 24 111 95 103 0 5 110 72 67 0 115 0 0 90 19 0 72 42 0 28 76 0 6 38 27 25 55 61 59 99 9 82 0 60 0 57 24 8 61 0 2 120 0 115 73 115 0 95 81 20 73
76 47 72 105 41 73 41 45 41 87 104 84 97 87 86 36 75 8 29 116 32 12 72 56 17 36 35 5 113 89 77 110 90 5 79 67 87 35 76 12 32 119 62 20 93 116 66 77 72 103 86 23 95 1 38 105 125 0 68 40 3 47 120 5 107 60 91 12 32 72 75 17 69 49 9 96 46 81 68 59 121 102 77 0 55 86 12 20 9 28 114 89 113 123 50 20 32 82 59 110
100 63 118 65 12 107 110 88 86 75 121 40 32 63 120 98 3 19 114 23 54 100 27 18 3 106 121 32 88 43 86 28 95 110 35 25 48 73 103 28 42 50 12 20 82 38 99 58 0 59 43 12 18 31 45 50 70 44 36 71 64 6 12 65 2 29 110 5 60 43 110 117 93 57 71 66 12 91 88 17 116 102 104 27 18 110 17 78 86 102 69 10 1 1 82 113 0 80 46 49
77 79 0 29 114 59 55 116 104 66 59 99 97 51 115 88 98 104 68 112 96 0 94 110 106 106 26 15 113 83 88 72 116 32 98 124 15 26 5 113 10 74 25 31 101 41 30 17 120 96 76 28 116 125 81 86 103 68 50 117 0 58 45 101 27 83 25 102 83 115 97 13 49 78 124 75 114 56 96 8 24 3 58 122 89 113 92 78 22 45 21 27 37 40 71 4 18 115 77 60
120 95 0 65 71 116 13 0 0 74 28 5 59 0 100 101 31 72 85 90 5 118 76 14 26 60 32 40 37 56 13 42 0 25 23 0 87 52 0 95 96 58 108 75 9 80 0 0 69 2 8 92 0 3 60 122 103 12 107 13 1 39 117 74 8 105 125 46 22 100 19 71 71 29 96 19 108 106 2 60 17 82 113 107 23 7 0 124 82 82 33 0 0 79 122 66 45 84 64 100
49 35 110 18 15 81 120 35 107 56 62 26 115 66 123 46 59 99 57 21 97 102 40 53 60 117 41 105 0 91 53 18 66 0 93 32 10 82 102 64 75 38 0 42 20 75 24 30 48 84 20 3 53 26 97 30 19 1 0 14 117 5 27 9 39 106 74 64 32 93 12 8 108 110 48 41 77 44 124 90 116 79 0 41 43 51 96 83 8 69 0 52 116 41 42 19 97 82 23 40
100 81 78 70 93 22 58 80 108 68 44 63 18 44 0 87 22 15 119 1 46 105 118 67 102 25 35 72 21 56 104 72 14 5 9 88 33 99 10 36 74 123 62 5 88 46 98 121 120 30 121 57 98 110 97 17 77 3 73 37 103 82 43 57 112 29 86 38 71 107 77 62 4 33 11 93 7 64 94 69 25 27 24 32 53 4 16 22 25 83 76 80 42 13 77 4 78 121 10 36
101 50 106 58 118 31 63 94 22 54 41 107 79 64 37 0 0 125 32 4 94 123 118 55 36 50 90 61 82 90 62 0 74 120 83 93 115 34 60 83 47 88 74 32 0 64 33 118 33 105 117 86 7 7 47 44 9 93 96 121 104 70 121 84 4 13 122 94 50 24 81 20 45 49 92 91 56 109 85 37 85 8 79 67 70 82 6 97 43 114 44 7 36 102 11 42 108 18 67 91
121 3 121 72 44 88 64 91 84 95 85 44 112 108 80 79 67 30 111 49 121 115 115 47 56 4 122 46 35 66 61 51 116 5 48 74 92 33 64 84 76 14 36 56 97 16 26 120 47 39 12 105 39 117 93 88 115 76 83 117 7 6 20 83 75 48 27 12 67 77 50 85 100 70 109 109 0 113 91 45 7 8 104 92 11 0 35 15 11 89 106 111 64 94 39 75 15 12 100 75
123 44 38 0 79 86 29 0 86 59 111 0 73 0 90 103 37 44 93 23 97 35 61 70 0 31 91 28 0 42 0 114 101 68 85 111 9 53 35 119 20 118 8 56 47 2 0 15 33 57 118 101 27 80 34 101 0 0 15 33 104 99 11 15 4 26 64 106 67 89 117 54 119 80 69 100 74 0 47 0 95 0 0 85 20 102 48 105 0 61 30 50 89 104 59 51 73 120 0 71
7 102 32 113 10 103 106 56 102 22 73 54 0 66 109 101 69 95 10 29 36 32 56 58 0 19 125 26 26 121 46 51 18 0 41 13 15 71 15 99 15 18 43 56 49 17 79 26 28 50 115 90 30 11 27 109 94 34 15 109 27 31 3 24 65 92 121 6 61 7 0 59 42 28 47 114 92 27 81 10 21 9 86 101 25 67 33 82 112 113 82 25 72 105 23 2 55 46 65 87
0 32 85 2 111 110 70 64 51 82 120 90 86 34 121 4 98 77 120 38 38 79 52 91 74 14 8 103 56 100 106 13 37 92 33 19 109 17 75 5 42 7 122 9 61 70 99 88 47 9 44 92 70 121 70 52 59 78 50 39 55 79 107 108 27 55 113 42 62 10 23 22 96 19 116 49 101 40 16 107 77 76 18 58 38 77 70 29 13 77 67 60 8 120 54 119 37 89 3 105
45 118 107 60 70 20 13 105 91 48 60 40 46 89 21 53 0 51 116 118 56 79 120 52 75 15 84 24 62 48 28 74 35 77 74 108 7 41 119 36 38 21 13 45 88 124 91 90 35 22 91 0 103 96 13 64 103 100 41 54 25 72 37 51 96 117 46 16 2 100 77 61 70 107 104 25 25 55 111 121 10 24 51 61 25 58 107 105 93 34 55 52 79 54 0 102 71 2 68 13
68 71 0 44 70 65 31 110 110 34 120 72 0 49 41 29 14 69 26 30 13 97 33 50 113 47 101 106 51 123 68 49 84 51 103 12 124 51 92 107 33 121 94 55 30 33 114 15 45 31 78 9 97 47 101 114 64 78 119 52 43 61 67 75 91 101 11 102 15 52 26 112 115 108 39 17 90 68 94 84 53 54 32 108 113 81 24 81 43 56 61 32 118 49 66 9 105 15 93 65
61 27 24 4 86 101 25 59 27 124 1 99 33 32 74 98 35 0 101 24 77 95 87 56 51 117 50 18 17 37 39 0 91 79 56 14 20 0 33 46 0 0 55 30 91 107 92 10 6 67 110 65 69 43 115 81 83 80 102 113 72 42 107 65 85 49 66 13 124 1 45 77 102 79 83 32 55 47 11 42 112 118 118 100 91 6 52 22 104 34 44 0 74 56 100 112 0 22 56 111
57 88 88 46 107 115 27 23 0 36 57 17 14 114 122 52 50 44 31 82 79 98 3 8 0 108 81 30 16 71 113 53 58 69 117 49 17 123 54 19 6 75 14 39 77 117 67 39 42 90 92 74 63 106 111 7 83 40 9 103 75 7 18 16 26 59 37 68 30 121 23 21 5 85 123 0 98 0 13 121 90 40 1 63 55 30 0 37 40 75 96 68 29 51 101 110 83 91 8 63
0 37 102 55 56 33 57 20 123 19 19 39 122 9 68 67 122 46 57 92 84 87 17 73 92 0 25 51 102 70 100 54 120 104 124 15 0 117 3 35 82 23 82 58 59 73 0 111 26 114 117 90 80 21 0 32 30 9 76 124 3 96 62 55 9 32 94 55 91 90 13 107 7 0 112 10 96 97 0 88 88 3 15 107 0 102 57 62 19 62 55 53 10 78 82 0 101 92 32 103
24 59 6 57 25 7 16 26 15 57 14 0 1 67 59 89 6 52 25 87 88 78 57 48 2 114 6 34 108 75 31 59 90 72 114 42 116 113 8 41 76 17 85 92 62 35 40 81 58 118 40 46 125 24 34 119 14 0 47 73 28 0 61 74 76 52 87 46 117 25 50 58 64 109 43 50 83 76 39 6 44 24 119 121 3 85 123 46 110 99 12 77 103 110 7 79 73 123 114 32
50 5 0 17 49 9 65 47 38 75 0 64 91 46 115 51 70 121 51 103 71 106 43 44 22 9 47 26 2 119 99 53 38 23 21 37 72 18 68 90 6 32 70 119 67 58 69 66 120 15 39 102 94 11 96 42 68 61 2 74 78 24 111 83 63 60 13 3 31 48 125 122 39 28 14 96 106 2 46 21 14 30 18 35 4 118 22 103 55 122 85 103 84 3 26 35 121 103 23 33
107 117 10 19 73 62 0 0 47 27 28 117 110 21 22 115 43 47 116 0 120 49 92 59 121 5 88 33 109 76 86 85 121 0 71 113 30 24 113 72 45 78 55 87 26 0 87 0 67 58 24 6 63 19 1 86 63 122 66 54 87 35 44 116 74 125 19 68 66 4 0 58 50 59 26 60 11 83 72 99 65 0 0 59 108 0 84 54 75 119 56 107 110 47 10 40 100 85 97 123
