15 30
27 0 4 31 0 18 34 0 64 9 34 4 0 5 0 13 52 50 27 62 25 28 35 1 37 22 27 30 10 22
48 48 0 11 43 53 52 6 28 32 67 42 68 39 70 46 75 24 1 57 20 45 56 1 15 66 29 3 48 16
0 65 3 37 74 67 4 28 54 13 1 36 72 35 14 28 13 6 33 72 14 70 0 63 37 67 68 7 36 41
0 0 15 64 0 6 34 64 47 3 38 67 71 42 19 62 30 0 52 22 2 13 17 38 17 53 28 69 53 60
12 68 23 72 63 62 17 11 45 49 54 4 48 14 42 33 5 25 71 9 0 32 7 6 45 38 14 9 2 38
52 52 15 45 21 26 37 18 41 52 48 69 32 64 13 1 43 55 70 66 49 65 64 73 22 51 0 9 7 65
22 63 9 37 33 31 49 48 13 31 5 24 8 61 71 66 5 28 16 13 63 0 62 63 38 69 45 49 7 22
0 19 45 71 15 28 12 35 52 32 18 51 28 4 42 24 18 74 53 0 54 31 54 52 54 57 60 66 2 23
6 26 18 40 0 65 61 40 59 26 22 60 4 20 24 0 65 36 60 73 25 0 26 60 56 29 53 21 18 71
61 16 41 50 26 3 42 72 62 67 34 19 56 46 14 61 40 65 53 45 50 0 19 2 41 73 6 67 67 30
44 12 29 59 72 58 51 68 74 47 68 34 27 15 47 69 69 70 40 27 75 14 0 37 38 35 31 59 20 61
9 51 48 33 69 63 37 49 43 27 67 0 59 28 63 46 5 0 19 36 52 63 21 29 63 48 6 63 56 66
0 26 10 69 43 6 33 66 55 8 35 4 7 53 14 58 52 28 6 70 71 37 25 60 65 44 4 13 15 40
26 61 11 74 28 72 11 4 66 59 20 72 59 69 55 21 0 38 74 43 45 1 44 33 45 71 7 73 29 46
8 31 61 8 73 39 23 68 55 9 66 71 14 10 30 70 58 64 61 64 67 30 51 44 34 62 0 52 40 32
