0 669
1 657
2 648
3 622
4 620
5 614
6 601
7 580
8 572
10 557
11 550
12 531
13 528
14 508
19 494
20 490
21 478
22 477
23 469
24 457
25 451
26 422
27 394
28 393
29 391
30 388
31 376
33 368
35 363
36 362
38 358
40 348
43 345
45 334
47 332
48 331
49 316
53 302
58 298
59 296
61 282
63 274
67 265
76 244
87 239
93 228
98 224
100 211
102 210
104 195
113 184
117 181
121 175
133 172
134 164
136 161
137 158
141 156
142 149
146 145
147 128
151 126
157 119
165 118
166 115
167 110
168 102
179 94
181 92
183 90
188 80
189 79
192 75
196 72
201 70
203 68
211 67
212 56
216 54
223 51
225 49
227 47
232 40
235 36
239 34
241 30
245 29
248 24
255 23
257 21
262 17
264 15
266 13
272 11
275 9
278 8
280 6
282 5
286 1
295 0
