0 461
1 458
2 456
3 451
4 449
5 447
6 443
7 441
8 438
10 436
11 433
12 430
13 427
14 424
17 423
22 422
23 419
25 417
28 410
36 409
38 404
43 394
47 391
54 390
59 382
65 375
76 363
88 358
96 356
97 350
116 339
123 332
132 323
144 320
154 314
159 312
162 290
194 277
196 263
214 262
218 241
230 235
246 232
252 230
258 202
289 197
295 195
301 167
321 156
358 154
364 147
367 140
372 139
377 113
420 104
456 97
460 96
463 77
491 73
501 67
521 64
532 59
548 54
551 45
564 42
573 35
605 33
628 26
663 22
679 21
692 18
701 11
733 9
753 6
756 2
784 1
823 0
